input1;input2;target
4414;9628;14042
6639;3626;10265
436;5954;6390
952;1718;2670
6704;7714;14418
3846;3434;7280
7619;8610;16229
198;2873;3071
7518;7380;14898
3093;2821;5914
7169;9030;16199
1594;8241;9835
4481;2280;6761
5501;9648;15149
2888;8532;11420
3814;746;4560
3426;4095;7521
9856;9771;19627
2687;8855;11542
5525;9656;15181
1719;1987;3706
9346;8790;18136
1141;1951;3092
8448;9842;18290
531;1195;1726
4156;7884;12040
3843;1726;5569
3817;4879;8696
1202;4953;6155
2606;2354;4960
6285;2758;9043
7169;1435;8604
8310;7513;15823
1202;1769;2971
6496;404;6900
6520;166;6686
5349;3276;8625
337;9408;9745
9626;5815;15441
8930;5747;14677
1349;513;1862
7312;649;7961
1878;8024;9902
2358;5856;8214
8300;2804;11104
8778;5364;14142
6168;1758;7926
4699;8043;12742
4910;5082;9992
9685;4917;14602
6370;2541;8911
3069;3029;6098
2713;483;3196
721;840;1561
4695;7682;12377
8935;4027;12962
1051;8416;9467
1254;2962;4216
9727;2945;12672
9361;7438;16799
3938;6677;10615
7528;2208;9736
6764;670;7434
3934;8108;12042
6192;1110;7302
8915;8360;17275
5121;6148;11269
6811;2306;9117
3397;1697;5094
6527;5194;11721
686;8381;9067
5661;3241;8902
9868;3581;13449
1944;4803;6747
8150;849;8999
4425;592;5017
7086;7106;14192
1255;1586;2841
4091;3603;7694
1395;9443;10838
9143;518;9661
3311;651;3962
5138;8387;13525
2258;4432;6690
9331;6210;15541
1512;8186;9698
463;819;1282
6150;456;6606
3098;2654;5752
5094;5647;10741
7916;4228;12144
6212;3482;9694
333;7589;7922
1732;3906;5638
4618;491;5109
4817;1299;6116
6001;8446;14447
9939;5290;15229
2678;3724;6402
9101;1482;10583
65;762;827
1066;2026;3092
6814;2317;9131
2748;1870;4618
3870;4283;8153
8400;2394;10794
4749;4510;9259
1722;9735;11457
9127;3017;12144
8940;6739;15679
3409;8120;11529
2517;6928;9445
3209;401;3610
9182;1422;10604
7465;347;7812
9733;4036;13769
7026;9438;16464
3325;2183;5508
7321;3963;11284
1907;4239;6146
9986;2249;12235
42;9414;9456
8520;9042;17562
1952;2231;4183
886;70;956
9235;214;9449
2751;7547;10298
2892;7258;10150
3776;9353;13129
1310;8251;9561
7032;773;7805
6272;4946;11218
955;6775;7730
9065;398;9463
38;5749;5787
7920;9172;17092
1715;1984;3699
8043;9326;17369
7542;2021;9563
5350;7566;12916
5278;3181;8459
2948;9775;12723
2064;2186;4250
6943;7280;14223
7378;2295;9673
6438;3520;9958
3999;6182;10181
8832;7574;16406
8078;6207;14285
4320;6733;11053
8071;9550;17621
157;3221;3378
8354;8890;17244
4723;7879;12602
1880;7847;9727
2080;8033;10113
3254;8126;11380
4024;808;4832
1797;7078;8875
3237;3343;6580
1378;683;2061
3532;6072;9604
177;4687;4864
8026;6064;14090
9981;2932;12913
1941;990;2931
6210;3855;10065
4749;6309;11058
7456;177;7633
1662;5044;6706
2421;2194;4615
9234;2214;11448
1746;1134;2880
1900;1818;3718
98;8822;8920
7847;7963;15810
6363;4245;10608
7450;2115;9565
4566;1163;5729
6634;7555;14189
7718;7029;14747
2980;1918;4898
8908;2751;11659
840;9239;10079
1060;73;1133
9600;5672;15272
745;4221;4966
7174;4158;11332
9657;328;9985
1252;116;1368
1218;6947;8165
1887;201;2088
6535;4627;11162
6866;5912;12778
4615;3134;7749
8302;5306;13608
3235;7995;11230
2768;5304;8072
4603;688;5291
8269;102;8371
6558;6084;12642
6687;4855;11542
8641;9965;18606
8615;1110;9725
9203;7751;16954
5743;1070;6813
4918;2215;7133
8705;3381;12086
7778;8609;16387
8422;6666;15088
6549;1296;7845
3218;6251;9469
9155;4401;13556
1500;3163;4663
853;7509;8362
5201;4223;9424
7956;8;7964
2218;5062;7280
3174;3748;6922
8298;2780;11078
4982;9740;14722
4848;9408;14256
6440;6430;12870
8745;6934;15679
7005;2011;9016
8108;7701;15809
9473;1481;10954
7778;3334;11112
4476;1964;6440
2799;7890;10689
6645;6418;13063
6454;7260;13714
4147;1923;6070
1731;3600;5331
1213;6902;8115
1941;3059;5000
6110;1455;7565
1724;9320;11044
7842;3026;10868
7553;9740;17293
7091;4512;11603
6664;5158;11822
5803;7916;13719
7311;4583;11894
1117;1945;3062
9101;650;9751
3536;4573;8109
9162;2951;12113
881;9554;10435
8387;935;9322
1261;8694;9955
69;2419;2488
8477;7528;16005
6796;9690;16486
5443;7898;13341
6483;3299;9782
4576;2225;6801
3746;7580;11326
4283;3773;8056
9011;7012;16023
9658;2765;12423
3264;7057;10321
9861;3684;13545
5786;5916;11702
8239;3960;12199
1477;4902;6379
9930;4212;14142
6528;8068;14596
7403;4606;12009
8690;960;9650
4080;7498;11578
3657;3250;6907
4615;8299;12914
1383;7062;8445
8606;4978;13584
6192;9632;15824
2161;3546;5707
3054;454;3508
6408;3858;10266
4799;8734;13533
5372;7524;12896
8203;9090;17293
9163;5299;14462
9483;2441;11924
751;8009;8760
4308;5762;10070
268;963;1231
1795;1691;3486
4855;3133;7988
3999;4077;8076
9983;6859;16842
3456;4567;8023
492;9203;9695
6201;4030;10231
7884;8513;16397
8451;5986;14437
6197;9834;16031
6024;5394;11418
7900;5667;13567
1976;9857;11833
8556;2104;10660
7857;2169;10026
9048;6450;15498
1975;2845;4820
3500;906;4406
3934;3968;7902
1704;3197;4901
772;839;1611
1435;8970;10405
2502;5157;7659
1691;4617;6308
227;4519;4746
7854;5303;13157
8620;1527;10147
4668;5405;10073
8241;3108;11349
2816;5696;8512
6409;2661;9070
3799;9838;13637
7067;3807;10874
887;684;1571
5228;5162;10390
9818;9228;19046
946;120;1066
7887;872;8759
8849;5470;14319
3100;6116;9216
6224;5667;11891
6010;2266;8276
9052;4219;13271
9058;7498;16556
1253;4711;5964
1285;3170;4455
2744;7962;10706
6673;4704;11377
1160;3044;4204
6512;3318;9830
8548;2180;10728
1281;1793;3074
9360;8291;17651
10000;3461;13461
3705;5238;8943
6963;2491;9454
5181;9687;14868
6624;9328;15952
6746;5205;11951
5608;8014;13622
3037;7365;10402
9746;4203;13949
2567;9330;11897
6180;7618;13798
7960;2052;10012
3538;9256;12794
2386;6341;8727
4253;9357;13610
4263;7903;12166
3515;5044;8559
4840;2812;7652
3315;3142;6457
5472;3583;9055
7840;3629;11469
2126;8962;11088
2628;32;2660
8962;8611;17573
6651;1163;7814
2445;7337;9782
4830;2567;7397
1952;9403;11355
1596;2567;4163
4911;1359;6270
5381;3442;8823
127;6770;6897
7152;4706;11858
5168;4552;9720
6598;1038;7636
3528;9173;12701
6536;2089;8625
7464;4488;11952
365;8475;8840
828;8555;9383
9282;198;9480
9924;3340;13264
8334;395;8729
573;6744;7317
2567;5971;8538
4146;8363;12509
3744;3203;6947
9105;3299;12404
9412;6461;15873
3214;6707;9921
7672;4899;12571
265;4717;4982
4572;8634;13206
5224;3119;8343
4096;6356;10452
8152;465;8617
3244;5319;8563
9928;7927;17855
3674;1780;5454
5913;5492;11405
7698;3356;11054
9949;1974;11923
9351;1030;10381
8620;2025;10645
5239;7456;12695
3765;7660;11425
322;7591;7913
9615;4282;13897
5197;5201;10398
2094;7500;9594
3999;7217;11216
8407;4183;12590
1715;8517;10232
9583;3417;13000
6234;6099;12333
7468;2651;10119
4911;4927;9838
3511;2509;6020
436;1998;2434
3413;8726;12139
8169;88;8257
7955;535;8490
9179;4369;13548
9682;1611;11293
2033;2668;4701
2227;9030;11257
2461;3346;5807
7982;8812;16794
1908;3790;5698
5070;4082;9152
5116;5676;10792
9894;7385;17279
5655;7312;12967
5531;9679;15210
3616;5554;9170
8919;4969;13888
2301;1653;3954
3075;5756;8831
661;1985;2646
7775;447;8222
9229;7703;16932
7085;9023;16108
4394;3189;7583
9565;9332;18897
8709;9757;18466
4582;7149;11731
5860;7733;13593
2994;473;3467
1547;7279;8826
9734;7823;17557
8183;8749;16932
9324;2063;11387
4850;6717;11567
850;8025;8875
4224;8415;12639
6577;9638;16215
4703;3998;8701
5013;3485;8498
4425;5319;9744
7480;3066;10546
8423;1426;9849
8951;8576;17527
8823;8406;17229
7174;1258;8432
7399;2410;9809
9266;4987;14253
8877;8858;17735
8419;7696;16115
8751;8756;17507
6090;7326;13416
1554;4275;5829
465;6389;6854
1547;6809;8356
4393;148;4541
3202;8038;11240
1901;2321;4222
4533;3828;8361
4248;1778;6026
8350;9663;18013
9161;8256;17417
2357;9656;12013
4610;3433;8043
5215;5751;10966
3258;478;3736
4035;7848;11883
7414;5644;13058
4997;5029;10026
1683;654;2337
3804;1510;5314
9757;5400;15157
490;6667;7157
8670;4055;12725
7859;6478;14337
6438;803;7241
3152;1859;5011
703;5629;6332
1601;2968;4569
1061;7468;8529
116;4036;4152
4657;7132;11789
9497;2850;12347
9794;8417;18211
7474;9947;17421
77;1506;1583
4622;5719;10341
9374;6607;15981
8688;628;9316
8094;5642;13736
1495;7539;9034
4474;1961;6435
8874;1933;10807
6208;2878;9086
3535;5283;8818
647;6000;6647
45;7636;7681
7914;3043;10957
1672;2414;4086
2821;9024;11845
2299;8476;10775
8259;8482;16741
7328;4034;11362
2766;9538;12304
9381;8782;18163
802;9096;9898
4086;2372;6458
8957;7719;16676
9581;5960;15541
3330;8805;12135
8139;3453;11592
6244;9552;15796
5704;3498;9202
9638;7979;17617
3449;5955;9404
9717;3429;13146
3634;334;3968
5107;3607;8714
327;2130;2457
219;9206;9425
7444;3433;10877
7478;9423;16901
3330;838;4168
1904;3613;5517
8108;5876;13984
6663;7981;14644
3999;3482;7481
516;7086;7602
6423;7993;14416
3480;352;3832
2726;166;2892
7707;3838;11545
2428;452;2880
1910;1489;3399
8192;8070;16262
4846;2160;7006
7873;3293;11166
6609;8450;15059
7865;5527;13392
3066;3456;6522
3225;5341;8566
8448;4947;13395
1960;7600;9560
8991;9865;18856
9800;4777;14577
8150;2952;11102
4110;4114;8224
3830;4952;8782
3598;1729;5327
792;6521;7313
5748;4738;10486
9653;5707;15360
7912;4566;12478
3561;2726;6287
6721;9297;16018
1425;1554;2979
278;8494;8772
9987;4024;14011
9919;123;10042
5183;4863;10046
9150;6011;15161
9546;1652;11198
8281;6738;15019
853;3878;4731
1139;3568;4707
9943;6563;16506
5511;6328;11839
3204;784;3988
735;7525;8260
7753;3179;10932
4972;7192;12164
8604;6043;14647
3072;5100;8172
618;9776;10394
330;4706;5036
269;4640;4909
1634;157;1791
8376;112;8488
7648;941;8589
2991;6679;9670
3074;1832;4906
5650;6175;11825
4677;8582;13259
922;8391;9313
1749;333;2082
8610;7314;15924
7050;2623;9673
6363;2790;9153
9979;9485;19464
9612;8497;18109
6715;1063;7778
3367;3982;7349
2183;1250;3433
4744;2008;6752
8759;4048;12807
2266;9781;12047
7869;4398;12267
5570;6111;11681
404;752;1156
7637;7394;15031
9600;4156;13756
56;4040;4096
3177;6639;9816
2252;8058;10310
9276;1206;10482
145;7459;7604
362;131;493
8742;4435;13177
570;8713;9283
9825;5707;15532
473;59;532
6210;1712;7922
7562;3432;10994
7358;11;7369
7805;4329;12134
3341;7785;11126
9597;3806;13403
9482;1483;10965
6614;1476;8090
6877;5836;12713
3223;1304;4527
4974;9163;14137
4835;8510;13345
4249;8887;13136
9460;3792;13252
1192;3840;5032
8855;7216;16071
4377;7017;11394
1697;9563;11260
4915;6492;11407
3756;7563;11319
4477;7727;12204
2097;5553;7650
934;6156;7090
2071;6590;8661
5809;4631;10440
2280;3323;5603
3710;4479;8189
1794;571;2365
2211;5247;7458
5003;999;6002
9762;1386;11148
6020;3122;9142
7457;5885;13342
7683;6545;14228
7962;2999;10961
863;6521;7384
2237;119;2356
1336;4706;6042
1100;20;1120
5415;3466;8881
2596;7;2603
8826;518;9344
618;8002;8620
7675;8882;16557
7139;9913;17052
6019;5591;11610
9987;3259;13246
695;321;1016
1604;7095;8699
9242;5357;14599
8780;9130;17910
27;7217;7244
3733;5391;9124
5228;8229;13457
3686;4586;8272
6586;2329;8915
3195;6774;9969
6395;4387;10782
6053;4316;10369
4097;5962;10059
7765;7126;14891
1817;6781;8598
2365;910;3275
5248;5833;11081
4904;9147;14051
2968;7960;10928
229;7499;7728
92;9681;9773
3504;8964;12468
4909;4296;9205
7805;8588;16393
4780;566;5346
7791;5893;13684
1441;2054;3495
9692;8143;17835
9822;1666;11488
4534;2290;6824
4301;6307;10608
5784;814;6598
1091;2803;3894
8847;7023;15870
152;7967;8119
7336;4017;11353
8111;9751;17862
8858;9946;18804
4161;6110;10271
5567;9602;15169
4758;6977;11735
2224;3007;5231
4393;90;4483
8725;333;9058
2530;1814;4344
1547;7561;9108
6943;104;7047
1586;5884;7470
6866;6425;13291
3749;6999;10748
3438;8735;12173
1367;3105;4472
5597;2450;8047
652;5615;6267
4603;4356;8959
9159;7342;16501
1067;7586;8653
2276;1475;3751
5542;966;6508
8707;5168;13875
9191;7945;17136
3982;8249;12231
4382;8404;12786
5635;5720;11355
774;1214;1988
2763;3780;6543
8244;2716;10960
7270;2685;9955
2838;4876;7714
8238;6442;14680
2871;9256;12127
2736;8471;11207
354;9017;9371
9918;8679;18597
4791;2085;6876
447;5489;5936
3514;6193;9707
3508;2372;5880
2770;7533;10303
8930;1466;10396
9928;4858;14786
7316;8035;15351
8165;6950;15115
8596;1701;10297
6910;3197;10107
5339;2648;7987
4026;6255;10281
3358;9808;13166
8493;1379;9872
6482;1133;7615
8353;8771;17124
937;1742;2679
4232;5282;9514
4547;7083;11630
109;5960;6069
2692;24;2716
9818;7670;17488
42;3552;3594
7801;6761;14562
3876;5290;9166
8872;4296;13168
5008;3422;8430
8424;7592;16016
4161;2485;6646
7856;2073;9929
8951;4877;13828
3130;5929;9059
2373;7757;10130
6827;2306;9133
6551;6555;13106
224;8863;9087
1487;2122;3609
2921;1389;4310
8477;1433;9910
6757;9053;15810
8431;7519;15950
867;4009;4876
8822;9294;18116
1307;7647;8954
7164;228;7392
4164;4513;8677
163;532;695
647;4888;5535
4741;4222;8963
2871;4802;7673
8238;4572;12810
8154;9444;17598
4492;2959;7451
6821;609;7430
571;9205;9776
7619;2295;9914
8143;7820;15963
6975;4384;11359
9420;1977;11397
723;8409;9132
4495;6233;10728
3177;9783;12960
1811;9649;11460
5440;1913;7353
1247;1092;2339
5496;5835;11331
9841;3989;13830
3308;4753;8061
762;3620;4382
7430;5271;12701
3659;5526;9185
6866;3942;10808
7539;5590;13129
4290;1374;5664
9713;8209;17922
7393;3729;11122
2729;4014;6743
7055;12;7067
8561;7286;15847
4839;4583;9422
3051;8728;11779
1801;9509;11310
7380;8805;16185
3773;2244;6017
5191;6305;11496
3762;4615;8377
5286;1877;7163
4827;9154;13981
7066;7160;14226
5269;3648;8917
9005;4270;13275
9434;7671;17105
2526;8253;10779
375;5332;5707
6544;642;7186
1719;825;2544
6223;8843;15066
4149;7436;11585
5571;7340;12911
3870;2809;6679
118;2485;2603
5686;5226;10912
7484;8722;16206
3634;1773;5407
6017;5298;11315
7198;4224;11422
4752;746;5498
6135;6940;13075
4584;823;5407
5242;2754;7996
9062;8786;17848
153;6944;7097
7894;4475;12369
1941;6295;8236
5291;3882;9173
8366;1471;9837
7546;5091;12637
8547;5784;14331
5539;1871;7410
4270;8142;12412
1970;4210;6180
4158;1742;5900
3620;8642;12262
7430;4521;11951
942;2641;3583
6980;1327;8307
8780;2413;11193
1394;88;1482
3447;6540;9987
6494;6244;12738
864;9644;10508
7290;9744;17034
979;6210;7189
2951;8079;11030
3433;382;3815
8598;2561;11159
6506;5658;12164
3707;1701;5408
9934;6981;16915
8715;1725;10440
6579;2926;9505
17;184;201
2725;288;3013
9585;3033;12618
4468;8919;13387
4512;3139;7651
2237;6857;9094
8917;3887;12804
4039;6401;10440
6044;1597;7641
7145;1229;8374
6089;460;6549
5270;8966;14236
814;2194;3008
6783;4054;10837
537;7079;7616
8528;2161;10689
274;6908;7182
248;2514;2762
1342;9279;10621
222;3835;4057
4644;9713;14357
2541;2582;5123
6284;2290;8574
8245;7743;15988
2220;4678;6898
6654;2338;8992
8637;8918;17555
6306;750;7056
6947;2985;9932
9884;8933;18817
2491;737;3228
2091;9786;11877
3126;2242;5368
6705;5531;12236
1381;7761;9142
93;8230;8323
3137;6918;10055
2451;4984;7435
4560;5399;9959
8927;22;8949
4404;184;4588
901;6482;7383
3429;3046;6475
2111;5708;7819
3272;7520;10792
3067;7059;10126
2142;2639;4781
1108;2687;3795
1884;4251;6135
2030;2492;4522
7749;3220;10969
6496;9856;16352
478;46;524
841;2340;3181
8244;6790;15034
1231;9609;10840
3426;9499;12925
6776;6060;12836
9154;7786;16940
3255;9970;13225
3783;3928;7711
4815;4335;9150
6014;6868;12882
4045;3075;7120
2050;2888;4938
7700;7125;14825
1699;9844;11543
1419;1109;2528
3273;1012;4285
5311;7848;13159
4971;2002;6973
7734;6038;13772
6425;5415;11840
69;6942;7011
207;3006;3213
1948;263;2211
7901;5053;12954
3549;7845;11394
4586;181;4767
4270;8883;13153
3391;6730;10121
9128;1548;10676
5241;588;5829
8109;7374;15483
3059;513;3572
3026;3753;6779
1297;8204;9501
9131;1595;10726
7333;3938;11271
8282;615;8897
1345;4325;5670
2477;6354;8831
9832;2679;12511
5809;523;6332
6016;3310;9326
2134;602;2736
2172;4622;6794
4380;8368;12748
8937;82;9019
3689;1497;5186
8908;275;9183
942;262;1204
840;2855;3695
2347;7123;9470
4128;5129;9257
264;1456;1720
3827;8134;11961
6565;5907;12472
8270;7345;15615
8434;1163;9597
8293;5497;13790
3602;8055;11657
4285;349;4634
7617;6603;14220
7439;4536;11975
8646;6928;15574
3350;1911;5261
3529;7381;10910
2367;2931;5298
6574;7621;14195
1783;2824;4607
4960;5219;10179
5461;6271;11732
5993;7157;13150
156;4632;4788
5514;898;6412
2355;9311;11666
4359;8247;12606
9255;2099;11354
759;3697;4456
4699;9045;13744
4508;1120;5628
9366;2223;11589
8722;9401;18123
1933;5367;7300
4551;7400;11951
3852;5450;9302
9917;2554;12471
331;1985;2316
9845;3866;13711
8284;2080;10364
8724;1087;9811
5690;9563;15253
1809;9563;11372
9064;961;10025
7128;3087;10215
1570;9357;10927
721;4885;5606
4936;4688;9624
6425;4860;11285
6029;3213;9242
1383;4305;5688
1427;8227;9654
2636;963;3599
6259;1527;7786
6060;3702;9762
8783;7578;16361
8395;9876;18271
4487;5508;9995
3138;3919;7057
5810;3825;9635
1172;5481;6653
1173;2;1175
2704;3734;6438
3712;4525;8237
2375;9908;12283
9383;1207;10590
5914;9163;15077
4438;6013;10451
3047;4679;7726
1169;5902;7071
9475;3850;13325
1204;8570;9774
7130;7802;14932
165;2364;2529
5264;4;5268
7372;7778;15150
9633;7323;16956
2823;8290;11113
982;2679;3661
2446;5821;8267
9416;8686;18102
5348;8280;13628
840;9264;10104
5286;3230;8516
2859;7177;10036
4344;5448;9792
6592;1417;8009
6104;6989;13093
6650;888;7538
649;8399;9048
5443;9705;15148
6402;5615;12017
3745;5367;9112
7223;9647;16870
1637;4662;6299
8405;1422;9827
3410;5434;8844
3731;6683;10414
185;5957;6142
5578;7757;13335
8089;5696;13785
5790;7546;13336
479;9474;9953
225;5282;5507
5961;879;6840
5953;9956;15909
9063;4799;13862
6833;8887;15720
5802;6601;12403
3902;9440;13342
4737;9815;14552
7394;5763;13157
4540;3596;8136
3197;4516;7713
8942;8542;17484
5819;8848;14667
1343;8391;9734
7939;4709;12648
7737;1100;8837
3756;9867;13623
7002;4877;11879
4929;6742;11671
2647;4656;7303
7764;893;8657
3929;1837;5766
3333;3472;6805
1371;8899;10270
6237;1042;7279
5928;7791;13719
3579;5654;9233
2818;4454;7272
423;6823;7246
7620;8541;16161
5557;9761;15318
6104;3281;9385
2010;1767;3777
2663;5187;7850
5739;5822;11561
1622;4183;5805
2090;33;2123
6797;555;7352
4699;7389;12088
1623;9318;10941
1835;960;2795
4737;5052;9789
7724;8507;16231
9908;9386;19294
9369;4269;13638
3527;1662;5189
5360;8058;13418
7154;753;7907
7284;4329;11613
2405;1582;3987
5794;6888;12682
6069;5027;11096
6883;8938;15821
7586;5560;13146
4994;8063;13057
7808;9954;17762
8953;11;8964
4112;3660;7772
244;3560;3804
1561;4832;6393
8922;2148;11070
9110;5415;14525
3488;7090;10578
5576;8337;13913
4834;5475;10309
6939;9816;16755
9293;9228;18521
6505;5760;12265
4763;3151;7914
924;4693;5617
5483;4585;10068
8948;8582;17530
1996;9026;11022
1264;559;1823
2216;7645;9861
2587;9532;12119
2700;6939;9639
2631;7293;9924
1437;9347;10784
7591;6576;14167
9136;3762;12898
7756;68;7824
7697;4105;11802
4507;8657;13164
2314;6723;9037
8962;5866;14828
7560;8456;16016
7562;53;7615
6137;6296;12433
5975;663;6638
7647;7716;15363
6024;7817;13841
991;1857;2848
1319;4381;5700
6222;9739;15961
5788;697;6485
3212;6842;10054
755;1831;2586
4891;4590;9481
2857;2699;5556
5034;9386;14420
913;6032;6945
3981;2043;6024
4;9529;9533
6908;2820;9728
313;356;669
5472;285;5757
3462;586;4048
1173;3063;4236
1880;2359;4239
9071;3318;12389
4931;9422;14353
693;5620;6313
7736;179;7915
554;9112;9666
8079;1905;9984
5843;8725;14568
9122;7881;17003
6965;1910;8875
7505;497;8002
6086;3488;9574
7125;8203;15328
6184;3938;10122
362;6503;6865
3883;1343;5226
2470;3989;6459
4933;7912;12845
9815;6456;16271
6287;6002;12289
6470;9550;16020
513;4845;5358
4591;7962;12553
4325;1730;6055
1629;6209;7838
7179;6000;13179
732;9767;10499
7533;9555;17088
307;693;1000
7625;9352;16977
4456;9599;14055
3706;5611;9317
2305;8308;10613
4898;6217;11115
129;3494;3623
2895;9763;12658
8217;8242;16459
1677;5910;7587
4338;2822;7160
9064;3779;12843
3863;5442;9305
9756;3029;12785
7012;9180;16192
8020;8836;16856
5749;2511;8260
3111;3075;6186
8859;1029;9888
9815;7274;17089
826;6113;6939
7371;5959;13330
7633;911;8544
1956;5136;7092
7333;4918;12251
2707;4040;6747
2488;6012;8500
7563;4728;12291
5023;7935;12958
3338;7310;10648
764;2115;2879
5425;4282;9707
6429;2682;9111
6489;4494;10983
3065;9980;13045
368;6336;6704
831;6151;6982
9164;2331;11495
7538;8559;16097
5995;6731;12726
2941;65;3006
4988;4612;9600
7317;7669;14986
5908;2012;7920
3131;4354;7485
199;7763;7962
5382;6036;11418
8404;4190;12594
1324;775;2099
9876;6046;15922
4415;9099;13514
2089;1427;3516
5749;6541;12290
6020;1226;7246
8258;2016;10274
3432;7870;11302
8666;6984;15650
3502;541;4043
8171;3414;11585
6193;7213;13406
1786;1787;3573
8545;4982;13527
8532;7790;16322
7805;4506;12311
9244;2744;11988
3199;134;3333
6638;943;7581
2537;832;3369
9797;9309;19106
1855;5765;7620
312;4213;4525
9100;4445;13545
7022;8729;15751
6958;851;7809
1604;7959;9563
7773;3279;11052
9193;5302;14495
4051;1407;5458
7561;8895;16456
5630;7165;12795
8399;1612;10011
3314;9747;13061
9715;3240;12955
5464;2561;8025
426;8535;8961
8692;4406;13098
2785;5253;8038
3332;3789;7121
9768;9316;19084
9154;2252;11406
7325;9336;16661
572;5028;5600
2303;3024;5327
8670;9332;18002
6819;280;7099
1707;2670;4377
5954;5508;11462
5781;4509;10290
139;6432;6571
4978;5448;10426
6677;9389;16066
3906;8262;12168
6644;9958;16602
5840;4829;10669
7347;6907;14254
7114;5600;12714
5556;8407;13963
593;2137;2730
1993;4915;6908
6728;9179;15907
6455;238;6693
8038;369;8407
4086;7266;11352
8410;4580;12990
1587;1954;3541
5352;8659;14011
8871;9624;18495
6732;2285;9017
6156;8503;14659
7675;285;7960
8549;5073;13622
2184;9023;11207
2568;4205;6773
4519;5917;10436
3703;8399;12102
767;6197;6964
4100;2609;6709
1371;6125;7496
2866;1091;3957
3075;279;3354
1221;3949;5170
5496;2040;7536
9745;9941;19686
6579;6493;13072
7510;6829;14339
1185;5708;6893
9361;8348;17709
4533;3696;8229
1769;5555;7324
4721;4324;9045
4240;6440;10680
7418;5413;12831
8161;5829;13990
7548;3867;11415
8271;7487;15758
2885;4406;7291
4107;2405;6512
418;3862;4280
1857;5749;7606
5286;3922;9208
4135;8636;12771
8412;6168;14580
8293;4121;12414
2732;6737;9469
3062;1437;4499
9329;7374;16703
9753;1682;11435
5627;8760;14387
9776;7461;17237
1660;9017;10677
4499;8492;12991
7964;5607;13571
4754;3707;8461
1078;1448;2526
857;9628;10485
4827;1108;5935
1248;4113;5361
2976;3962;6938
9222;1759;10981
2026;4321;6347
2474;775;3249
2729;799;3528
3797;7968;11765
2677;3304;5981
1532;3494;5026
7826;8944;16770
9610;581;10191
4126;9212;13338
9560;5527;15087
498;8378;8876
2120;189;2309
6010;9100;15110
8999;6939;15938
7532;3198;10730
3982;8670;12652
1282;7843;9125
853;303;1156
8971;8647;17618
3751;8168;11919
8793;8047;16840
9154;9433;18587
1414;6665;8079
4536;2656;7192
3567;3479;7046
5299;5175;10474
1400;8314;9714
6057;4056;10113
5099;3773;8872
8228;2808;11036
5504;3691;9195
9857;2764;12621
6759;2413;9172
2343;602;2945
7912;7185;15097
4105;4102;8207
3734;6010;9744
2480;3290;5770
9949;3198;13147
2877;8592;11469
9788;9254;19042
8242;209;8451
5342;4480;9822
8263;1046;9309
6813;3474;10287
3783;6283;10066
5752;930;6682
7391;2167;9558
3566;1025;4591
2760;2154;4914
2706;3855;6561
8013;5922;13935
950;7641;8591
1417;9354;10771
1368;7630;8998
1920;6913;8833
1832;8186;10018
1002;2899;3901
5907;6413;12320
2340;3459;5799
489;6824;7313
4883;5870;10753
2772;5117;7889
4646;2234;6880
8073;6861;14934
5439;9637;15076
3258;4145;7403
8124;5696;13820
9492;8594;18086
4764;1953;6717
9499;3136;12635
7081;256;7337
7797;8166;15963
9080;6067;15147
1886;4563;6449
7144;6157;13301
7032;820;7852
8145;7930;16075
6803;5251;12054
4750;2438;7188
6319;4800;11119
6025;7724;13749
4564;8633;13197
7769;5293;13062
8787;6806;15593
8520;6771;15291
8339;1517;9856
2688;9638;12326
6773;1081;7854
6120;7308;13428
7234;6129;13363
9719;2156;11875
8685;4486;13171
5219;596;5815
4074;6500;10574
1991;9808;11799
3099;4680;7779
9294;8876;18170
7731;6094;13825
5220;8455;13675
9995;7379;17374
1838;3901;5739
2543;8257;10800
3287;4534;7821
992;4090;5082
8612;7527;16139
2202;6332;8534
8939;2770;11709
399;1543;1942
4599;4226;8825
6996;8169;15165
5126;8085;13211
2592;329;2921
9185;7024;16209
2446;9419;11865
8424;2963;11387
4577;4710;9287
1082;4977;6059
4875;80;4955
1105;1518;2623
514;2460;2974
7133;7026;14159
6340;1282;7622
6604;4000;10604
3776;8301;12077
3111;8205;11316
9932;3453;13385
4220;6396;10616
730;8793;9523
6443;7388;13831
9039;3160;12199
3760;9324;13084
7759;9830;17589
4460;8645;13105
3581;1186;4767
524;1349;1873
4352;4351;8703
8701;9542;18243
462;870;1332
2485;4477;6962
2610;7559;10169
9759;8930;18689
2297;8831;11128
1189;9650;10839
8586;1938;10524
3895;5026;8921
2054;6750;8804
3307;5542;8849
2350;4399;6749
4399;4317;8716
6405;9757;16162
9398;8137;17535
4281;1971;6252
1113;4211;5324
1643;7804;9447
3132;6509;9641
9633;8262;17895
7912;7907;15819
9961;412;10373
910;7028;7938
1516;9782;11298
7257;6656;13913
8841;690;9531
3371;8105;11476
17;9198;9215
5315;9383;14698
5760;1749;7509
5798;7290;13088
7455;2248;9703
8814;9106;17920
8493;2266;10759
8477;9182;17659
3505;4756;8261
8632;5443;14075
9017;448;9465
9856;6164;16020
6782;3427;10209
8562;612;9174
9689;5290;14979
9861;7037;16898
2151;3895;6046
1752;8586;10338
7340;8032;15372
136;7359;7495
2767;1711;4478
2178;3718;5896
4173;4946;9119
9341;9553;18894
6613;2593;9206
4995;7608;12603
3284;8417;11701
8129;1338;9467
7711;6334;14045
8834;8176;17010
9610;6026;15636
5446;4339;9785
2328;2177;4505
1055;5360;6415
7267;6023;13290
8255;1009;9264
5306;7796;13102
9210;1319;10529
5850;6924;12774
4682;3805;8487
9042;867;9909
3474;5110;8584
9301;4341;13642
5876;9653;15529
1196;2594;3790
2391;4910;7301
9930;4832;14762
8735;6706;15441
1833;5908;7741
3154;3641;6795
6728;710;7438
1315;9121;10436
6859;8654;15513
8102;9940;18042
9659;623;10282
315;7267;7582
2920;9311;12231
543;2710;3253
7480;1040;8520
9665;148;9813
4533;387;4920
9210;6394;15604
332;5844;6176
4415;3551;7966
4523;1519;6042
413;7270;7683
8891;7743;16634
3448;6823;10271
1103;1778;2881
5975;4168;10143
252;7566;7818
406;7517;7923
4031;6817;10848
6894;1404;8298
6791;9659;16450
5312;7495;12807
6521;5272;11793
2116;8330;10446
7576;3109;10685
1942;8037;9979
32;5685;5717
4566;9608;14174
3214;9910;13124
1665;2588;4253
9753;5111;14864
2040;4477;6517
2333;8514;10847
139;5941;6080
1250;6866;8116
2022;2416;4438
9729;3406;13135
4231;8370;12601
6505;2820;9325
7774;1625;9399
2684;5789;8473
7158;1590;8748
5675;2816;8491
9983;6766;16749
5166;3089;8255
1079;7203;8282
1195;9802;10997
4739;5619;10358
7684;4996;12680
9690;2348;12038
4366;3614;7980
1503;8838;10341
9836;66;9902
5783;8058;13841
2929;396;3325
5269;9207;14476
8403;9266;17669
1145;5169;6314
30;354;384
4078;503;4581
3344;6055;9399
8478;4621;13099
4260;5238;9498
2530;4384;6914
7981;4112;12093
9714;9278;18992
7441;9770;17211
202;7928;8130
1167;367;1534
2147;1312;3459
1704;6774;8478
4285;6030;10315
9963;2676;12639
8216;5363;13579
2659;8282;10941
7890;645;8535
4453;279;4732
2137;752;2889
9572;4612;14184
969;1665;2634
2469;7278;9747
5798;1866;7664
6229;9816;16045
8995;9056;18051
8364;5346;13710
5349;6686;12035
676;1489;2165
9860;8827;18687
5132;7276;12408
5278;3854;9132
557;9747;10304
1004;9558;10562
5739;8947;14686
6441;2961;9402
2342;9018;11360
3704;3954;7658
3898;2409;6307
4391;5262;9653
9712;106;9818
6237;4498;10735
3289;8969;12258
6907;508;7415
1467;6241;7708
8335;4277;12612
1697;2396;4093
6714;9641;16355
4593;9175;13768
5063;6489;11552
9486;8558;18044
4387;8834;13221
5086;6495;11581
5431;8469;13900
50;3292;3342
4689;8458;13147
4753;7346;12099
3319;4763;8082
6754;1007;7761
708;3320;4028
6518;4702;11220
3467;4353;7820
1005;8539;9544
4640;3773;8413
86;7989;8075
9834;2410;12244
1471;21;1492
8568;3857;12425
5137;3114;8251
3070;8301;11371
6036;5204;11240
8208;8665;16873
1551;2783;4334
1641;8526;10167
8025;7401;15426
2837;3629;6466
7989;7575;15564
8746;4929;13675
268;6983;7251
3357;1629;4986
7952;2214;10166
1237;8485;9722
1533;7599;9132
7964;1668;9632
8595;6618;15213
2804;3267;6071
4692;4942;9634
2857;1091;3948
4388;3366;7754
4393;3772;8165
7506;4221;11727
605;8928;9533
7820;4568;12388
4879;8151;13030
3589;8307;11896
7961;2621;10582
1061;7868;8929
2759;7905;10664
7865;2970;10835
8595;6410;15005
649;5560;6209
4542;2820;7362
6652;2031;8683
1615;2470;4085
8101;4322;12423
5910;8495;14405
5960;3971;9931
7977;2387;10364
785;8257;9042
8251;857;9108
6770;376;7146
9125;1997;11122
9585;8950;18535
1020;8824;9844
8147;7480;15627
7233;5126;12359
1671;5763;7434
2771;3980;6751
8190;6704;14894
5755;2378;8133
4858;6366;11224
40;6524;6564
1754;8915;10669
6234;5798;12032
4871;2488;7359
2758;7553;10311
3874;5039;8913
127;3765;3892
1402;1251;2653
1118;7804;8922
8828;5837;14665
1379;5446;6825
8088;1900;9988
5518;4680;10198
4700;1085;5785
5199;6258;11457
8685;5198;13883
2517;2992;5509
7121;1998;9119
9706;4646;14352
1791;7560;9351
7759;3260;11019
4905;5455;10360
6567;9951;16518
7305;4009;11314
8344;5571;13915
204;7452;7656
6879;8500;15379
9218;838;10056
9424;2028;11452
9242;4616;13858
9548;3138;12686
5161;8913;14074
8994;1877;10871
5040;6904;11944
9392;827;10219
2236;5030;7266
8660;8384;17044
2159;5280;7439
8425;8237;16662
8;611;619
9164;9379;18543
2498;7657;10155
8403;9927;18330
6854;7258;14112
855;5311;6166
1396;2249;3645
7977;9056;17033
5310;771;6081
3927;8376;12303
1709;1083;2792
2073;7810;9883
8935;7331;16266
4082;5748;9830
7057;379;7436
9540;167;9707
363;2953;3316
5669;6141;11810
8528;8631;17159
3955;9590;13545
1053;9145;10198
4197;3737;7934
7964;5045;13009
4436;8912;13348
282;255;537
2121;8658;10779
2294;1179;3473
8134;1917;10051
8453;2433;10886
6365;3333;9698
4358;9224;13582
304;1934;2238
9348;917;10265
6506;6943;13449
781;617;1398
9342;9516;18858
8999;7002;16001
3709;3275;6984
7087;1759;8846
4473;5984;10457
9731;2119;11850
2200;4549;6749
4860;5801;10661
1046;4189;5235
9514;2102;11616
2165;9505;11670
4425;7754;12179
7031;5997;13028
983;8549;9532
688;2859;3547
9807;5509;15316
4211;8860;13071
3170;2895;6065
6210;1646;7856
947;9355;10302
1474;7302;8776
1684;8574;10258
7469;1258;8727
4790;3704;8494
1188;8421;9609
5431;4684;10115
2367;6102;8469
5859;2493;8352
9971;2302;12273
7426;7921;15347
2421;2781;5202
9864;9234;19098
4793;516;5309
6869;7284;14153
9895;2228;12123
7174;4154;11328
8457;788;9245
1329;977;2306
7792;7466;15258
5184;9773;14957
7604;875;8479
8267;1786;10053
9666;7773;17439
7495;1083;8578
624;9484;10108
6436;4134;10570
1336;903;2239
398;5555;5953
5927;8672;14599
2864;2730;5594
2255;1017;3272
147;8133;8280
9417;1574;10991
5753;3215;8968
5907;4292;10199
360;5277;5637
4913;3277;8190
5255;9366;14621
348;8804;9152
7736;8321;16057
596;584;1180
3163;5030;8193
1062;341;1403
8156;6769;14925
2769;3114;5883
1081;622;1703
6475;1590;8065
4346;7730;12076
8058;9601;17659
2549;5194;7743
8872;4294;13166
4652;2166;6818
3764;6905;10669
8312;3519;11831
1479;4175;5654
5910;3125;9035
9686;4593;14279
4100;4244;8344
2076;5661;7737
2565;6577;9142
5720;7200;12920
8311;8773;17084
6553;6465;13018
8454;4365;12819
1183;3790;4973
8987;169;9156
8255;819;9074
8904;3428;12332
8721;9359;18080
3415;4017;7432
3550;577;4127
7751;139;7890
65;3162;3227
2221;3600;5821
1217;3478;4695
5088;8052;13140
2173;6740;8913
9691;2275;11966
9080;1004;10084
8254;386;8640
8305;5505;13810
2601;7893;10494
9536;4202;13738
5751;7842;13593
322;35;357
9250;1919;11169
4089;5342;9431
365;9639;10004
8407;741;9148
542;6349;6891
6748;198;6946
7055;7270;14325
7881;1467;9348
6128;9358;15486
3127;7363;10490
868;5092;5960
5106;1604;6710
5875;1131;7006
3100;2253;5353
840;6814;7654
3086;2008;5094
1472;6949;8421
787;7870;8657
6761;4846;11607
9964;5381;15345
288;167;455
9299;2539;11838
9408;2046;11454
7754;1236;8990
941;774;1715
7584;4095;11679
4793;5304;10097
1848;2140;3988
7307;7364;14671
8411;9764;18175
1675;8952;10627
3778;7702;11480
5945;247;6192
5107;6357;11464
6438;3613;10051
944;4852;5796
2978;9444;12422
1392;6059;7451
6415;7768;14183
9741;974;10715
6169;7937;14106
1862;9377;11239
8110;516;8626
3385;5071;8456
3552;7551;11103
6278;709;6987
5034;6533;11567
1026;464;1490
4529;9288;13817
5220;1682;6902
2342;8062;10404
6806;8136;14942
4133;2012;6145
1970;9169;11139
9910;8419;18329
6971;3226;10197
4170;5231;9401
5102;8241;13343
7649;2007;9656
1338;4701;6039
9733;1558;11291
9975;1831;11806
9653;6631;16284
6725;2956;9681
959;3964;4923
5690;1010;6700
5818;9508;15326
9562;3020;12582
2750;8532;11282
9060;9672;18732
3142;8721;11863
3640;2381;6021
7999;3943;11942
6120;426;6546
2772;2744;5516
8013;8335;16348
939;4503;5442
3186;3701;6887
2164;2036;4200
7689;5976;13665
3322;2509;5831
6792;1539;8331
9413;5703;15116
6323;5150;11473
9774;7323;17097
9332;4581;13913
2606;5596;8202
2710;4645;7355
5426;1843;7269
1441;3581;5022
4276;3469;7745
8073;2239;10312
604;4098;4702
5433;5461;10894
9723;9000;18723
319;7445;7764
7999;3018;11017
1580;8326;9906
3163;6088;9251
1801;4850;6651
5476;4739;10215
6628;7262;13890
2646;3984;6630
2470;1181;3651
2;8889;8891
1211;6317;7528
9067;2096;11163
3610;5613;9223
494;8939;9433
5959;5691;11650
6960;8244;15204
5811;9527;15338
9261;5195;14456
1425;5564;6989
9252;1647;10899
2463;4868;7331
2763;4434;7197
3156;7579;10735
2744;8683;11427
6603;5434;12037
3387;9598;12985
2124;7692;9816
3159;6180;9339
9154;2111;11265
3485;377;3862
3096;1366;4462
7919;1478;9397
5110;5288;10398
1861;7783;9644
8910;2149;11059
6560;6336;12896
7089;6393;13482
9068;3593;12661
6522;8642;15164
5210;5245;10455
5087;9197;14284
1513;4650;6163
2195;9727;11922
3102;2289;5391
6825;7010;13835
9698;696;10394
356;7734;8090
6148;8493;14641
5070;9273;14343
2915;9164;12079
8227;3291;11518
2101;8473;10574
7659;9006;16665
4583;8902;13485
3212;3651;6863
2090;3294;5384
1481;1036;2517
5749;3414;9163
6436;1827;8263
6733;1452;8185
6675;6439;13114
1204;1182;2386
6260;6208;12468
4800;3559;8359
8487;4635;13122
1243;871;2114
9857;7506;17363
6147;4593;10740
8388;9518;17906
4073;4911;8984
9617;1475;11092
4099;3644;7743
4097;4155;8252
8207;8649;16856
8221;253;8474
5881;1467;7348
7402;3402;10804
1577;8115;9692
1972;9123;11095
2697;8417;11114
8187;778;8965
6653;6855;13508
7712;8716;16428
1474;9353;10827
3877;9243;13120
2536;439;2975
212;5334;5546
4568;4349;8917
5760;666;6426
3307;6964;10271
8479;1541;10020
7532;4963;12495
1115;7925;9040
7355;9210;16565
4981;131;5112
7182;955;8137
3492;8436;11928
8314;784;9098
4397;9014;13411
3693;5114;8807
4084;5436;9520
7546;2097;9643
1505;572;2077
4213;8885;13098
3108;6459;9567
4681;5759;10440
3833;7426;11259
2001;3984;5985
8980;3505;12485
1908;6184;8092
9953;1675;11628
699;5788;6487
6591;1799;8390
5538;3910;9448
3203;8339;11542
5084;816;5900
3459;9525;12984
4481;5931;10412
7186;357;7543
5955;4866;10821
9847;1466;11313
168;3939;4107
3300;1086;4386
2206;4353;6559
9872;5276;15148
1104;6376;7480
5068;4612;9680
1839;2010;3849
1359;4160;5519
4155;5750;9905
1273;8067;9340
927;5266;6193
2282;3638;5920
7568;4092;11660
3390;182;3572
6789;2534;9323
9891;6184;16075
7146;3821;10967
2951;2753;5704
9119;4024;13143
5092;2747;7839
9669;7919;17588
3651;6447;10098
2785;4295;7080
2999;567;3566
966;9651;10617
2521;8659;11180
6417;128;6545
7778;3803;11581
3694;4106;7800
5833;6030;11863
6072;6099;12171
7771;6283;14054
1095;8451;9546
1143;7820;8963
6102;7977;14079
6775;2184;8959
6740;3354;10094
3194;5688;8882
6172;1413;7585
434;6818;7252
9887;2251;12138
4288;5656;9944
7438;5269;12707
2660;7823;10483
3897;3976;7873
1629;5015;6644
3759;6577;10336
3545;907;4452
8590;6249;14839
1649;4214;5863
5306;302;5608
1504;2104;3608
6679;5002;11681
6010;2466;8476
583;5642;6225
854;228;1082
3184;1201;4385
579;2705;3284
8951;836;9787
5900;2976;8876
6294;4928;11222
8701;7488;16189
8326;4793;13119
7966;3675;11641
4809;1686;6495
233;5018;5251
9145;7909;17054
9679;3794;13473
3337;9358;12695
2788;4122;6910
4578;3218;7796
3571;5053;8624
5989;5424;11413
1859;6936;8795
1907;8259;10166
613;5790;6403
4994;5252;10246
5816;4605;10421
5462;2213;7675
5300;4801;10101
6391;6243;12634
9382;3722;13104
553;4423;4976
9309;2010;11319
6344;8312;14656
1154;5878;7032
3224;3758;6982
2127;1891;4018
5953;7621;13574
5068;7798;12866
662;9358;10020
1839;2724;4563
4497;9281;13778
2248;2446;4694
6999;5108;12107
2763;8145;10908
1193;5810;7003
3480;5753;9233
2896;6476;9372
7252;2746;9998
7967;3963;11930
1902;1481;3383
8056;4269;12325
7805;9708;17513
5253;7811;13064
8983;3704;12687
6654;7890;14544
6536;8709;15245
2736;7282;10018
4984;6326;11310
1726;5108;6834
3066;1690;4756
5842;2087;7929
2386;1657;4043
6577;1012;7589
3512;6717;10229
6606;544;7150
9220;6492;15712
8923;8920;17843
222;3878;4100
1484;7588;9072
1374;166;1540
6948;5818;12766
1490;9390;10880
7717;6158;13875
8238;4330;12568
3706;1957;5663
4061;2621;6682
5295;6260;11555
3498;600;4098
3613;126;3739
8685;5221;13906
8152;7715;15867
3188;5077;8265
4272;8024;12296
4801;5910;10711
8371;5281;13652
5532;8990;14522
7450;5825;13275
7796;7957;15753
3719;3901;7620
6637;9879;16516
5485;8585;14070
35;9294;9329
999;284;1283
6412;6383;12795
3;6563;6566
8166;254;8420
9617;1551;11168
407;780;1187
3579;5445;9024
3515;8815;12330
7903;8492;16395
4836;5154;9990
3097;7990;11087
6120;5676;11796
6170;3155;9325
2914;7895;10809
2407;5634;8041
5809;1719;7528
1481;6416;7897
8722;5508;14230
2131;3511;5642
7166;6740;13906
235;6600;6835
5216;8332;13548
22;3091;3113
2343;6763;9106
9385;6160;15545
3274;1816;5090
9296;587;9883
9327;5407;14734
5717;9569;15286
90;9902;9992
3020;4829;7849
1162;7402;8564
7496;1071;8567
5932;7984;13916
3925;7054;10979
8111;8715;16826
363;4172;4535
4424;5926;10350
1861;6790;8651
9673;1917;11590
140;2618;2758
7515;7508;15023
4647;2581;7228
7661;9924;17585
9506;8927;18433
1428;2780;4208
5809;4977;10786
6408;1712;8120
4179;2299;6478
5742;446;6188
3465;6825;10290
6747;5;6752
9072;6717;15789
9458;73;9531
2277;8589;10866
3623;1815;5438
2972;2165;5137
6619;54;6673
5434;3898;9332
2610;2971;5581
1233;3434;4667
9162;5101;14263
7615;7983;15598
5744;7051;12795
1948;1143;3091
2080;2094;4174
5880;237;6117
7646;3130;10776
617;569;1186
4376;805;5181
1680;7053;8733
3857;1472;5329
4550;2771;7321
2920;5365;8285
88;1925;2013
7017;7543;14560
1772;8116;9888
6391;1338;7729
6781;8615;15396
236;529;765
2449;9244;11693
3555;74;3629
701;3068;3769
9604;7488;17092
2819;1289;4108
2277;960;3237
2318;6599;8917
9261;4734;13995
9981;357;10338
4186;7698;11884
3018;8088;11106
5856;382;6238
5739;8124;13863
6779;6400;13179
6371;4830;11201
7577;7190;14767
6893;9150;16043
3648;6224;9872
74;7161;7235
3029;1669;4698
242;5729;5971
9069;5882;14951
6535;930;7465
2784;8284;11068
1693;7539;9232
64;6032;6096
1097;8116;9213
5264;8828;14092
2191;719;2910
5940;5967;11907
6142;9476;15618
5845;8839;14684
6530;594;7124
2484;4809;7293
5326;6454;11780
6171;4478;10649
792;7978;8770
7522;2041;9563
83;8282;8365
9247;6079;15326
3962;2034;5996
169;3178;3347
3185;1129;4314
417;3149;3566
3096;5762;8858
4188;8373;12561
7526;8385;15911
2349;9748;12097
6183;6650;12833
9529;129;9658
8615;872;9487
33;8829;8862
5883;7122;13005
2519;4612;7131
171;9763;9934
834;5931;6765
1539;6883;8422
9019;1495;10514
7225;9606;16831
4178;8685;12863
7164;8346;15510
6471;4171;10642
3489;3803;7292
8915;994;9909
8668;4254;12922
3433;6301;9734
1754;8349;10103
398;7499;7897
1360;5880;7240
640;1201;1841
1398;4192;5590
4326;2511;6837
3280;3319;6599
1018;7908;8926
2352;6007;8359
9059;6291;15350
3388;7724;11112
49;1670;1719
7409;3639;11048
7740;8360;16100
917;7586;8503
1537;9928;11465
3719;7180;10899
697;6948;7645
3848;4081;7929
5865;8202;14067
8490;4735;13225
9548;1767;11315
808;7970;8778
53;4753;4806
2392;7544;9936
1652;4728;6380
6697;7279;13976
1664;5143;6807
506;791;1297
3190;4796;7986
6754;2827;9581
5715;358;6073
2822;6988;9810
2889;5209;8098
3125;9597;12722
8109;2380;10489
4770;7547;12317
6137;479;6616
8628;9422;18050
6671;4815;11486
434;5898;6332
1954;4937;6891
4056;5557;9613
2910;5499;8409
1091;182;1273
1258;5621;6879
5098;6112;11210
3522;6848;10370
7208;8920;16128
5179;1210;6389
7011;6783;13794
7707;4651;12358
2687;9627;12314
7564;1202;8766
4872;5898;10770
7044;3919;10963
2149;7024;9173
7625;2696;10321
7705;2461;10166
8416;3758;12174
74;2101;2175
8052;1736;9788
1609;5510;7119
1532;4533;6065
3352;988;4340
871;7755;8626
2653;1625;4278
4698;8491;13189
6306;7570;13876
6162;3104;9266
9972;946;10918
7180;570;7750
3847;5250;9097
724;9340;10064
6891;3711;10602
6172;1298;7470
9135;6657;15792
2393;4690;7083
5587;3264;8851
8615;1072;9687
5574;3927;9501
5705;2900;8605
5605;3510;9115
7381;4301;11682
3312;3288;6600
1032;7495;8527
7199;3290;10489
2148;8260;10408
2394;3131;5525
6355;4531;10886
6861;2370;9231
1975;1509;3484
6165;8325;14490
6495;8869;15364
7999;5801;13800
1635;7357;8992
2078;450;2528
3456;7954;11410
3797;1107;4904
7440;6391;13831
8718;9315;18033
7983;7853;15836
4287;4366;8653
9115;149;9264
8602;670;9272
5911;489;6400
3254;1415;4669
2017;9473;11490
9772;4446;14218
2785;2794;5579
3010;4345;7355
7570;1839;9409
7576;8056;15632
9984;7001;16985
9329;6161;15490
6632;9635;16267
5941;6753;12694
2102;5273;7375
6704;8573;15277
45;8832;8877
9716;4535;14251
9979;6383;16362
8193;523;8716
7075;1871;8946
9223;7962;17185
5506;4123;9629
9177;3161;12338
7372;6183;13555
1967;2097;4064
8028;6261;14289
4399;2700;7099
3190;8603;11793
5221;5080;10301
3252;4554;7806
8226;8011;16237
5879;1598;7477
7191;314;7505
6162;9458;15620
1116;6261;7377
3062;8192;11254
2329;1157;3486
4439;2860;7299
4305;2236;6541
7073;3905;10978
9817;2299;12116
9831;4384;14215
6627;6257;12884
2540;2828;5368
4263;9311;13574
5784;7297;13081
3069;1471;4540
7474;8862;16336
7185;4983;12168
2378;3058;5436
535;2351;2886
3602;8745;12347
8889;3079;11968
3529;4289;7818
8774;1329;10103
7923;2590;10513
2935;3356;6291
1117;4780;5897
3921;8305;12226
9967;7990;17957
1216;8022;9238
9512;986;10498
6503;8500;15003
3710;8109;11819
9229;2303;11532
7351;1073;8424
656;2595;3251
7485;1610;9095
1367;3117;4484
5627;5696;11323
2204;2187;4391
4310;5429;9739
1536;5642;7178
8658;9572;18230
9724;5714;15438
5628;272;5900
1953;2969;4922
210;657;867
5837;3133;8970
513;1659;2172
5031;9607;14638
7172;5250;12422
9616;4881;14497
590;2045;2635
9767;130;9897
3205;5733;8938
3871;5859;9730
2763;801;3564
133;9006;9139
2789;2670;5459
196;7139;7335
1204;4412;5616
470;1256;1726
1387;6437;7824
2327;3663;5990
2392;4823;7215
7150;1888;9038
9867;1243;11110
3352;1848;5200
7907;5896;13803
4840;7989;12829
6865;3509;10374
8780;9621;18401
2980;626;3606
1179;8995;10174
3399;2247;5646
9884;6018;15902
836;2294;3130
8545;5838;14383
8586;4017;12603
1992;6704;8696
7636;7049;14685
9731;1019;10750
3952;1524;5476
7950;1983;9933
6488;7300;13788
4438;7259;11697
2420;6769;9189
8648;4158;12806
4184;7416;11600
9080;3898;12978
9120;5132;14252
5196;4946;10142
7742;8968;16710
3962;497;4459
3568;7384;10952
5441;1358;6799
8101;1088;9189
480;1069;1549
9197;5633;14830
5044;7817;12861
8303;1359;9662
8016;5586;13602
5112;5776;10888
6675;3526;10201
9334;2378;11712
7284;9657;16941
2355;673;3028
5979;7745;13724
1792;748;2540
6522;7066;13588
1230;6335;7565
4137;1208;5345
8175;4595;12770
24;7548;7572
354;7405;7759
73;1020;1093
5856;5878;11734
9242;9034;18276
6697;7502;14199
3936;7361;11297
568;2885;3453
6995;2630;9625
7325;1061;8386
8945;582;9527
8448;5778;14226
5343;4588;9931
2273;3112;5385
933;9371;10304
3081;2771;5852
8166;3678;11844
8026;1169;9195
7943;575;8518
7091;5881;12972
7378;7174;14552
2562;2760;5322
1205;8387;9592
2271;8648;10919
8719;7305;16024
1158;7075;8233
9808;3530;13338
5110;1480;6590
8971;1483;10454
4997;5067;10064
4697;6201;10898
4487;7518;12005
9523;4594;14117
7552;6867;14419
2457;1478;3935
1707;2057;3764
7463;5315;12778
4893;5452;10345
3727;203;3930
8786;447;9233
8404;5359;13763
2942;6646;9588
3776;6059;9835
2158;478;2636
4541;964;5505
1594;1320;2914
4679;9363;14042
6567;1452;8019
5429;1982;7411
5639;6012;11651
2040;9877;11917
9303;262;9565
5174;1353;6527
7782;1956;9738
2929;8076;11005
3223;4898;8121
3001;2667;5668
5947;3063;9010
2536;4234;6770
4927;6924;11851
7307;4385;11692
9327;2330;11657
7504;3399;10903
1800;1577;3377
8534;9961;18495
553;2305;2858
6953;5850;12803
6526;9225;15751
6747;6656;13403
2023;3926;5949
5659;7432;13091
2152;6787;8939
9227;2129;11356
4196;1335;5531
3512;140;3652
738;8813;9551
8947;9046;17993
6791;7039;13830
1826;1918;3744
5190;6004;11194
5051;6745;11796
8511;5069;13580
5329;2806;8135
8392;9589;17981
7788;8711;16499
357;8119;8476
115;4973;5088
8472;5136;13608
3706;8941;12647
756;4626;5382
3676;4054;7730
656;2261;2917
4091;9592;13683
2293;3328;5621
1237;2054;3291
7233;2511;9744
4936;8304;13240
2539;2889;5428
516;4619;5135
1480;7596;9076
904;1092;1996
2050;332;2382
1706;4295;6001
412;5407;5819
6999;7945;14944
58;9697;9755
2784;3599;6383
3102;5568;8670
4258;1984;6242
5385;9397;14782
4134;7531;11665
5240;5080;10320
2365;8245;10610
8279;8170;16449
4511;979;5490
5909;7314;13223
6019;5617;11636
5525;6296;11821
4362;2125;6487
8996;6999;15995
4350;8832;13182
7334;1238;8572
9880;1078;10958
2088;6202;8290
1934;1241;3175
6903;1871;8774
1259;9267;10526
7139;4053;11192
9461;8898;18359
407;8782;9189
2499;6767;9266
94;9541;9635
7770;2911;10681
4455;8610;13065
6233;6517;12750
3110;9583;12693
3492;9865;13357
4387;9515;13902
3264;1461;4725
9644;4866;14510
7542;8803;16345
16;6724;6740
965;5734;6699
963;2689;3652
269;1436;1705
1228;9207;10435
6614;1372;7986
7128;833;7961
838;3787;4625
5001;3791;8792
5662;8524;14186
594;6166;6760
7713;1164;8877
8655;864;9519
2634;8830;11464
3548;7505;11053
2213;9036;11249
4980;2243;7223
6749;8454;15203
9986;1035;11021
8124;5922;14046
2316;747;3063
9652;7480;17132
1801;5198;6999
7805;1561;9366
891;2077;2968
8849;3943;12792
8133;7251;15384
8981;9733;18714
626;7272;7898
8372;8939;17311
7358;5968;13326
8836;6681;15517
9847;2996;12843
6524;1684;8208
6127;6588;12715
6296;1277;7573
9751;825;10576
419;9734;10153
7332;9462;16794
3179;6753;9932
8304;3175;11479
9811;7865;17676
1707;9323;11030
6220;9627;15847
3226;9020;12246
5087;8909;13996
194;1635;1829
2017;8;2025
9538;7426;16964
9918;6633;16551
5304;6481;11785
9936;1449;11385
1369;5772;7141
1150;408;1558
8346;3002;11348
7273;154;7427
5764;8780;14544
2342;713;3055
1190;2881;4071
6811;2261;9072
3013;9071;12084
6360;2428;8788
4594;2531;7125
1082;9863;10945
8383;1523;9906
1800;6326;8126
5239;4412;9651
1701;6465;8166
7736;5116;12852
7453;5250;12703
7874;4206;12080
8623;9472;18095
3805;4602;8407
3123;365;3488
7338;2113;9451
436;1178;1614
2466;2250;4716
3968;9077;13045
2737;7136;9873
816;503;1319
9125;2384;11509
5357;3974;9331
9070;5140;14210
6823;8491;15314
4995;4290;9285
9496;600;10096
1625;2637;4262
7029;4030;11059
622;6625;7247
8943;3171;12114
6134;6620;12754
2755;4591;7346
6690;7800;14490
4898;8533;13431
106;2259;2365
8087;1338;9425
2808;6971;9779
7192;2510;9702
2378;9560;11938
2378;1203;3581
6821;4073;10894
658;2260;2918
8357;4834;13191
3699;5897;9596
4538;8333;12871
949;9732;10681
1519;2351;3870
2213;1821;4034
7330;619;7949
8746;3779;12525
9076;1992;11068
214;1309;1523
2576;2962;5538
4020;9362;13382
4677;7647;12324
3220;5018;8238
1271;3436;4707
8046;4904;12950
3314;6739;10053
8056;7632;15688
4624;4405;9029
9456;8269;17725
6536;11;6547
1889;4988;6877
4974;3603;8577
7774;33;7807
3998;2172;6170
1569;2269;3838
6073;4025;10098
7667;3728;11395
9329;4589;13918
2468;3936;6404
8535;5316;13851
3646;4407;8053
7439;4152;11591
5031;5877;10908
4830;801;5631
1097;1831;2928
6190;9434;15624
2806;5578;8384
3767;3850;7617
7562;1289;8851
6627;3108;9735
531;6007;6538
1445;8167;9612
9533;5116;14649
8673;746;9419
6172;8116;14288
7382;7067;14449
6066;8171;14237
8767;6577;15344
8216;5176;13392
1429;7730;9159
3849;9714;13563
137;1435;1572
865;8008;8873
8992;8478;17470
7503;9018;16521
9936;5663;15599
9403;2872;12275
9162;5955;15117
5669;876;6545
9183;9704;18887
517;5979;6496
869;701;1570
6307;4668;10975
3607;9724;13331
1411;7874;9285
5842;3124;8966
7759;5069;12828
9438;3475;12913
7697;7191;14888
6332;1779;8111
3833;1762;5595
2771;4016;6787
6389;4567;10956
4714;6924;11638
9643;3041;12684
2221;1483;3704
1240;1531;2771
1888;9705;11593
3447;5206;8653
1427;4929;6356
4027;7632;11659
3114;99;3213
6946;3120;10066
2384;7358;9742
311;2509;2820
5266;4349;9615
4911;1573;6484
4999;4128;9127
5417;6412;11829
4450;4951;9401
3338;5136;8474
7654;7480;15134
5618;2190;7808
3495;5102;8597
4511;5139;9650
581;1937;2518
2312;1647;3959
5289;3055;8344
9770;23;9793
2020;5051;7071
4889;3792;8681
6137;3180;9317
21;1804;1825
6325;8249;14574
6696;866;7562
6746;1671;8417
2953;6993;9946
8985;9768;18753
2033;6348;8381
4224;7203;11427
51;465;516
7452;1474;8926
5346;2293;7639
5671;5719;11390
3715;8452;12167
8840;4499;13339
9024;2306;11330
1136;5377;6513
8447;8493;16940
5166;8351;13517
3483;849;4332
1853;1782;3635
5651;4422;10073
7805;6486;14291
5365;3142;8507
9814;1156;10970
4915;5883;10798
7601;4904;12505
4926;6701;11627
7499;8176;15675
9312;8998;18310
2473;3009;5482
5286;5010;10296
8331;6081;14412
5632;608;6240
2784;6071;8855
6796;2235;9031
9251;2257;11508
1223;1089;2312
807;1984;2791
9665;2001;11666
3114;7533;10647
6234;4913;11147
9982;1868;11850
5526;7736;13262
3629;9477;13106
900;6864;7764
5151;3285;8436
1865;2807;4672
766;7338;8104
3658;2386;6044
340;5251;5591
996;1496;2492
8152;4539;12691
7532;4602;12134
1465;5450;6915
6219;422;6641
8077;13;8090
2892;3755;6647
2247;259;2506
5290;7439;12729
392;4975;5367
1016;7702;8718
553;3469;4022
776;3048;3824
3708;9796;13504
153;2828;2981
1070;2223;3293
677;199;876
8235;9843;18078
4714;1493;6207
2040;6013;8053
9040;5066;14106
6821;344;7165
9344;2932;12276
4223;9357;13580
8406;9992;18398
5086;4440;9526
2771;7698;10469
6210;8519;14729
2935;2516;5451
1570;4819;6389
7536;3724;11260
2778;8037;10815
1316;1367;2683
5477;8497;13974
5661;2668;8329
40;296;336
918;7982;8900
1939;8724;10663
6301;315;6616
9266;186;9452
7002;6672;13674
8347;5287;13634
4509;5810;10319
1896;4717;6613
5396;6957;12353
2675;5598;8273
7510;9981;17491
5351;5519;10870
742;7538;8280
6537;8037;14574
9726;4469;14195
7429;7857;15286
3655;753;4408
6942;8665;15607
7452;1973;9425
3118;1756;4874
1303;4857;6160
2380;7786;10166
1955;6143;8098
4747;4329;9076
9483;7042;16525
7990;2443;10433
2479;484;2963
1704;2483;4187
4387;1727;6114
6285;3512;9797
4603;7576;12179
2638;7319;9957
7585;8087;15672
4733;8567;13300
7033;4156;11189
5366;5663;11029
2832;2671;5503
6717;5099;11816
1396;5483;6879
6126;9946;16072
23;4142;4165
7824;3702;11526
6358;1597;7955
5890;2522;8412
9123;1375;10498
146;8961;9107
5193;9280;14473
8156;1130;9286
6868;2395;9263
9253;9074;18327
2944;4706;7650
6326;8071;14397
5061;6361;11422
7266;3907;11173
4211;1172;5383
6209;5429;11638
2398;5673;8071
7936;9153;17089
2239;5111;7350
2334;9020;11354
6397;2905;9302
587;562;1149
1811;8358;10169
2625;5556;8181
7036;8188;15224
488;3721;4209
9613;3956;13569
8935;5992;14927
1913;8137;10050
6454;9993;16447
893;4436;5329
3814;2829;6643
9650;7309;16959
266;3972;4238
3071;4164;7235
469;799;1268
7010;9844;16854
8121;7053;15174
8719;5991;14710
7099;8168;15267
3738;7901;11639
3520;7444;10964
5885;3580;9465
2374;739;3113
8382;3001;11383
3088;7419;10507
7394;174;7568
181;7158;7339
45;1836;1881
4595;8460;13055
9850;1861;11711
5672;6377;12049
7462;4877;12339
7211;2993;10204
5637;472;6109
9677;9260;18937
1036;9210;10246
9356;2152;11508
9439;2577;12016
8027;6241;14268
5798;842;6640
1328;8002;9330
2392;4313;6705
7815;890;8705
3178;7522;10700
7830;6026;13856
7535;283;7818
7279;5364;12643
9713;1140;10853
1000;7488;8488
3548;3451;6999
9458;1042;10500
2769;6511;9280
5480;4320;9800
311;115;426
8852;552;9404
2007;1371;3378
6248;3677;9925
8769;5073;13842
9400;8788;18188
5729;4200;9929
5739;1822;7561
7202;2126;9328
3094;4910;8004
2134;8763;10897
5201;672;5873
1416;5978;7394
3268;2396;5664
3774;7154;10928
9285;504;9789
8972;2016;10988
8313;4208;12521
1265;7048;8313
9731;7597;17328
6919;9330;16249
5271;9615;14886
9795;3215;13010
447;6030;6477
1554;5804;7358
5632;9507;15139
519;3906;4425
2987;6790;9777
4608;8425;13033
748;9893;10641
2935;4016;6951
8660;8573;17233
7590;7979;15569
747;4267;5014
7840;1125;8965
8340;2314;10654
6227;8150;14377
1280;2408;3688
2731;3002;5733
1277;1382;2659
6399;3185;9584
3191;163;3354
4993;8832;13825
5479;1837;7316
9435;9639;19074
3299;9756;13055
261;8862;9123
3718;924;4642
8646;9886;18532
9649;8399;18048
9003;6445;15448
2823;1099;3922
8782;9764;18546
558;5092;5650
6252;4699;10951
3367;2638;6005
403;5949;6352
4419;6369;10788
579;7941;8520
3273;183;3456
3951;9911;13862
8517;8213;16730
7553;4763;12316
2687;8704;11391
5880;2077;7957
3712;4093;7805
5737;8128;13865
4188;6205;10393
484;5252;5736
9831;3491;13322
365;3206;3571
7418;2732;10150
3547;564;4111
2339;7530;9869
568;8982;9550
1901;4975;6876
1974;6316;8290
6416;2112;8528
7224;8630;15854
2226;1869;4095
5016;7318;12334
7550;6241;13791
6136;3933;10069
7614;8827;16441
6209;39;6248
5509;5113;10622
6663;7865;14528
1715;4202;5917
7564;4807;12371
6047;208;6255
9498;8704;18202
3433;2604;6037
4484;836;5320
9437;6522;15959
3118;1667;4785
6012;3516;9528
5778;2417;8195
5627;4557;10184
9926;8839;18765
3450;1588;5038
33;4484;4517
4191;3278;7469
9036;9229;18265
4315;7564;11879
9605;3511;13116
2689;9004;11693
3419;717;4136
8890;3363;12253
4219;7604;11823
9526;8277;17803
7804;6504;14308
7523;3709;11232
4513;6401;10914
7420;9644;17064
7254;881;8135
809;4547;5356
6812;7018;13830
9740;5810;15550
7236;3367;10603
4580;728;5308
2818;2565;5383
2650;1824;4474
9720;5770;15490
6378;5565;11943
9690;2389;12079
1915;9670;11585
1272;7113;8385
4198;1858;6056
4344;7028;11372
7878;8919;16797
9767;1010;10777
9692;9639;19331
4649;8550;13199
7127;4850;11977
8899;2433;11332
4197;4637;8834
9874;6288;16162
865;858;1723
4896;5442;10338
6101;7180;13281
7563;8468;16031
2509;6544;9053
1817;2853;4670
1781;8802;10583
858;6025;6883
1558;5183;6741
1842;2218;4060
1356;1517;2873
120;448;568
360;9109;9469
5926;6699;12625
9639;8540;18179
7421;1506;8927
35;1483;1518
2746;4203;6949
8221;3316;11537
2866;1251;4117
8389;99;8488
4241;1759;6000
4475;7454;11929
2797;7595;10392
798;5260;6058
1396;9835;11231
8736;9795;18531
6372;5272;11644
8174;4559;12733
6172;4730;10902
6125;6543;12668
8944;6922;15866
1907;3943;5850
9410;5198;14608
6282;5000;11282
7495;6775;14270
3873;5737;9610
4167;9401;13568
5476;5488;10964
7712;1688;9400
5967;3582;9549
3957;190;4147
9500;3627;13127
1360;1805;3165
9858;3815;13673
4579;718;5297
1997;4015;6012
7149;8203;15352
8219;3674;11893
3153;6522;9675
4456;8546;13002
3297;2381;5678
1118;9443;10561
9423;7238;16661
7244;273;7517
251;2697;2948
6059;6616;12675
2205;5165;7370
5990;1547;7537
4996;8613;13609
1580;548;2128
8600;1312;9912
877;3648;4525
8742;5244;13986
2959;316;3275
6060;8032;14092
384;1227;1611
1361;4036;5397
4753;4343;9096
5644;8140;13784
7663;624;8287
7609;2976;10585
4568;6707;11275
4134;3125;7259
4099;1235;5334
8414;2291;10705
9592;5137;14729
1218;6952;8170
1584;4047;5631
4747;8405;13152
8764;9724;18488
7119;5605;12724
1567;229;1796
5124;2152;7276
5454;142;5596
5392;1711;7103
7994;8213;16207
9034;398;9432
7621;9471;17092
351;2966;3317
1294;34;1328
4718;3243;7961
2837;3622;6459
8081;419;8500
4779;3258;8037
1831;8809;10640
9880;1720;11600
3132;5434;8566
1449;4958;6407
8028;5763;13791
2313;6560;8873
7333;2414;9747
9977;1475;11452
6517;8048;14565
7321;5292;12613
1014;1267;2281
5956;4283;10239
6810;8143;14953
8363;2991;11354
3234;6913;10147
3392;7884;11276
7177;7212;14389
7562;4785;12347
6329;9586;15915
8390;7970;16360
460;7717;8177
2405;1876;4281
8025;4393;12418
14;9180;9194
7283;3029;10312
7595;5218;12813
3951;7875;11826
4793;2872;7665
5380;6563;11943
9665;2862;12527
5026;2348;7374
1660;5959;7619
3195;5240;8435
8712;4185;12897
7795;8571;16366
6295;1120;7415
9864;9324;19188
9280;8760;18040
5815;4285;10100
4056;2019;6075
5230;2611;7841
3113;5274;8387
3914;9690;13604
4734;9086;13820
9392;9904;19296
8311;3024;11335
6179;7163;13342
3003;8370;11373
4787;479;5266
9268;6986;16254
1096;8462;9558
9761;5572;15333
3853;9095;12948
3248;8048;11296
6402;4985;11387
2772;6166;8938
8984;8609;17593
6926;3496;10422
6084;4600;10684
5250;6189;11439
4590;8154;12744
1822;1532;3354
7370;3954;11324
3348;4323;7671
6411;2635;9046
6530;3548;10078
7471;208;7679
7501;1844;9345
9373;5658;15031
9244;9788;19032
633;4896;5529
58;8035;8093
6076;8957;15033
255;2694;2949
5799;8345;14144
4475;5561;10036
8568;8916;17484
2916;4825;7741
291;5254;5545
7819;655;8474
1897;4254;6151
5734;7696;13430
6547;4397;10944
3482;2676;6158
3241;7301;10542
1420;2765;4185
1181;767;1948
5242;7860;13102
2659;3816;6475
1653;7662;9315
940;9117;10057
3676;7861;11537
7820;1064;8884
7491;2781;10272
2750;1426;4176
2360;4118;6478
6385;3883;10268
4083;3907;7990
8288;855;9143
6052;1863;7915
2613;1758;4371
6832;9001;15833
3446;685;4131
8030;9756;17786
7523;4896;12419
5984;1137;7121
3013;5501;8514
2783;4476;7259
4344;7208;11552
3637;7300;10937
2463;356;2819
6251;3780;10031
4733;2330;7063
3016;1396;4412
9471;8433;17904
678;1730;2408
998;6250;7248
9519;2833;12352
2659;9696;12355
7569;3257;10826
8941;4299;13240
2138;2662;4800
89;1512;1601
7160;7323;14483
3654;5420;9074
1398;1679;3077
9992;4223;14215
892;6471;7363
2094;3775;5869
1354;4483;5837
7394;2550;9944
1041;5070;6111
3890;5968;9858
9857;7306;17163
7803;1870;9673
7116;9271;16387
7144;2560;9704
1105;7643;8748
3019;4187;7206
6583;6495;13078
3254;5095;8349
8812;3898;12710
6787;1647;8434
1332;1780;3112
6143;9614;15757
6743;3887;10630
7297;1898;9195
6594;1527;8121
9493;687;10180
8346;8766;17112
8584;6868;15452
7155;1213;8368
2553;1434;3987
3144;8869;12013
9104;6516;15620
9094;2205;11299
3454;1237;4691
9557;2784;12341
7073;5970;13043
65;2197;2262
7808;7722;15530
8645;8757;17402
8992;2607;11599
742;9950;10692
5625;6488;12113
7607;9649;17256
7297;7418;14715
806;4093;4899
9635;3932;13567
4872;2570;7442
9142;8495;17637
7982;9588;17570
1037;1091;2128
562;5343;5905
9540;632;10172
9998;5342;15340
3632;6107;9739
7359;108;7467
2577;1178;3755
3702;9789;13491
9803;7726;17529
2587;7440;10027
6546;5129;11675
43;2193;2236
6976;4811;11787
5433;3678;9111
5579;7001;12580
3425;7622;11047
8947;2395;11342
7700;5004;12704
5083;7846;12929
4843;3609;8452
5256;3997;9253
3059;3862;6921
4872;4257;9129
6951;1991;8942
3183;3910;7093
5627;6800;12427
5735;2482;8217
3667;8500;12167
8062;7228;15290
4196;1264;5460
245;379;624
2486;937;3423
2191;783;2974
7631;7010;14641
1137;9624;10761
6023;1952;7975
968;551;1519
4349;7732;12081
5773;5893;11666
138;9491;9629
7952;473;8425
9654;4274;13928
8053;9050;17103
6845;3087;9932
2655;1384;4039
7152;4975;12127
3414;7335;10749
7663;3471;11134
2122;3230;5352
5460;3641;9101
8640;5570;14210
5319;6842;12161
1893;9863;11756
4392;7791;12183
3934;4790;8724
7408;9403;16811
7136;3159;10295
2190;8705;10895
1964;4759;6723
4937;5918;10855
3902;8725;12627
8004;93;8097
2080;4248;6328
1814;4223;6037
2649;9295;11944
4260;879;5139
1280;5737;7017
4030;8940;12970
4401;6016;10417
191;4743;4934
7605;332;7937
8802;54;8856
7283;9466;16749
5382;314;5696
5851;7477;13328
5659;1938;7597
3287;487;3774
4900;4021;8921
1019;7409;8428
1634;5656;7290
1552;4875;6427
588;4264;4852
6105;8244;14349
8338;3329;11667
4267;8567;12834
6552;7067;13619
2657;7296;9953
7324;1907;9231
3359;8225;11584
5244;1999;7243
8115;4364;12479
6595;5049;11644
5670;3792;9462
7780;6600;14380
4862;618;5480
3567;7037;10604
7840;2218;10058
6140;7458;13598
7756;6531;14287
1660;7245;8905
3967;572;4539
5290;4053;9343
1208;3748;4956
2488;1783;4271
3649;407;4056
4732;4054;8786
8520;2959;11479
6926;1599;8525
3313;1655;4968
4380;4819;9199
7747;8368;16115
1936;6460;8396
2221;9903;12124
8060;1819;9879
9753;9660;19413
2460;6186;8646
4023;5222;9245
584;5694;6278
2074;3673;5747
20;3590;3610
1186;9649;10835
397;4904;5301
9754;4991;14745
852;3723;4575
7157;1522;8679
2166;4;2170
1313;1068;2381
8493;8113;16606
799;1285;2084
902;4968;5870
4279;8256;12535
6641;7675;14316
5436;5779;11215
4956;2153;7109
9275;9858;19133
1448;8613;10061
636;5032;5668
3147;9648;12795
9285;8635;17920
72;8458;8530
9682;8736;18418
6122;2133;8255
3892;635;4527
9796;485;10281
9066;3789;12855
8030;7260;15290
4290;4605;8895
2187;9195;11382
2025;4280;6305
4718;6324;11042
2457;2954;5411
3985;4291;8276
3709;5020;8729
8435;4701;13136
2071;3856;5927
7639;8513;16152
5787;1706;7493
1763;5971;7734
1940;8129;10069
7599;8285;15884
2603;3777;6380
1055;8558;9613
8551;5514;14065
6561;9879;16440
4708;8866;13574
2649;4163;6812
7049;2738;9787
2203;9663;11866
3321;9184;12505
3615;3442;7057
5919;5691;11610
687;7616;8303
2162;6947;9109
9397;3510;12907
5944;8033;13977
244;458;702
3874;8493;12367
9521;8878;18399
4200;9285;13485
8386;9223;17609
154;6167;6321
1479;842;2321
3177;2705;5882
3142;4024;7166
3722;8922;12644
1669;4392;6061
8752;8936;17688
3937;818;4755
1975;7959;9934
5798;2443;8241
4198;5601;9799
7199;537;7736
7777;1476;9253
2286;2358;4644
5395;1803;7198
1508;2096;3604
2096;6067;8163
4725;2777;7502
7074;3503;10577
2348;4037;6385
7851;7823;15674
8479;767;9246
7493;6513;14006
3405;7796;11201
5706;4892;10598
7812;8057;15869
168;307;475
9033;6779;15812
1370;9927;11297
9198;905;10103
5673;1614;7287
1697;3002;4699
57;6521;6578
98;9714;9812
6638;4564;11202
8664;3585;12249
3802;209;4011
4717;8806;13523
6211;6323;12534
5350;463;5813
3771;8073;11844
4824;7867;12691
9805;4980;14785
2500;7513;10013
7076;6731;13807
5703;322;6025
3871;5944;9815
4514;5559;10073
27;1391;1418
1932;6405;8337
5913;2012;7925
2267;4366;6633
3751;365;4116
9015;498;9513
4451;3817;8268
7251;203;7454
6051;810;6861
8246;3874;12120
5832;6074;11906
376;3029;3405
3904;7816;11720
3307;1787;5094
9608;8281;17889
5438;5849;11287
3265;4980;8245
4252;2421;6673
3152;1783;4935
3365;6343;9708
1773;4195;5968
4814;5124;9938
3856;7359;11215
6470;2522;8992
7420;2420;9840
6049;9855;15904
1352;2236;3588
8702;4285;12987
3782;4424;8206
4705;854;5559
515;92;607
5585;624;6209
2433;7741;10174
7436;3037;10473
4280;831;5111
1837;9908;11745
2561;5023;7584
3409;1041;4450
643;6375;7018
4133;68;4201
9413;5075;14488
3162;545;3707
8582;1147;9729
9437;1538;10975
2976;3188;6164
1844;8390;10234
64;3242;3306
8566;5967;14533
4369;8260;12629
52;162;214
2505;8368;10873
7445;2479;9924
1783;1562;3345
7225;8581;15806
7607;7152;14759
7899;6252;14151
9358;2981;12339
4282;9573;13855
3232;7970;11202
9851;1371;11222
9861;5315;15176
6194;9539;15733
1745;2682;4427
2390;2323;4713
2793;7518;10311
5040;2104;7144
1490;6616;8106
1240;7792;9032
4904;7050;11954
5775;1622;7397
253;5812;6065
674;5210;5884
1138;8301;9439
2299;37;2336
7821;5674;13495
9194;8780;17974
5897;7526;13423
3372;8084;11456
3508;5860;9368
8105;2669;10774
915;966;1881
2769;8788;11557
7543;8162;15705
5438;1074;6512
2566;4165;6731
7129;2340;9469
8470;1586;10056
7826;6610;14436
3063;8565;11628
735;1290;2025
8424;6569;14993
5646;4483;10129
972;6326;7298
5010;3124;8134
2683;7802;10485
345;7223;7568
18;6428;6446
5783;4913;10696
4380;7127;11507
4294;9443;13737
9881;5655;15536
5054;8130;13184
532;1121;1653
562;3911;4473
8052;2651;10703
2502;3011;5513
5094;1839;6933
1298;9801;11099
9221;8871;18092
1480;9690;11170
6311;6643;12954
8584;1793;10377
306;1711;2017
8878;7818;16696
4408;6283;10691
3754;4312;8066
7011;2007;9018
3573;9882;13455
4770;5605;10375
4004;6547;10551
777;6128;6905
7289;834;8123
5217;799;6016
9740;8397;18137
4469;6886;11355
6992;5972;12964
4809;2274;7083
5899;9249;15148
7230;4554;11784
7894;1904;9798
6160;4686;10846
153;6826;6979
6188;3874;10062
3192;9937;13129
6127;4788;10915
1413;9819;11232
82;6162;6244
7313;7461;14774
489;8720;9209
383;7403;7786
7225;619;7844
5651;9434;15085
97;4938;5035
2518;4474;6992
8388;6327;14715
8600;8226;16826
6716;6439;13155
9843;6888;16731
8088;125;8213
8440;6905;15345
4755;4260;9015
467;1930;2397
9693;2096;11789
8316;5856;14172
8035;4165;12200
208;442;650
5773;5836;11609
7076;7290;14366
6996;3070;10066
4441;3087;7528
5707;310;6017
4524;5651;10175
9186;465;9651
3447;3816;7263
7457;8782;16239
447;16;463
8098;5631;13729
3260;774;4034
6977;4733;11710
4781;4912;9693
9950;7102;17052
4157;410;4567
9887;241;10128
9907;4802;14709
4914;8341;13255
9501;5117;14618
7734;8243;15977
5820;4791;10611
5463;3499;8962
7450;5829;13279
132;9354;9486
9864;6516;16380
5339;7512;12851
3135;2203;5338
9202;6309;15511
8700;9607;18307
9142;6261;15403
2695;9190;11885
7148;519;7667
6846;1631;8477
977;2019;2996
3329;1713;5042
1474;4900;6374
7638;9719;17357
432;9370;9802
4975;4591;9566
3535;4137;7672
7086;7815;14901
4981;8873;13854
6061;6809;12870
2096;4102;6198
2729;2740;5469
297;668;965
1268;1694;2962
4819;1000;5819
3170;8433;11603
3882;352;4234
5461;8932;14393
4061;1366;5427
549;6989;7538
615;4269;4884
149;9427;9576
6795;1913;8708
961;988;1949
7971;8086;16057
5803;9447;15250
483;4732;5215
8806;3255;12061
5671;432;6103
3998;6170;10168
4227;7635;11862
4011;1827;5838
9028;2237;11265
2014;2483;4497
1779;6976;8755
1036;1140;2176
5977;9379;15356
5688;5328;11016
8584;4657;13241
4116;3418;7534
6330;801;7131
361;3097;3458
2312;4878;7190
3637;6400;10037
1735;7986;9721
9289;140;9429
8519;9707;18226
3968;5923;9891
8904;3828;12732
2221;2380;4601
7850;3392;11242
5938;8692;14630
4408;3507;7915
1472;234;1706
3557;1897;5454
2529;170;2699
5086;4694;9780
70;3790;3860
5046;5059;10105
9336;7867;17203
1023;8309;9332
9957;1198;11155
378;9068;9446
2167;7394;9561
8988;7711;16699
3326;4528;7854
3559;2015;5574
6106;6596;12702
3550;7560;11110
2549;3645;6194
8338;3986;12324
3730;3279;7009
5965;5901;11866
1907;1382;3289
3013;2990;6003
1471;478;1949
4859;7306;12165
1450;8474;9924
6612;8897;15509
1036;9641;10677
1104;4574;5678
8480;2074;10554
1883;3414;5297
3538;1488;5026
1722;8539;10261
8875;1654;10529
3474;790;4264
5450;3309;8759
5964;8471;14435
504;96;600
661;8716;9377
8231;9967;18198
2898;870;3768
7012;8053;15065
1122;8396;9518
8373;4439;12812
4625;7904;12529
4428;8806;13234
4021;8342;12363
7060;4240;11300
5532;3706;9238
9874;9606;19480
6896;6802;13698
3586;8190;11776
629;927;1556
1538;498;2036
1671;8675;10346
5689;2943;8632
3215;2531;5746
7494;2168;9662
9195;6526;15721
1356;6680;8036
2529;6786;9315
2785;7929;10714
8824;5857;14681
6414;4114;10528
8303;2119;10422
1817;2840;4657
2649;6567;9216
6209;9104;15313
9481;4218;13699
2259;1307;3566
7702;3092;10794
5075;6207;11282
1152;6824;7976
6218;9071;15289
3851;8107;11958
5963;3332;9295
5129;7029;12158
7805;1866;9671
141;8540;8681
4635;1621;6256
3279;693;3972
1422;6268;7690
2670;1353;4023
4012;9534;13546
7516;9921;17437
1107;7379;8486
1266;5510;6776
4081;1719;5800
9628;5156;14784
992;8233;9225
7801;8111;15912
1345;4356;5701
2568;24;2592
4744;923;5667
4973;4705;9678
1518;2645;4163
1291;6076;7367
619;6034;6653
4165;1675;5840
5162;6072;11234
9262;247;9509
8354;3490;11844
3959;1710;5669
1897;5598;7495
6535;8557;15092
9178;8422;17600
7804;7673;15477
3491;9416;12907
5439;7771;13210
5720;8360;14080
7956;9679;17635
5257;8165;13422
5466;3819;9285
7646;8161;15807
1053;4988;6041
49;6571;6620
6227;4063;10290
1499;5039;6538
8710;5198;13908
3493;3231;6724
1647;159;1806
7335;1920;9255
9798;2733;12531
1357;4420;5777
4037;4331;8368
6248;7014;13262
6348;2791;9139
7856;7322;15178
3042;4820;7862
6534;5632;12166
9197;8240;17437
7715;5423;13138
6431;5280;11711
1636;3682;5318
3961;5277;9238
3459;7504;10963
3724;6222;9946
1127;3561;4688
2980;3552;6532
2843;5101;7944
8220;6161;14381
8938;971;9909
4282;4557;8839
8645;7897;16542
3075;9779;12854
5191;8440;13631
3162;4085;7247
2661;8152;10813
1827;2145;3972
2744;6547;9291
3724;6002;9726
9115;9813;18928
5284;9465;14749
142;9709;9851
4239;4409;8648
4425;1378;5803
2971;2089;5060
7034;1496;8530
2141;5471;7612
8704;9623;18327
2633;616;3249
4549;3250;7799
6137;8045;14182
5523;7711;13234
5740;4151;9891
7454;9567;17021
8428;9490;17918
1376;2428;3804
2613;8575;11188
2414;29;2443
5876;8625;14501
340;2847;3187
7630;1264;8894
6238;8401;14639
3793;3777;7570
133;7596;7729
4246;448;4694
3190;9259;12449
1672;8601;10273
4893;6372;11265
962;7856;8818
8276;3703;11979
4723;6627;11350
6308;6348;12656
7913;8489;16402
4298;313;4611
3597;3714;7311
9863;9957;19820
1899;3003;4902
8222;6472;14694
4626;8858;13484
5287;5595;10882
6010;513;6523
7798;9642;17440
6522;8832;15354
7713;655;8368
1796;6815;8611
5730;2490;8220
3505;3206;6711
3624;7829;11453
4900;1066;5966
7038;8794;15832
2481;9495;11976
1126;1877;3003
3396;3127;6523
9717;2768;12485
8560;4450;13010
3383;9713;13096
5723;2716;8439
6616;803;7419
3274;6130;9404
7190;8430;15620
839;9240;10079
8488;2930;11418
4871;8363;13234
4904;6791;11695
4228;4974;9202
5772;2378;8150
6883;911;7794
9046;4318;13364
8302;9888;18190
268;2060;2328
9688;1848;11536
8751;8590;17341
2116;4790;6906
1382;524;1906
8617;9673;18290
6481;2347;8828
3806;7340;11146
3828;231;4059
1158;2038;3196
6338;5163;11501
8019;8436;16455
7001;9607;16608
4772;9287;14059
3375;319;3694
3072;413;3485
8605;4585;13190
9224;111;9335
5424;8977;14401
96;2645;2741
6368;6273;12641
2296;6733;9029
8925;3476;12401
4186;5978;10164
9251;9057;18308
1715;592;2307
6189;9946;16135
6974;3281;10255
78;3228;3306
4547;6453;11000
6311;4327;10638
5044;9238;14282
5060;2012;7072
905;6554;7459
1352;9417;10769
8001;2571;10572
2614;5287;7901
7339;5855;13194
23;5532;5555
7532;212;7744
9616;7176;16792
2300;8220;10520
8222;8475;16697
5349;2493;7842
5478;7688;13166
1400;3150;4550
2031;9905;11936
5840;4813;10653
3082;7513;10595
3112;3589;6701
6911;5971;12882
359;2943;3302
900;3071;3971
3559;9765;13324
9332;8913;18245
4997;5192;10189
2350;9631;11981
2840;7377;10217
567;9618;10185
1380;4851;6231
5641;2874;8515
5432;8048;13480
1860;1825;3685
325;9464;9789
5216;7612;12828
5993;7327;13320
9540;7403;16943
2128;7629;9757
2943;5799;8742
4156;9494;13650
2858;902;3760
6282;8742;15024
7445;7725;15170
9772;765;10537
392;1939;2331
4252;6230;10482
8315;8626;16941
8611;3915;12526
7162;5088;12250
8773;8263;17036
7570;9701;17271
3446;2718;6164
7284;5483;12767
9193;7104;16297
2623;5391;8014
4440;1785;6225
6465;1124;7589
6269;3868;10137
6376;4499;10875
1843;1003;2846
290;1008;1298
2690;1731;4421
6812;5162;11974
8222;409;8631
4849;849;5698
5648;8824;14472
6865;6310;13175
3828;2170;5998
9826;3077;12903
3536;2253;5789
7077;1831;8908
3187;7057;10244
6252;8517;14769
5864;8761;14625
2850;4638;7488
9987;7559;17546
1851;4406;6257
5561;7941;13502
4340;4975;9315
7783;8867;16650
4997;7457;12454
1470;1661;3131
3630;9987;13617
1934;8692;10626
4218;9958;14176
2496;2024;4520
3109;1009;4118
9434;652;10086
3657;4122;7779
6908;4239;11147
4805;7494;12299
4971;1354;6325
9730;9149;18879
6242;9651;15893
695;833;1528
8968;1440;10408
1131;99;1230
9350;9727;19077
2832;7172;10004
2133;890;3023
1612;7407;9019
7774;5797;13571
7172;3721;10893
1656;7592;9248
5120;9704;14824
1808;9448;11256
9207;2405;11612
3396;8189;11585
9588;541;10129
7651;6026;13677
1203;1985;3188
8583;6060;14643
8157;7284;15441
5135;6865;12000
5425;1562;6987
1591;3768;5359
3908;9050;12958
4337;4324;8661
1521;9191;10712
505;5794;6299
9157;9841;18998
1821;6906;8727
1866;663;2529
6963;6561;13524
6187;382;6569
4719;5675;10394
2;7285;7287
2830;2104;4934
1193;413;1606
70;3959;4029
639;5683;6322
1536;9220;10756
7754;9763;17517
1358;9410;10768
5473;2636;8109
4646;3416;8062
4199;2165;6364
7840;9969;17809
5245;8429;13674
9334;9385;18719
804;2880;3684
605;3693;4298
1062;703;1765
9542;628;10170
8593;2415;11008
6255;3652;9907
1235;2625;3860
5148;1643;6791
8045;7964;16009
5482;8361;13843
9514;9535;19049
8732;2908;11640
9717;1909;11626
7804;5597;13401
9614;6040;15654
7678;4595;12273
3420;7181;10601
8602;1067;9669
971;8349;9320
12;3648;3660
7761;6176;13937
1038;6579;7617
7255;3057;10312
2387;1481;3868
2533;3043;5576
9471;125;9596
1699;4119;5818
9586;9648;19234
9713;4631;14344
5810;3784;9594
2146;3896;6042
9410;8031;17441
5596;2650;8246
8572;7047;15619
5766;2372;8138
7518;4951;12469
5989;8095;14084
3634;9930;13564
1712;5579;7291
2145;6163;8308
3350;3118;6468
9797;5282;15079
3049;2;3051
5018;1546;6564
1061;6276;7337
3560;4282;7842
2447;9779;12226
5763;6898;12661
3844;7978;11822
1245;9627;10872
4864;6433;11297
3197;6003;9200
6277;5125;11402
2898;7879;10777
5767;2329;8096
4497;2188;6685
2634;7415;10049
2160;647;2807
5316;4983;10299
5646;5388;11034
6029;7925;13954
5226;4555;9781
2074;3952;6026
4;8326;8330
5958;3570;9528
2881;3143;6024
3040;1051;4091
3270;4654;7924
3387;2944;6331
7034;6008;13042
8312;9625;17937
9570;2378;11948
762;823;1585
6153;703;6856
543;7089;7632
4336;9018;13354
7291;9134;16425
5600;5799;11399
9030;1622;10652
4745;2959;7704
5895;3640;9535
2665;8356;11021
6766;1830;8596
5767;7295;13062
3221;4478;7699
9756;1516;11272
8387;9661;18048
8399;5713;14112
1928;3405;5333
4376;6913;11289
5490;1231;6721
2296;7220;9516
8915;2027;10942
8731;9300;18031
8217;6049;14266
6108;3178;9286
7378;8184;15562
499;8740;9239
4967;6129;11096
1434;3823;5257
4123;5828;9951
2221;2747;4968
6850;9994;16844
341;4138;4479
868;9336;10204
4003;9961;13964
7028;9969;16997
2054;4065;6119
3686;4828;8514
4078;186;4264
799;8264;9063
2258;872;3130
1063;9999;11062
5754;3090;8844
6080;5848;11928
2779;4358;7137
8835;5429;14264
9685;9189;18874
5662;6882;12544
3599;1468;5067
2535;8717;11252
8658;905;9563
4277;9900;14177
5001;9789;14790
2520;9112;11632
3331;3492;6823
8597;6155;14752
3468;3628;7096
239;3947;4186
1358;8402;9760
76;4159;4235
2991;5700;8691
9485;2377;11862
5430;661;6091
5535;3707;9242
476;8873;9349
7808;7760;15568
6821;2235;9056
722;2975;3697
690;630;1320
2434;1313;3747
5076;8670;13746
6564;3852;10416
3376;8185;11561
5876;8595;14471
1168;7110;8278
4586;8161;12747
4691;5420;10111
1410;9667;11077
3249;8914;12163
5584;1011;6595
2257;284;2541
4136;3218;7354
7534;2354;9888
7516;9352;16868
3654;3687;7341
7659;4992;12651
1146;1633;2779
3337;5839;9176
4176;9508;13684
2453;8034;10487
2784;7659;10443
842;454;1296
3622;620;4242
9805;3639;13444
5898;8916;14814
3049;2058;5107
9042;9081;18123
7274;3821;11095
325;4518;4843
9279;8952;18231
8263;6098;14361
3594;1816;5410
7258;1157;8415
476;988;1464
3364;1539;4903
2824;312;3136
2966;3104;6070
9596;4354;13950
4209;2964;7173
6968;6586;13554
8038;8204;16242
8585;2910;11495
2959;1870;4829
3582;5451;9033
1466;9298;10764
5385;2139;7524
2885;515;3400
8752;7823;16575
9445;1654;11099
3868;1935;5803
4326;6009;10335
9499;780;10279
7772;6761;14533
8044;8324;16368
4656;5166;9822
6626;57;6683
3907;5533;9440
3400;1031;4431
6009;5582;11591
9098;4001;13099
8556;7908;16464
3919;7492;11411
4515;373;4888
493;3607;4100
4396;5151;9547
2028;4192;6220
2981;5939;8920
1944;5901;7845
807;3931;4738
9416;5324;14740
4298;2327;6625
2072;4646;6718
5679;3063;8742
2599;8342;10941
9471;7375;16846
6747;3377;10124
3283;6748;10031
6220;895;7115
8581;8357;16938
1585;3609;5194
3916;8467;12383
9707;1034;10741
2805;9856;12661
4111;3044;7155
2797;6014;8811
2020;3223;5243
5397;2722;8119
1096;1903;2999
6023;522;6545
5142;9693;14835
338;3311;3649
1889;6716;8605
9150;4928;14078
256;1564;1820
4727;8110;12837
4337;1602;5939
6613;4215;10828
6871;2056;8927
8064;9861;17925
4071;3386;7457
3308;586;3894
2026;1138;3164
4400;5010;9410
7881;610;8491
4812;4902;9714
7277;1947;9224
3869;6267;10136
2677;4058;6735
9059;5813;14872
64;6219;6283
875;9342;10217
7615;355;7970
563;9799;10362
9944;1803;11747
4304;8802;13106
6735;737;7472
8598;9598;18196
707;1256;1963
4345;7923;12268
1286;5026;6312
9516;785;10301
1452;2889;4341
6503;9085;15588
9170;1363;10533
6251;3199;9450
3925;7095;11020
4832;4536;9368
4273;2165;6438
2671;1224;3895
6549;8425;14974
7147;925;8072
6297;8419;14716
3205;7298;10503
5797;6600;12397
7711;1759;9470
3693;8631;12324
3339;9920;13259
3457;5897;9354
6012;7098;13110
6283;7472;13755
624;9078;9702
9915;6906;16821
8291;4055;12346
1449;7698;9147
3424;9807;13231
8333;968;9301
6993;3996;10989
3630;5681;9311
8520;3564;12084
9490;7876;17366
7053;7193;14246
7932;566;8498
7808;5616;13424
4524;966;5490
4419;6555;10974
1184;3581;4765
4121;5694;9815
9455;1053;10508
1338;9962;11300
7922;2659;10581
6851;626;7477
6073;7685;13758
5247;950;6197
6611;9286;15897
1317;3231;4548
6965;2843;9808
8445;5968;14413
9844;705;10549
704;1993;2697
515;421;936
3230;1649;4879
4405;2418;6823
4231;2387;6618
2582;7601;10183
8111;8719;16830
2405;7350;9755
3295;4754;8049
6232;1644;7876
4862;2635;7497
5179;3215;8394
7981;9725;17706
5042;5656;10698
9923;3551;13474
7543;7909;15452
9874;1901;11775
7450;8130;15580
1864;1192;3056
333;1790;2123
6239;310;6549
1721;5122;6843
1343;5114;6457
2443;500;2943
558;5939;6497
2044;8532;10576
5474;4106;9580
1808;9489;11297
6234;5055;11289
3508;8922;12430
9836;8119;17955
9186;9293;18479
4896;4198;9094
3203;5844;9047
6874;7290;14164
2868;6484;9352
2363;4622;6985
8811;800;9611
8573;7946;16519
8206;1739;9945
6972;2727;9699
289;8098;8387
9647;5286;14933
8500;4337;12837
7167;5809;12976
4149;6789;10938
4982;7202;12184
1447;1196;2643
3029;4698;7727
2670;8012;10682
6588;6333;12921
3337;5017;8354
922;1316;2238
2055;4341;6396
7197;8923;16120
9271;4616;13887
9468;871;10339
9278;955;10233
1478;899;2377
4670;1176;5846
7115;6526;13641
6584;3573;10157
3856;384;4240
6176;8246;14422
8424;1023;9447
1308;7735;9043
1366;5359;6725
9671;5251;14922
6470;1794;8264
7075;8113;15188
8214;6572;14786
8869;9481;18350
9064;7967;17031
9686;8967;18653
6479;7620;14099
4573;9045;13618
3764;4783;8547
1911;1453;3364
281;4900;5181
1021;8601;9622
143;7393;7536
8899;6759;15658
8348;6265;14613
3343;2370;5713
5404;6608;12012
935;9856;10791
612;283;895
97;8778;8875
4502;8085;12587
5646;4464;10110
2807;7686;10493
1623;8217;9840
6698;7273;13971
1582;6744;8326
3538;8428;11966
8610;4430;13040
3919;256;4175
1402;2264;3666
2481;435;2916
5504;7452;12956
3824;1258;5082
2953;7976;10929
2157;2468;4625
3540;8652;12192
4866;7309;12175
8312;4327;12639
5769;9407;15176
784;2597;3381
9869;296;10165
3161;1375;4536
2718;7160;9878
48;7115;7163
3778;9243;13021
1246;417;1663
6856;4208;11064
7379;2784;10163
8886;3749;12635
6943;1233;8176
2477;1856;4333
4279;8891;13170
2817;7284;10101
6412;566;6978
6121;8371;14492
8568;5270;13838
4389;7995;12384
4518;7672;12190
6851;6768;13619
703;406;1109
4833;2358;7191
6879;1302;8181
9652;7088;16740
2001;7582;9583
2464;5585;8049
5264;6176;11440
8030;8517;16547
234;9841;10075
5183;9451;14634
8094;698;8792
9537;8793;18330
4660;3312;7972
401;7360;7761
9439;2851;12290
9156;8961;18117
7840;4916;12756
5783;7884;13667
9735;3669;13404
1565;9007;10572
2787;1248;4035
6343;8823;15166
923;6359;7282
5148;4950;10098
3727;9717;13444
3781;1161;4942
4624;9630;14254
9472;3684;13156
8546;9944;18490
4272;8526;12798
8764;7421;16185
1261;170;1431
9967;3239;13206
6385;1713;8098
1159;6722;7881
6768;8070;14838
7139;4561;11700
3928;2806;6734
6860;2059;8919
2794;5374;8168
8157;2904;11061
6346;3818;10164
4465;983;5448
9553;5069;14622
840;8431;9271
1851;452;2303
6869;9219;16088
9005;5521;14526
8588;2186;10774
7383;7010;14393
1016;8944;9960
9443;2449;11892
566;9453;10019
4250;7402;11652
8729;2033;10762
1411;7463;8874
8340;5116;13456
9318;9384;18702
6229;8134;14363
7409;3959;11368
7682;5019;12701
1594;4276;5870
2376;9648;12024
8077;8729;16806
623;5930;6553
5896;4372;10268
1032;1173;2205
7185;9394;16579
3052;437;3489
374;5997;6371
7063;7273;14336
6332;8851;15183
8409;5777;14186
4866;6110;10976
7593;9559;17152
8884;46;8930
7820;4444;12264
9094;9685;18779
3778;9194;12972
885;1108;1993
3132;5169;8301
5089;529;5618
9260;6351;15611
2702;1387;4089
5749;9391;15140
9968;2773;12741
5967;3731;9698
5264;4740;10004
8517;1931;10448
9867;7588;17455
4353;3214;7567
5528;4445;9973
8272;6143;14415
2852;3211;6063
3430;3504;6934
1929;5651;7580
789;8993;9782
3575;7429;11004
2321;5096;7417
659;4381;5040
7917;6807;14724
4692;5307;9999
7299;227;7526
9747;8739;18486
7684;2206;9890
2618;3062;5680
8323;1960;10283
537;1498;2035
319;8246;8565
8050;7115;15165
6075;2050;8125
4029;8435;12464
9868;1545;11413
6184;9267;15451
1746;8731;10477
4059;2208;6267
4841;3523;8364
1144;882;2026
248;3441;3689
2193;8330;10523
4134;7021;11155
2102;8219;10321
2985;3885;6870
2832;4854;7686
8996;6885;15881
4866;8155;13021
4687;7047;11734
6322;7041;13363
1316;9264;10580
1630;3742;5372
9424;3487;12911
8747;4377;13124
6446;9328;15774
1726;5692;7418
4698;3623;8321
3083;1679;4762
5720;3433;9153
8608;8730;17338
7053;2636;9689
9291;8499;17790
5535;2915;8450
773;5172;5945
8870;3191;12061
1247;993;2240
3668;495;4163
4611;5671;10282
1999;2557;4556
3188;1812;5000
1502;6384;7886
4702;2297;6999
4217;6770;10987
4727;7875;12602
6088;5414;11502
9191;4928;14119
2364;6203;8567
686;3612;4298
959;9230;10189
612;6288;6900
5596;4376;9972
3277;2571;5848
9526;438;9964
2435;5847;8282
7699;2557;10256
7823;8830;16653
7343;917;8260
1596;5771;7367
5088;4193;9281
1645;7028;8673
9070;5403;14473
770;7773;8543
9021;18;9039
7299;7736;15035
1288;4403;5691
8318;5776;14094
4516;1461;5977
6567;8300;14867
90;3681;3771
8089;325;8414
4511;8721;13232
8276;3479;11755
1480;1562;3042
261;3378;3639
5753;1680;7433
8017;8701;16718
4837;3355;8192
9083;463;9546
6340;1456;7796
6798;1168;7966
4398;9143;13541
7895;1911;9806
8249;4294;12543
5069;2400;7469
5075;4323;9398
7029;8558;15587
9293;264;9557
3812;4930;8742
5975;2571;8546
242;9074;9316
7481;5969;13450
9065;5478;14543
4691;5709;10400
8127;8733;16860
5789;6385;12174
1549;5190;6739
8205;3308;11513
6169;6130;12299
72;2303;2375
9689;6066;15755
1129;6866;7995
2555;5536;8091
4954;8195;13149
6786;6882;13668
9041;26;9067
2883;2403;5286
9461;8108;17569
9685;1540;11225
3330;4712;8042
1073;4707;5780
8028;8575;16603
6200;6050;12250
8429;4430;12859
2522;3634;6156
7140;1760;8900
3154;3736;6890
1267;8962;10229
1705;5570;7275
310;4446;4756
3676;6021;9697
1157;4578;5735
3656;4380;8036
7386;2185;9571
6788;1391;8179
2248;7775;10023
7458;4840;12298
8790;8345;17135
2992;7126;10118
4359;1130;5489
9796;4515;14311
6995;2492;9487
7853;5113;12966
8722;5318;14040
9051;213;9264
8383;9638;18021
4826;9958;14784
5938;4578;10516
8814;6710;15524
6378;4661;11039
1487;3410;4897
5659;8263;13922
1086;5362;6448
7754;9109;16863
8236;5680;13916
4761;8640;13401
2947;2371;5318
8080;7608;15688
2873;3178;6051
5809;2819;8628
2755;650;3405
2115;5295;7410
9902;296;10198
3799;5651;9450
6734;5656;12390
6136;6678;12814
3987;292;4279
3090;2120;5210
6865;8949;15814
8900;9089;17989
5072;4887;9959
4804;8413;13217
1948;4727;6675
6398;1039;7437
2469;2277;4746
9129;6524;15653
1914;4431;6345
3722;1656;5378
2663;3524;6187
192;8735;8927
6074;695;6769
4781;7682;12463
1157;5096;6253
9804;7645;17449
8580;6665;15245
616;354;970
1960;2451;4411
557;6498;7055
9872;5335;15207
3525;7264;10789
3093;5324;8417
1392;405;1797
9270;1813;11083
2869;8300;11169
8024;4781;12805
3236;308;3544
2625;8609;11234
7871;2536;10407
3412;1162;4574
8852;4351;13203
8225;230;8455
9046;1117;10163
1070;8076;9146
1151;2781;3932
9686;8911;18597
2823;6477;9300
9815;8104;17919
2840;7846;10686
2114;1863;3977
8085;5278;13363
8524;5152;13676
4102;7309;11411
9620;7276;16896
7509;4339;11848
8821;888;9709
1553;8150;9703
4494;7111;11605
5170;7679;12849
6460;4199;10659
4678;1385;6063
8028;1363;9391
3272;5787;9059
7615;5442;13057
9132;4374;13506
1854;7673;9527
5717;6801;12518
5166;593;5759
2310;4423;6733
1120;7978;9098
767;5563;6330
3503;1571;5074
1966;2015;3981
2699;7556;10255
4189;1560;5749
5244;2783;8027
3870;4752;8622
426;8533;8959
2177;659;2836
1303;4828;6131
8575;3985;12560
4609;1888;6497
7076;6443;13519
8651;844;9495
5816;3674;9490
3976;1789;5765
4006;7657;11663
5387;9312;14699
7633;5864;13497
2264;8266;10530
579;4089;4668
713;8104;8817
1549;8798;10347
7755;301;8056
3094;9166;12260
1429;5866;7295
9602;4036;13638
2388;3329;5717
9143;6617;15760
2114;2071;4185
7464;2592;10056
6659;2664;9323
7003;8061;15064
1445;8646;10091
8791;6878;15669
8351;1970;10321
2773;2338;5111
5566;879;6445
2491;2601;5092
4068;5318;9386
1971;2317;4288
6073;2964;9037
723;7564;8287
4837;9081;13918
5417;325;5742
4899;3996;8895
9986;7553;17539
9686;2667;12353
4366;7669;12035
8126;2135;10261
4467;5276;9743
2233;3394;5627
8366;7773;16139
4886;3887;8773
9109;639;9748
3287;6266;9553
7368;1518;8886
7209;9933;17142
7837;4054;11891
2933;1167;4100
5602;1884;7486
101;9179;9280
2892;9273;12165
9912;5468;15380
8767;1556;10323
467;5071;5538
2965;397;3362
5528;5788;11316
3563;5755;9318
4203;7161;11364
5152;9282;14434
5660;4351;10011
8716;6525;15241
6232;3366;9598
6913;6730;13643
5211;6381;11592
7690;7591;15281
8841;6107;14948
4648;9230;13878
8841;2191;11032
9195;1382;10577
7401;1438;8839
6355;4778;11133
3945;8414;12359
3177;9939;13116
3997;796;4793
527;7537;8064
3272;4058;7330
6720;1868;8588
5817;4672;10489
2471;6237;8708
7753;5360;13113
3195;1726;4921
2609;3285;5894
4735;6518;11253
6345;2674;9019
2982;3204;6186
8479;5585;14064
5690;3387;9077
8215;9948;18163
9191;4124;13315
2761;2865;5626
1249;751;2000
835;8873;9708
4866;6585;11451
3726;4071;7797
5485;3091;8576
4559;9971;14530
9799;3548;13347
541;6457;6998
1331;8179;9510
2652;3859;6511
4158;5259;9417
2575;7663;10238
3625;901;4526
6831;9745;16576
9741;2095;11836
1852;9879;11731
4501;7579;12080
3302;8274;11576
679;1603;2282
4538;1069;5607
9760;8434;18194
2411;9622;12033
8565;8901;17466
4723;5214;9937
4701;9047;13748
5884;2613;8497
3842;1148;4990
9179;8181;17360
1084;9411;10495
4508;5485;9993
7986;8046;16032
3822;5372;9194
5352;500;5852
7131;1743;8874
5241;655;5896
7598;2790;10388
9528;5069;14597
5680;3921;9601
1430;8384;9814
2482;3542;6024
3155;3161;6316
2773;9535;12308
2827;6249;9076
573;8252;8825
1340;7433;8773
1918;2245;4163
6168;9043;15211
9979;8575;18554
1074;194;1268
1188;578;1766
6784;5237;12021
6288;7324;13612
134;8899;9033
61;8974;9035
1569;3679;5248
8990;8968;17958
9412;3629;13041
2181;2690;4871
5307;9974;15281
1074;1807;2881
3401;5466;8867
8120;2033;10153
9307;484;9791
3227;6491;9718
4055;7711;11766
2628;1433;4061
9496;2801;12297
8952;4794;13746
5411;8304;13715
3243;8609;11852
1438;1023;2461
7373;2313;9686
5454;7369;12823
6268;1576;7844
7321;5526;12847
4156;7321;11477
3737;4451;8188
7158;1827;8985
2838;2795;5633
6479;1589;8068
4220;2810;7030
6690;6891;13581
9847;8884;18731
53;2742;2795
3642;4098;7740
8201;2146;10347
9392;3381;12773
3710;2664;6374
8421;1756;10177
555;4722;5277
980;3583;4563
8859;3746;12605
2029;865;2894
4875;791;5666
8914;442;9356
7293;7572;14865
5725;2284;8009
6434;8547;14981
5938;7451;13389
5840;2421;8261
7145;8592;15737
8497;5947;14444
9090;2486;11576
3591;4429;8020
2191;9678;11869
3057;9500;12557
2127;6638;8765
6131;7278;13409
1631;6728;8359
3098;9493;12591
1029;7804;8833
685;8017;8702
5579;1388;6967
1374;4020;5394
7057;63;7120
7040;9413;16453
2140;2974;5114
3968;9228;13196
21;9991;10012
3599;3227;6826
9392;6691;16083
2142;1860;4002
5597;8899;14496
2471;2003;4474
236;3009;3245
4909;2466;7375
4629;723;5352
1626;9029;10655
7544;843;8387
7278;4212;11490
7628;4740;12368
4583;9045;13628
3635;4165;7800
7474;9871;17345
1625;2242;3867
2313;6479;8792
1902;3825;5727
9351;9805;19156
8915;5158;14073
7747;6761;14508
9453;3797;13250
9857;4406;14263
2097;1304;3401
96;3878;3974
1493;9649;11142
4194;4062;8256
4350;250;4600
7001;7840;14841
3622;3887;7509
3879;7096;10975
8752;9508;18260
6302;777;7079
998;5647;6645
1983;1482;3465
4402;3932;8334
9232;3125;12357
8084;5171;13255
7399;8674;16073
4148;5664;9812
7407;3226;10633
3784;5478;9262
1696;1427;3123
9827;1550;11377
1749;6864;8613
9836;4180;14016
4555;4867;9422
3766;6950;10716
3551;4454;8005
2913;7630;10543
1375;3416;4791
438;9155;9593
8486;3646;12132
4447;8731;13178
1399;4147;5546
8150;5089;13239
6933;115;7048
4190;7246;11436
9909;4255;14164
844;1987;2831
3668;3516;7184
4416;980;5396
4553;8945;13498
6077;1940;8017
7814;9136;16950
9687;7057;16744
7184;2080;9264
9116;7949;17065
9552;9445;18997
1578;8812;10390
7256;7049;14305
2912;356;3268
3047;2623;5670
7827;5336;13163
3205;3651;6856
8221;5315;13536
5003;3191;8194
4044;9684;13728
5707;9151;14858
8629;5528;14157
4997;5675;10672
3660;3131;6791
8215;7355;15570
4194;6879;11073
3763;2199;5962
1777;7383;9160
9840;5259;15099
2400;5630;8030
649;9945;10594
378;4507;4885
7638;6593;14231
3743;3936;7679
1020;6690;7710
3861;411;4272
6556;2306;8862
4815;5127;9942
7444;537;7981
5727;818;6545
3205;6410;9615
787;5330;6117
7032;7306;14338
7980;5850;13830
4024;864;4888
8541;4135;12676
7635;9898;17533
8842;6475;15317
744;9267;10011
4192;2442;6634
3294;9254;12548
1634;5456;7090
7679;7512;15191
6331;2134;8465
7524;6759;14283
1032;2041;3073
1859;5606;7465
7737;6142;13879
4710;7918;12628
4784;7550;12334
6689;5389;12078
366;6067;6433
9703;3700;13403
1759;2946;4705
5060;2757;7817
2329;1647;3976
9798;4038;13836
6119;1495;7614
9630;2662;12292
1970;2492;4462
6520;795;7315
7991;9572;17563
7906;4382;12288
7019;6091;13110
3132;3770;6902
3562;6084;9646
8498;6464;14962
5613;5553;11166
9986;6707;16693
73;1949;2022
306;1409;1715
527;768;1295
6337;7405;13742
8828;4767;13595
8143;5619;13762
5749;442;6191
934;9365;10299
2499;2156;4655
2075;7948;10023
2170;9361;11531
696;6991;7687
6984;3659;10643
194;9293;9487
9050;7218;16268
2188;706;2894
6299;5636;11935
683;3172;3855
3434;6559;9993
8426;9848;18274
224;32;256
5014;4993;10007
1437;2863;4300
251;156;407
7872;6356;14228
1140;2281;3421
1631;6651;8282
6216;3560;9776
297;8654;8951
2173;3958;6131
1902;5380;7282
1971;7051;9022
7375;9217;16592
4088;184;4272
8941;9213;18154
7344;1705;9049
3682;7214;10896
2184;764;2948
3539;8056;11595
6418;377;6795
8379;5398;13777
2931;960;3891
6956;2630;9586
1187;7011;8198
2208;7284;9492
2076;9358;11434
859;5132;5991
106;8528;8634
7227;8459;15686
9919;6291;16210
5866;625;6491
1391;6927;8318
1415;8427;9842
610;20;630
6985;962;7947
8776;1530;10306
7841;368;8209
1059;1661;2720
8452;5854;14306
200;7105;7305
4778;1022;5800
2704;2128;4832
5921;9402;15323
6059;2041;8100
3089;2577;5666
5074;7409;12483
5734;6237;11971
2954;9495;12449
1773;5078;6851
6533;3928;10461
4564;3982;8546
1744;4478;6222
508;4044;4552
7688;2505;10193
7139;78;7217
137;9138;9275
9381;8040;17421
1739;7986;9725
5374;8291;13665
3589;7828;11417
4874;2555;7429
466;346;812
3878;6384;10262
8986;3859;12845
8419;3301;11720
1974;7437;9411
2258;4695;6953
5339;3983;9322
1537;8320;9857
6620;21;6641
4867;5188;10055
8513;676;9189
6985;1307;8292
161;9809;9970
4718;6427;11145
1438;6595;8033
6777;3869;10646
963;4992;5955
8752;6685;15437
2976;3275;6251
7893;5677;13570
9870;3482;13352
6316;6615;12931
5478;6094;11572
9079;5565;14644
993;1291;2284
4493;8505;12998
7457;6160;13617
6121;2987;9108
819;7924;8743
4387;3375;7762
5457;6932;12389
179;2082;2261
463;7583;8046
8415;9656;18071
1321;8447;9768
5429;6209;11638
4629;5035;9664
5448;1151;6599
5419;387;5806
4264;9942;14206
1914;2419;4333
1114;8379;9493
1913;6594;8507
4407;8138;12545
2205;542;2747
2218;6629;8847
4059;881;4940
197;7467;7664
5121;7215;12336
9012;8498;17510
2307;3577;5884
6236;2077;8313
6525;8050;14575
4832;2386;7218
7382;1065;8447
4977;9583;14560
4315;4611;8926
3071;4633;7704
9849;1240;11089
2053;3469;5522
1497;2533;4030
9841;1222;11063
1317;3789;5106
1179;7363;8542
2656;3706;6362
1159;2038;3197
268;9899;10167
3959;8018;11977
4110;7743;11853
1897;3249;5146
9695;5392;15087
4098;7833;11931
1356;3448;4804
5316;6755;12071
2662;3887;6549
4862;4143;9005
9409;5062;14471
7382;9524;16906
2037;3859;5896
101;7186;7287
7187;9214;16401
8819;8337;17156
4812;3436;8248
1103;25;1128
4053;5067;9120
5982;5569;11551
1425;4127;5552
9580;8039;17619
7023;4550;11573
557;8952;9509
2440;3265;5705
1739;933;2672
909;3036;3945
7809;2189;9998
5674;1001;6675
8624;8702;17326
9489;7034;16523
7091;6606;13697
5421;3638;9059
4162;7379;11541
2907;9072;11979
3190;7032;10222
5387;388;5775
3995;4715;8710
4835;8986;13821
9035;1838;10873
3555;117;3672
4770;4324;9094
4092;6402;10494
9781;9286;19067
4491;6527;11018
3929;4383;8312
9974;248;10222
8063;9751;17814
898;6981;7879
9559;2812;12371
3533;9774;13307
990;4104;5094
5037;8997;14034
1387;7517;8904
2922;5408;8330
9113;4593;13706
6353;5357;11710
1108;1015;2123
1876;1763;3639
4111;1906;6017
8819;6960;15779
1563;4244;5807
4522;142;4664
9396;9458;18854
1908;4378;6286
6038;4698;10736
6406;6245;12651
4953;4871;9824
3438;9219;12657
1181;3878;5059
5626;5003;10629
7747;326;8073
2082;5185;7267
3566;1246;4812
7464;1584;9048
5073;3859;8932
4626;5941;10567
40;561;601
2480;3793;6273
8952;3791;12743
7318;8160;15478
9365;8680;18045
7010;3014;10024
5708;7888;13596
6875;5386;12261
5093;6656;11749
9798;3311;13109
7727;9476;17203
8084;3546;11630
5326;1702;7028
5573;4031;9604
6482;606;7088
5790;8906;14696
7025;9395;16420
3764;1658;5422
2865;8655;11520
3539;4441;7980
2780;7866;10646
1903;6577;8480
677;4458;5135
4633;3112;7745
8208;1160;9368
8940;9390;18330
4586;2578;7164
8701;1726;10427
2464;9398;11862
4452;5932;10384
621;9363;9984
627;6559;7186
6001;3871;9872
3718;7241;10959
8099;8905;17004
5308;2259;7567
5207;5101;10308
5736;7130;12866
9315;3884;13199
414;5699;6113
1107;2373;3480
3322;8960;12282
6507;4184;10691
3328;47;3375
3449;2624;6073
6768;268;7036
2462;4769;7231
4866;455;5321
6912;2023;8935
6365;8896;15261
9326;811;10137
6322;6774;13096
9974;7142;17116
9681;4416;14097
3323;4372;7695
912;7710;8622
822;2829;3651
3111;1932;5043
5673;8849;14522
3850;4944;8794
2754;8419;11173
6925;6006;12931
3025;3090;6115
7372;3649;11021
5929;1301;7230
8367;4576;12943
7476;5834;13310
2634;6625;9259
5098;5536;10634
665;6174;6839
380;3750;4130
1979;3443;5422
2114;5206;7320
6153;6321;12474
8732;4816;13548
2653;9238;11891
2021;5603;7624
7673;7274;14947
2766;7962;10728
6859;6994;13853
2814;1014;3828
5842;6809;12651
695;6147;6842
1984;8606;10590
2240;7241;9481
9043;5118;14161
7974;5071;13045
1210;44;1254
5577;382;5959
3252;7593;10845
6554;8076;14630
1042;6142;7184
5357;9297;14654
5308;1511;6819
6918;8018;14936
3412;8352;11764
7538;4969;12507
740;3932;4672
5631;1492;7123
7381;7622;15003
6478;8911;15389
7999;5666;13665
8022;9231;17253
5376;4722;10098
9157;9791;18948
8034;4530;12564
630;7897;8527
1791;6294;8085
963;99;1062
474;6089;6563
181;8346;8527
4093;3902;7995
2823;8980;11803
1073;9050;10123
5933;8664;14597
9536;2327;11863
508;6159;6667
6954;1853;8807
7869;5148;13017
4787;4974;9761
3063;6188;9251
3690;9862;13552
9857;4288;14145
2810;1209;4019
6026;7051;13077
1839;7027;8866
7972;2230;10202
1286;454;1740
1248;4036;5284
1542;2094;3636
8045;3251;11296
540;5047;5587
5571;392;5963
880;7242;8122
3607;2219;5826
2572;8984;11556
3456;6158;9614
3143;146;3289
8683;3570;12253
2785;6481;9266
6560;8760;15320
6366;108;6474
6653;1516;8169
7025;8956;15981
4288;4689;8977
8160;6349;14509
6770;8441;15211
9850;6776;16626
1759;3050;4809
7335;3285;10620
5779;9578;15357
1460;816;2276
1383;2530;3913
1707;348;2055
7635;5281;12916
7833;9341;17174
9668;4811;14479
2199;7754;9953
7909;5483;13392
5473;3657;9130
4923;7557;12480
7049;6321;13370
1336;6959;8295
1617;9683;11300
609;5612;6221
8203;1852;10055
725;7413;8138
375;1285;1660
1731;6755;8486
1741;5108;6849
4769;2444;7213
9807;6242;16049
7433;1103;8536
6223;8396;14619
2575;8900;11475
161;4201;4362
1991;294;2285
8476;7028;15504
9425;8238;17663
4699;412;5111
6124;3160;9284
808;3054;3862
8217;1404;9621
5810;4217;10027
1494;3904;5398
6100;8458;14558
9248;6889;16137
9470;4430;13900
6889;5854;12743
4293;4117;8410
1408;578;1986
2083;9832;11915
5557;8848;14405
4339;3551;7890
5884;4735;10619
7730;9652;17382
7800;6471;14271
7423;9695;17118
7293;4105;11398
4428;5351;9779
4494;3240;7734
1007;7045;8052
4691;4965;9656
1053;3964;5017
355;2362;2717
5964;3786;9750
4274;2707;6981
4649;5608;10257
1570;883;2453
7301;8109;15410
709;6477;7186
8626;2874;11500
9545;5342;14887
2671;5295;7966
6055;4822;10877
327;2694;3021
8137;5500;13637
8481;9360;17841
6992;9535;16527
2315;7352;9667
6077;712;6789
8631;7166;15797
7198;3185;10383
8746;1674;10420
5253;8320;13573
8752;3519;12271
3936;35;3971
4454;6614;11068
2368;295;2663
4070;4329;8399
6451;6522;12973
9314;3005;12319
6378;8402;14780
4509;8822;13331
8170;2079;10249
1457;7022;8479
2902;7142;10044
623;8790;9413
9891;611;10502
5946;3618;9564
9530;3253;12783
9672;1393;11065
2269;4592;6861
6089;2010;8099
9529;5952;15481
4383;2177;6560
2251;1432;3683
4958;2956;7914
2116;7677;9793
3228;1983;5211
768;9668;10436
88;1984;2072
5566;9152;14718
5181;4741;9922
559;491;1050
885;4410;5295
1278;8466;9744
4967;1775;6742
320;74;394
3915;2971;6886
5029;4160;9189
882;6458;7340
7334;7344;14678
2261;2006;4267
9345;2302;11647
8355;4831;13186
9124;9890;19014
6215;3412;9627
9683;2623;12306
6218;648;6866
929;4648;5577
3770;567;4337
4730;9627;14357
5610;4231;9841
7162;5314;12476
3341;9167;12508
2560;1484;4044
2608;8886;11494
2754;3505;6259
4502;2116;6618
6592;5469;12061
6331;1407;7738
7833;6227;14060
1712;6033;7745
9558;7454;17012
8706;7950;16656
6079;5824;11903
5840;9994;15834
3485;339;3824
3229;8168;11397
6278;4106;10384
7411;3964;11375
1574;8905;10479
1405;6056;7461
9767;8184;17951
3439;4896;8335
6131;728;6859
169;542;711
3585;5618;9203
3291;1045;4336
3202;3231;6433
3498;3793;7291
8844;3027;11871
5461;7749;13210
1125;8767;9892
7087;1237;8324
9968;6271;16239
6119;3752;9871
642;7679;8321
4464;4164;8628
1918;9667;11585
1990;2575;4565
9203;8451;17654
1733;910;2643
3055;4626;7681
9879;1913;11792
2762;8089;10851
5900;3845;9745
2638;8907;11545
6748;856;7604
424;7562;7986
7184;1815;8999
6666;7816;14482
8887;6646;15533
5547;9230;14777
388;4444;4832
955;2570;3525
6255;3916;10171
6353;4022;10375
950;2021;2971
3729;7154;10883
3283;2154;5437
6831;8396;15227
356;1959;2315
6875;3556;10431
9425;5639;15064
5383;1018;6401
9734;1181;10915
4129;8347;12476
5973;9533;15506
3113;806;3919
191;4922;5113
3617;4124;7741
2286;603;2889
8456;2311;10767
9599;7841;17440
5881;8998;14879
2898;3492;6390
789;9266;10055
1931;7789;9720
4871;2195;7066
7628;2572;10200
8323;2915;11238
9524;4646;14170
1019;5311;6330
530;7638;8168
4388;6294;10682
9508;9276;18784
7625;712;8337
5555;5610;11165
7408;168;7576
4262;6935;11197
1659;7896;9555
9687;3053;12740
6914;7285;14199
6097;8541;14638
9543;7216;16759
7465;9939;17404
8961;3907;12868
5674;9114;14788
1778;8648;10426
7557;6316;13873
9960;703;10663
422;7293;7715
820;9963;10783
149;1732;1881
8417;8695;17112
2966;4471;7437
8814;110;8924
3120;8498;11618
7789;1539;9328
9101;9696;18797
7686;9442;17128
2824;8063;10887
1086;662;1748
5059;8761;13820
1028;2041;3069
4015;9610;13625
7321;7415;14736
4265;3959;8224
9269;307;9576
9334;4767;14101
2917;8712;11629
4357;7516;11873
7991;6760;14751
5791;782;6573
6564;2916;9480
4740;7015;11755
7038;1147;8185
1656;4258;5914
8521;4700;13221
7754;5630;13384
3334;9568;12902
432;8931;9363
7633;8240;15873
6936;4075;11011
1216;6319;7535
916;4640;5556
9893;5357;15250
8261;4868;13129
9851;3842;13693
5926;2780;8706
2814;7340;10154
1082;728;1810
5041;8265;13306
656;7219;7875
2572;145;2717
6541;9970;16511
8376;4910;13286
6782;294;7076
4915;4994;9909
3050;8947;11997
6700;3289;9989
2971;6324;9295
3483;411;3894
5661;5416;11077
218;1968;2186
9089;1256;10345
6483;3293;9776
8468;9392;17860
4105;5637;9742
9947;9428;19375
5425;2678;8103
4708;9783;14491
6275;8553;14828
2792;178;2970
8725;9595;18320
6146;9122;15268
9130;5497;14627
3966;1840;5806
962;9695;10657
5144;241;5385
7462;2417;9879
3881;8373;12254
2287;8437;10724
8902;825;9727
3558;1526;5084
8423;1099;9522
2893;1218;4111
9343;1503;10846
8983;3989;12972
164;9677;9841
3994;2498;6492
248;565;813
8659;2591;11250
4267;7440;11707
2538;6108;8646
5159;2632;7791
7156;5270;12426
7954;6863;14817
2002;5262;7264
25;2301;2326
4662;6022;10684
975;5790;6765
3258;1090;4348
3130;7588;10718
6533;7661;14194
2739;1431;4170
9992;1994;11986
6396;3525;9921
6621;6374;12995
7371;238;7609
2013;7939;9952
3374;7902;11276
6837;4687;11524
8260;6537;14797
3250;8265;11515
5221;7149;12370
5581;6407;11988
7759;5987;13746
75;8950;9025
7491;5135;12626
7809;2024;9833
8338;4494;12832
5110;2686;7796
6149;4811;10960
5087;8062;13149
1289;9957;11246
8461;5357;13818
2034;6925;8959
3591;6701;10292
4141;1892;6033
5895;2731;8626
2046;8451;10497
9564;3546;13110
2772;3002;5774
3074;8816;11890
128;3392;3520
1532;6337;7869
6714;1524;8238
8973;210;9183
4035;3334;7369
1101;4646;5747
2219;6572;8791
6298;2826;9124
3534;6602;10136
6662;180;6842
1292;9207;10499
3138;8560;11698
3347;4108;7455
718;8715;9433
2881;2647;5528
4524;9607;14131
9900;7973;17873
1493;4254;5747
2460;4146;6606
2929;7566;10495
8102;4777;12879
3236;2215;5451
8685;7049;15734
5685;3063;8748
662;3871;4533
5693;340;6033
3923;8444;12367
5108;7347;12455
3247;8840;12087
3742;3843;7585
5156;5736;10892
5361;8168;13529
5390;8086;13476
9144;7695;16839
4010;7908;11918
2908;187;3095
8096;7525;15621
7761;388;8149
8508;5584;14092
175;9980;10155
3668;1299;4967
1846;4699;6545
5856;4682;10538
496;2735;3231
203;7495;7698
6492;1404;7896
2027;3499;5526
1560;8532;10092
3482;1088;4570
8513;6320;14833
7356;5753;13109
981;9901;10882
5416;8847;14263
8488;4728;13216
2976;7122;10098
1663;1129;2792
8235;9421;17656
8559;8421;16980
9655;2360;12015
2217;4227;6444
98;4343;4441
5944;5266;11210
4155;9317;13472
3884;7598;11482
8330;2681;11011
2019;532;2551
328;2745;3073
5241;7377;12618
7690;727;8417
4067;6094;10161
5793;5104;10897
8145;3268;11413
7552;5029;12581
9144;5377;14521
1202;7474;8676
462;5720;6182
6733;2688;9421
8536;5;8541
4402;641;5043
4467;5841;10308
5534;8066;13600
7350;4616;11966
2489;3723;6212
211;1033;1244
5104;7906;13010
5436;4520;9956
4726;1912;6638
7558;7182;14740
9336;1619;10955
1286;7203;8489
9868;9197;19065
254;1928;2182
8050;1191;9241
1669;1624;3293
7024;4117;11141
563;6512;7075
5759;2656;8415
6013;8700;14713
6240;960;7200
4150;6022;10172
3554;58;3612
4493;9086;13579
3526;9274;12800
371;7622;7993
3541;5817;9358
4609;3922;8531
3402;3656;7058
2759;9822;12581
2947;5272;8219
5241;8779;14020
7532;3993;11525
1691;3722;5413
9462;4066;13528
3417;5194;8611
3109;9035;12144
9669;3548;13217
679;4893;5572
4024;6917;10941
1964;804;2768
7257;5412;12669
7860;7740;15600
6727;6216;12943
8193;8024;16217
3880;1795;5675
927;906;1833
4184;8768;12952
8631;2437;11068
576;6215;6791
6884;9250;16134
7247;3505;10752
8456;3663;12119
5846;6021;11867
4639;3405;8044
8572;3470;12042
2196;4116;6312
7356;4978;12334
1077;9276;10353
8920;2251;11171
1340;509;1849
8870;3962;12832
868;8409;9277
3952;1103;5055
5011;4050;9061
3003;8302;11305
2245;5273;7518
1619;4497;6116
7504;7347;14851
4443;3717;8160
4449;8626;13075
3242;1098;4340
860;8671;9531
7921;1620;9541
3912;4533;8445
5885;6965;12850
5191;6080;11271
2968;6157;9125
2587;7260;9847
2229;2164;4393
5837;3028;8865
7029;3470;10499
3064;772;3836
1309;6433;7742
9097;8730;17827
3397;8937;12334
1967;7546;9513
6640;1953;8593
6915;4611;11526
5308;9242;14550
7659;273;7932
4939;6176;11115
4450;2202;6652
4492;4768;9260
4681;2684;7365
5288;8499;13787
8935;352;9287
490;6558;7048
3486;3082;6568
3253;428;3681
4757;52;4809
4450;3175;7625
6096;3859;9955
9879;9136;19015
3367;9353;12720
3573;5267;8840
9729;6105;15834
2110;8932;11042
5303;1525;6828
9328;7656;16984
1537;1005;2542
2781;1117;3898
4654;9836;14490
8306;1761;10067
3998;7785;11783
6070;9484;15554
6611;8968;15579
5612;9122;14734
515;2289;2804
6856;1707;8563
6842;3985;10827
2737;4908;7645
2127;7366;9493
7794;9772;17566
6495;8653;15148
9708;805;10513
6520;1709;8229
5036;3861;8897
6229;5941;12170
8283;3787;12070
2026;537;2563
3246;4846;8092
4086;5292;9378
4597;8758;13355
5355;2584;7939
7647;4374;12021
1406;4985;6391
3883;3357;7240
7459;6449;13908
8645;7733;16378
3406;8297;11703
9500;5148;14648
5630;5461;11091
3738;6981;10719
8985;1942;10927
1688;2607;4295
36;2052;2088
6423;2047;8470
3133;7957;11090
9534;2;9536
9390;2145;11535
9189;5873;15062
1426;5899;7325
5088;307;5395
8887;6118;15005
6435;9343;15778
9080;3788;12868
5542;2120;7662
5818;3845;9663
8602;9815;18417
9595;6877;16472
7104;5499;12603
4964;5474;10438
2885;8415;11300
985;3787;4772
8136;2649;10785
6385;3932;10317
3701;7763;11464
2503;2190;4693
2128;3046;5174
4350;8741;13091
3933;4858;8791
8413;7902;16315
2161;1196;3357
9375;260;9635
6471;9099;15570
4875;7610;12485
9860;7693;17553
8762;4755;13517
4640;1993;6633
1216;8054;9270
8997;8475;17472
9690;2650;12340
8210;2439;10649
3648;8303;11951
7015;6945;13960
7834;4113;11947
187;5901;6088
723;4418;5141
6675;574;7249
7872;3929;11801
7538;7448;14986
1369;970;2339
1944;5002;6946
422;1960;2382
2062;9267;11329
3735;9750;13485
5318;4401;9719
6442;6746;13188
763;4400;5163
5689;2404;8093
2218;6994;9212
7284;9886;17170
5470;1244;6714
1747;3454;5201
7232;8160;15392
4012;557;4569
2225;2635;4860
975;580;1555
8004;2344;10348
9577;366;9943
264;5848;6112
2426;9151;11577
9386;2657;12043
9087;7459;16546
9399;3661;13060
8855;3509;12364
8148;5121;13269
9361;1408;10769
5093;601;5694
2264;2769;5033
4291;7162;11453
6167;1636;7803
9088;381;9469
7071;7349;14420
9222;4865;14087
9912;8110;18022
7754;7236;14990
1410;9739;11149
4702;8798;13500
5805;3486;9291
1212;3430;4642
3781;4892;8673
2111;3671;5782
4119;5324;9443
7477;3114;10591
5643;1204;6847
6609;3143;9752
9627;2435;12062
2073;2517;4590
8232;4399;12631
6923;6098;13021
2498;3296;5794
9213;8877;18090
2496;9384;11880
925;9541;10466
574;7278;7852
3912;95;4007
6522;1784;8306
3018;4528;7546
3098;2600;5698
3645;7852;11497
5145;9689;14834
1624;3641;5265
9540;5795;15335
4028;9483;13511
4619;841;5460
4373;4346;8719
6864;8585;15449
1017;1897;2914
2969;9779;12748
7325;4887;12212
7548;5194;12742
2514;9091;11605
5686;3934;9620
968;3523;4491
4244;8870;13114
4333;3189;7522
6418;2981;9399
1384;6527;7911
9612;7524;17136
963;2114;3077
7671;6167;13838
3844;1529;5373
3324;2415;5739
7452;3549;11001
6561;9237;15798
3643;1342;4985
7612;9510;17122
8050;2568;10618
5120;5340;10460
653;5106;5759
2392;113;2505
6574;4112;10686
14;6312;6326
9315;6048;15363
7242;7319;14561
936;3223;4159
5581;5253;10834
1591;1514;3105
4151;8715;12866
1046;1529;2575
7494;2038;9532
9131;9191;18322
7238;1647;8885
9090;2259;11349
192;9724;9916
5000;8639;13639
5615;8781;14396
4107;211;4318
5978;120;6098
6749;1531;8280
915;3991;4906
658;7795;8453
5098;9811;14909
6345;7212;13557
2099;7674;9773
244;9859;10103
6014;3431;9445
9294;6285;15579
5446;2415;7861
3882;3181;7063
9548;8313;17861
5519;8664;14183
5701;6991;12692
8677;3168;11845
3837;9526;13363
2530;5539;8069
8067;9859;17926
8368;2248;10616
1837;7335;9172
3579;5322;8901
9101;188;9289
3470;5162;8632
748;8225;8973
5312;7800;13112
8909;2730;11639
154;4842;4996
6894;3292;10186
4972;4488;9460
1057;6016;7073
5886;1889;7775
3950;7508;11458
2841;1988;4829
9908;1020;10928
4078;4532;8610
7849;1889;9738
5010;4293;9303
9125;9742;18867
6053;2204;8257
4333;8614;12947
4718;5037;9755
490;5628;6118
2135;7063;9198
1622;4691;6313
2324;438;2762
5175;918;6093
4750;7769;12519
5389;4032;9421
7080;8871;15951
9012;7793;16805
9116;2252;11368
2885;7022;9907
5168;4152;9320
2213;9815;12028
5406;1027;6433
8226;2683;10909
7153;3861;11014
7575;2902;10477
3097;364;3461
1899;3057;4956
969;9798;10767
6504;1388;7892
5738;2202;7940
7912;8325;16237
1818;7087;8905
187;7565;7752
6851;580;7431
6123;2109;8232
248;4268;4516
5258;3158;8416
6687;4312;10999
9091;3174;12265
2135;5625;7760
3330;2064;5394
7813;3330;11143
3585;4323;7908
4967;6986;11953
3943;3968;7911
9827;1073;10900
8608;9176;17784
5320;9442;14762
8146;1621;9767
4585;5623;10208
3020;6182;9202
1158;6480;7638
6460;7225;13685
3797;7249;11046
9471;8006;17477
2087;2614;4701
2383;1500;3883
8840;9471;18311
5168;3402;8570
3328;7740;11068
7978;2485;10463
8146;3189;11335
988;4489;5477
1220;8921;10141
3135;13;3148
3147;832;3979
3222;6761;9983
456;9548;10004
2050;6620;8670
3755;9734;13489
496;2273;2769
3485;1169;4654
8548;8008;16556
5168;3632;8800
5936;9101;15037
6704;9863;16567
3470;5596;9066
8738;7402;16140
8738;5866;14604
9247;6790;16037
6652;9105;15757
2220;7201;9421
3541;5607;9148
7183;9897;17080
77;4077;4154
8225;2312;10537
6992;1632;8624
5733;7566;13299
4231;7901;12132
3641;8388;12029
5848;8517;14365
149;5207;5356
4195;9372;13567
5184;6826;12010
4814;2478;7292
2169;8639;10808
9745;9623;19368
7575;5279;12854
6216;5486;11702
9920;8561;18481
7738;2575;10313
9733;4065;13798
7069;4165;11234
8777;6210;14987
4176;327;4503
8823;3653;12476
4168;3429;7597
7107;9797;16904
8940;8211;17151
691;6632;7323
5774;3632;9406
7395;2549;9944
2519;9736;12255
8426;3529;11955
3487;5884;9371
9041;5227;14268
6424;332;6756
3489;8986;12475
8086;6063;14149
5780;7729;13509
7242;6166;13408
2379;79;2458
1595;6854;8449
769;6008;6777
8325;2248;10573
2113;7643;9756
701;4581;5282
2684;5855;8539
1812;8376;10188
1533;698;2231
7652;1011;8663
672;3731;4403
9012;9210;18222
9304;7567;16871
1196;6190;7386
7956;9255;17211
9632;895;10527
6545;5628;12173
6973;9994;16967
8610;4451;13061
8293;6690;14983
281;8779;9060
8103;6235;14338
4585;1493;6078
7406;6302;13708
110;4841;4951
8022;9298;17320
7385;78;7463
2495;8303;10798
446;2049;2495
4312;9956;14268
9842;9529;19371
5731;2925;8656
2913;1137;4050
12;3286;3298
1289;2077;3366
5215;1017;6232
6156;22;6178
3254;3171;6425
99;2767;2866
84;1435;1519
4248;4383;8631
8015;6456;14471
365;8965;9330
5620;8656;14276
8265;898;9163
2771;1903;4674
471;6275;6746
8988;6019;15007
1422;7115;8537
4439;9238;13677
8788;5165;13953
2185;6317;8502
8847;5305;14152
4187;1735;5922
3728;9855;13583
2079;364;2443
4847;1820;6667
7785;7032;14817
765;3383;4148
9304;1966;11270
3912;9727;13639
7772;1624;9396
9858;6029;15887
3572;1068;4640
988;5445;6433
5157;3648;8805
3992;5173;9165
7745;3245;10990
330;1338;1668
9501;5426;14927
4371;3768;8139
8238;5471;13709
9544;3493;13037
2308;1030;3338
6969;9245;16214
3814;119;3933
5183;9837;15020
1746;9157;10903
8008;1893;9901
828;2832;3660
4939;517;5456
9250;7038;16288
3091;8972;12063
5892;8008;13900
1482;9205;10687
1288;4001;5289
4658;6783;11441
3081;5069;8150
475;1194;1669
9218;3031;12249
3641;9839;13480
416;8497;8913
5217;3597;8814
4468;1162;5630
3684;7926;11610
1244;6723;7967
5408;942;6350
3935;3741;7676
7523;6879;14402
4595;386;4981
9845;1989;11834
543;1538;2081
8337;8119;16456
1454;8429;9883
4095;296;4391
5094;851;5945
1031;7788;8819
8893;5206;14099
3949;8860;12809
4707;3603;8310
4131;1926;6057
2435;6411;8846
3080;6187;9267
2217;2391;4608
5419;6825;12244
6486;7400;13886
7801;45;7846
7601;8147;15748
597;9907;10504
190;7156;7346
4513;6914;11427
9129;1991;11120
1552;2035;3587
111;5924;6035
6318;8516;14834
9700;1864;11564
2724;813;3537
312;1207;1519
2932;3640;6572
8600;2448;11048
6619;8204;14823
7298;675;7973
4002;6539;10541
4094;5787;9881
5122;7103;12225
4614;3919;8533
4522;5397;9919
2824;3740;6564
6453;4185;10638
9831;1755;11586
2322;7601;9923
6550;337;6887
3476;3014;6490
9142;2973;12115
902;1863;2765
6444;4561;11005
848;9151;9999
7511;3782;11293
6508;415;6923
8394;2532;10926
1292;6903;8195
9562;3557;13119
785;5981;6766
5369;8315;13684
6576;7225;13801
3394;4712;8106
1682;1836;3518
2837;3693;6530
2928;4287;7215
9856;5495;15351
8030;9524;17554
3665;985;4650
2211;715;2926
9295;4981;14276
821;3991;4812
3801;1531;5332
7985;6310;14295
7383;9105;16488
4644;7896;12540
3705;736;4441
5083;2997;8080
8250;6719;14969
486;8419;8905
5827;4702;10529
9466;7244;16710
9738;4451;14189
9423;1823;11246
8319;2114;10433
2567;3202;5769
5197;8608;13805
3268;2835;6103
4848;5119;9967
9213;4305;13518
3944;3511;7455
5891;775;6666
6728;2258;8986
5019;1584;6603
7309;7076;14385
909;2903;3812
3631;5083;8714
2595;3224;5819
9847;8573;18420
1995;9025;11020
2179;9421;11600
3483;3371;6854
2058;4506;6564
5150;5271;10421
7365;6196;13561
8286;5539;13825
5192;7739;12931
1288;8053;9341
5113;6631;11744
6942;9380;16322
6973;1002;7975
2939;681;3620
4724;3919;8643
196;434;630
5528;2784;8312
7393;5468;12861
5264;2349;7613
401;4492;4893
6948;7936;14884
5798;7763;13561
231;6371;6602
7399;2362;9761
372;5306;5678
2466;6249;8715
5813;8956;14769
9114;9974;19088
3344;56;3400
6765;4544;11309
8653;9674;18327
9582;2315;11897
5467;8363;13830
9154;3766;12920
3455;3325;6780
5660;1755;7415
505;5635;6140
1667;4063;5730
3407;996;4403
8117;5798;13915
5808;2521;8329
880;9721;10601
3458;6701;10159
4273;9945;14218
3596;7150;10746
174;9247;9421
4552;6055;10607
2195;7524;9719
1561;387;1948
4905;2376;7281
771;6921;7692
8849;797;9646
3547;1801;5348
630;5854;6484
9330;3409;12739
6295;7916;14211
4199;3546;7745
2627;3939;6566
2365;1324;3689
8038;4591;12629
8482;2785;11267
4149;833;4982
4111;5375;9486
3029;3585;6614
6721;5194;11915
2100;5798;7898
1354;3831;5185
8851;1830;10681
6318;6859;13177
9106;6426;15532
9774;1710;11484
1926;954;2880
4321;6326;10647
3766;6503;10269
4552;6265;10817
2993;8945;11938
2650;9357;12007
2706;7093;9799
2548;7589;10137
6447;3313;9760
751;1255;2006
9976;1151;11127
499;8708;9207
154;5807;5961
3329;556;3885
8024;2340;10364
67;5022;5089
9002;4731;13733
8051;6344;14395
8687;580;9267
8439;321;8760
1260;412;1672
4972;2199;7171
91;3381;3472
6199;8456;14655
8234;8734;16968
1205;1547;2752
4616;9382;13998
3374;5136;8510
4649;7642;12291
8118;7223;15341
1630;4225;5855
2376;3169;5545
8671;2810;11481
3781;3937;7718
8312;1665;9977
3595;6226;9821
8591;3568;12159
3585;3885;7470
5771;2915;8686
7958;2436;10394
8513;2524;11037
5251;9164;14415
5837;7315;13152
4170;897;5067
5726;8631;14357
1237;4595;5832
7994;7518;15512
784;757;1541
8868;3819;12687
3627;8883;12510
1905;2365;4270
4081;4181;8262
6322;417;6739
4677;2420;7097
6525;5451;11976
7810;9226;17036
3856;155;4011
4799;6362;11161
1569;6930;8499
6577;3025;9602
1051;3322;4373
2755;6541;9296
4781;6184;10965
4820;6550;11370
1303;808;2111
131;3271;3402
7535;6327;13862
7839;5813;13652
3314;51;3365
5030;8997;14027
7297;1161;8458
677;3091;3768
890;7921;8811
9297;7024;16321
3003;9867;12870
453;6689;7142
9362;4801;14163
9690;8794;18484
9622;3860;13482
625;1097;1722
441;3981;4422
2618;5067;7685
7633;1700;9333
8652;4543;13195
9624;4360;13984
2004;7192;9196
7837;6723;14560
7610;6410;14020
1296;9295;10591
1390;5929;7319
1965;9420;11385
2530;4809;7339
5406;7302;12708
7577;9900;17477
2346;9714;12060
5403;4136;9539
8806;5142;13948
9548;5250;14798
937;4991;5928
2952;3317;6269
5309;568;5877
3008;9100;12108
679;4027;4706
8723;9185;17908
569;2442;3011
3802;2243;6045
5605;9605;15210
3134;7464;10598
4090;8530;12620
5622;3171;8793
2790;7113;9903
2830;9851;12681
352;4020;4372
3010;754;3764
8560;4317;12877
9402;9472;18874
1542;101;1643
5509;2050;7559
3617;5880;9497
9981;7963;17944
610;8174;8784
6247;5310;11557
6047;3290;9337
1126;1355;2481
2874;2866;5740
1124;8481;9605
2297;3297;5594
6623;7332;13955
5560;8351;13911
5536;2435;7971
9403;6892;16295
6245;9116;15361
4021;4171;8192
4968;271;5239
8744;3718;12462
4233;3487;7720
3019;269;3288
9686;1522;11208
4852;1533;6385
2663;1332;3995
6990;2371;9361
8157;863;9020
1314;660;1974
6699;8170;14869
3634;878;4512
2847;4774;7621
5095;3233;8328
4527;3242;7769
4433;9092;13525
3403;4053;7456
1229;491;1720
6767;1977;8744
5497;7541;13038
6875;8271;15146
1081;9389;10470
7434;4777;12211
4955;3511;8466
8204;9665;17869
7778;3690;11468
2021;5539;7560
3035;8672;11707
3439;4187;7626
923;2110;3033
8184;7647;15831
1307;3400;4707
9241;6856;16097
1130;7192;8322
5643;4901;10544
7692;3016;10708
6580;4138;10718
347;1700;2047
6285;4233;10518
8768;1347;10115
7613;2247;9860
322;7419;7741
7855;1416;9271
6896;2166;9062
3943;1080;5023
7104;8839;15943
1556;2951;4507
1134;1301;2435
7599;2180;9779
2970;6321;9291
2374;1879;4253
6099;5685;11784
3886;9073;12959
9102;8184;17286
3397;9345;12742
1049;4124;5173
5222;4603;9825
5827;433;6260
5897;1075;6972
5909;4425;10334
767;2271;3038
5607;1474;7081
8358;9199;17557
6056;4885;10941
3357;2196;5553
8483;5768;14251
3138;5184;8322
1152;1403;2555
3919;6195;10114
3976;6728;10704
3558;5442;9000
1402;499;1901
458;4611;5069
4974;8023;12997
6454;7435;13889
2480;6682;9162
3471;4416;7887
2285;2779;5064
9315;1086;10401
2523;4477;7000
3877;1371;5248
7282;9218;16500
2287;7306;9593
4303;9770;14073
770;9500;10270
9195;8726;17921
2793;8563;11356
4495;1624;6119
4738;1686;6424
153;3978;4131
3913;69;3982
1856;6210;8066
9506;2894;12400
723;9756;10479
9634;3084;12718
2913;7053;9966
6523;7562;14085
7383;4638;12021
2179;6238;8417
4113;7993;12106
8276;7868;16144
2289;2541;4830
6218;7993;14211
2867;1681;4548
2364;6218;8582
5397;8996;14393
6252;3691;9943
6331;725;7056
4176;2383;6559
4465;6749;11214
2310;7231;9541
2220;8198;10418
8013;634;8647
8883;6575;15458
7993;4163;12156
5341;1430;6771
1823;1127;2950
5819;1728;7547
8255;6520;14775
9068;2323;11391
5501;154;5655
9222;7124;16346
1733;7686;9419
7468;5691;13159
765;9529;10294
3222;2840;6062
6033;3894;9927
4591;5181;9772
5025;6403;11428
6463;6298;12761
1163;160;1323
5859;8598;14457
6901;8604;15505
7278;5253;12531
56;2819;2875
623;543;1166
774;3565;4339
9158;3957;13115
7845;6377;14222
9378;5734;15112
6540;5640;12180
6065;7279;13344
9283;6709;15992
4300;8211;12511
303;8860;9163
1609;5778;7387
3798;9805;13603
3231;5504;8735
5266;8247;13513
8387;8537;16924
4121;7373;11494
8599;2115;10714
1727;5272;6999
1220;3735;4955
7338;4605;11943
4701;8407;13108
4060;6822;10882
479;9438;9917
2452;7142;9594
2550;5221;7771
2034;8229;10263
1999;1082;3081
5802;4377;10179
9027;5657;14684
5427;2475;7902
4880;8081;12961
9585;1314;10899
8157;8863;17020
2771;6145;8916
6118;7325;13443
3817;7797;11614
3311;4128;7439
2208;5940;8148
6966;7124;14090
501;3154;3655
1551;4560;6111
3416;2216;5632
161;8714;8875
2719;7718;10437
919;7208;8127
850;3360;4210
4057;3773;7830
4050;2431;6481
4529;8305;12834
8078;8848;16926
1113;8052;9165
7025;5490;12515
9270;5953;15223
1823;4929;6752
2805;5441;8246
8792;525;9317
2173;304;2477
7244;9690;16934
4007;4156;8163
9440;7936;17376
2244;1516;3760
9722;4892;14614
4738;8017;12755
9001;8353;17354
9971;116;10087
1488;7510;8998
5948;5381;11329
2969;5670;8639
3035;4996;8031
1672;8258;9930
4781;7103;11884
2899;3715;6614
2427;6415;8842
567;7103;7670
2004;1298;3302
2002;4959;6961
8992;1759;10751
7720;4349;12069
2555;2347;4902
868;9970;10838
9718;1455;11173
9654;8978;18632
1526;1332;2858
169;4574;4743
2662;1519;4181
5277;2255;7532
5494;8873;14367
3311;8846;12157
4938;6536;11474
4132;9617;13749
1155;198;1353
3398;8441;11839
7195;1894;9089
9303;8157;17460
5472;9523;14995
3842;4528;8370
720;9545;10265
595;6835;7430
5135;1556;6691
4589;6084;10673
5920;7441;13361
386;1800;2186
7616;3271;10887
5610;4060;9670
4656;9359;14015
6499;8323;14822
1580;9832;11412
5520;4275;9795
2220;8639;10859
351;7611;7962
5931;8080;14011
1989;6574;8563
2267;5369;7636
9109;5352;14461
8410;2860;11270
9946;8880;18826
3563;4113;7676
242;1233;1475
9502;535;10037
7370;7386;14756
9138;3567;12705
1932;788;2720
459;8061;8520
9948;2983;12931
4214;4671;8885
3733;2727;6460
2727;6600;9327
8636;5757;14393
3715;6909;10624
3042;1308;4350
1843;921;2764
6165;6099;12264
5846;7905;13751
1113;7709;8822
872;308;1180
3111;6255;9366
9837;9011;18848
6051;2685;8736
3708;3807;7515
6211;7467;13678
5051;9630;14681
9292;5121;14413
7517;5247;12764
3868;3709;7577
2457;5799;8256
4665;9247;13912
8209;9126;17335
9802;5980;15782
5029;3105;8134
2069;8599;10668
3320;3048;6368
7110;3449;10559
156;3034;3190
7366;9753;17119
2007;8106;10113
1938;1333;3271
4456;6364;10820
8815;5101;13916
4959;612;5571
2627;7700;10327
7057;3704;10761
4866;4284;9150
3072;1082;4154
407;6247;6654
4023;4122;8145
1223;5588;6811
4423;456;4879
8903;6157;15060
4359;5819;10178
7849;3653;11502
8587;545;9132
5138;1291;6429
9041;5624;14665
6435;5910;12345
4870;9098;13968
953;6214;7167
718;3440;4158
5536;4068;9604
4944;4513;9457
6012;1003;7015
4201;2461;6662
2179;5758;7937
7634;4845;12479
716;2774;3490
5870;1008;6878
4483;1571;6054
3421;3482;6903
8655;8810;17465
2482;409;2891
5709;1746;7455
5961;6030;11991
5782;72;5854
9224;9564;18788
8253;9066;17319
1676;7862;9538
4117;7552;11669
3705;8611;12316
8109;2928;11037
3577;8907;12484
8169;1754;9923
6399;3814;10213
1470;8109;9579
8477;4518;12995
10;4797;4807
619;7060;7679
7101;1591;8692
6343;6126;12469
9079;91;9170
6921;1906;8827
9361;3590;12951
9929;3848;13777
3937;3912;7849
3483;6948;10431
2009;7216;9225
9662;6949;16611
6010;3287;9297
8245;2477;10722
5156;255;5411
6230;9250;15480
7880;1730;9610
8028;5662;13690
7162;7213;14375
8072;2671;10743
6117;7017;13134
2755;3195;5950
5554;2921;8475
4341;2617;6958
1077;6325;7402
6352;8370;14722
8724;6537;15261
9471;6695;16166
919;907;1826
8873;1238;10111
2962;8950;11912
6622;1855;8477
5751;64;5815
6482;8097;14579
2433;8522;10955
2167;2679;4846
598;3916;4514
3772;8887;12659
6288;6052;12340
2904;4354;7258
2802;691;3493
4175;9480;13655
24;6041;6065
9533;1988;11521
1542;1365;2907
4198;1780;5978
1502;5204;6706
3630;1089;4719
3951;490;4441
6580;4976;11556
5603;5456;11059
8949;9118;18067
204;2932;3136
96;200;296
9304;7377;16681
3849;8900;12749
9534;9832;19366
2727;7162;9889
6346;5480;11826
379;8836;9215
9197;5480;14677
5602;6641;12243
132;8807;8939
6322;8062;14384
8323;2362;10685
307;15;322
9741;59;9800
218;6053;6271
7161;9941;17102
1153;4136;5289
9148;8039;17187
5315;2591;7906
1412;6511;7923
2589;7298;9887
3173;7995;11168
2752;5763;8515
3379;9932;13311
2218;4617;6835
6672;5860;12532
4758;192;4950
6010;8367;14377
6937;3824;10761
8106;1608;9714
786;1036;1822
9846;153;9999
4156;3726;7882
4790;1318;6108
2441;485;2926
7133;6209;13342
8338;9117;17455
3702;8742;12444
2977;716;3693
9061;1771;10832
481;6011;6492
1554;2018;3572
3906;3249;7155
3389;5714;9103
4553;2437;6990
3277;6239;9516
1671;7410;9081
9320;1927;11247
4753;2042;6795
5411;3316;8727
1980;1791;3771
1834;97;1931
3545;6744;10289
6255;3498;9753
4639;1442;6081
7996;8350;16346
282;2790;3072
3467;5509;8976
8553;7837;16390
1886;8869;10755
534;2419;2953
4817;7461;12278
419;5870;6289
530;3450;3980
8514;2670;11184
8816;3485;12301
1972;109;2081
9788;4549;14337
8930;1085;10015
9314;9977;19291
573;5798;6371
6411;992;7403
1031;675;1706
6545;1501;8046
9893;1883;11776
9596;6957;16553
9516;2206;11722
4103;8726;12829
2354;6685;9039
6420;6382;12802
2402;2708;5110
4505;1157;5662
9601;368;9969
1918;9143;11061
201;119;320
8258;7115;15373
1021;9509;10530
2141;3068;5209
9987;1700;11687
6380;1812;8192
6313;6959;13272
5705;9888;15593
6275;2602;8877
4093;9985;14078
3427;9788;13215
8836;7215;16051
1341;2517;3858
9532;2584;12116
8856;1715;10571
3442;4366;7808
6858;8815;15673
5258;7059;12317
3027;9486;12513
5706;7347;13053
8496;932;9428
3334;5634;8968
4336;6924;11260
9173;5899;15072
6695;9271;15966
3997;4482;8479
4481;8987;13468
355;2375;2730
4212;2892;7104
8956;7137;16093
1227;223;1450
1679;5050;6729
3461;7600;11061
7762;4377;12139
4230;4023;8253
6160;4435;10595
3778;8302;12080
9122;8987;18109
466;1640;2106
8842;8993;17835
9518;6152;15670
4011;9276;13287
5605;6138;11743
1304;846;2150
6375;9536;15911
774;4009;4783
428;3594;4022
870;9180;10050
8598;1518;10116
6963;5493;12456
9201;2600;11801
2324;4438;6762
7304;3697;11001
8867;756;9623
5956;5298;11254
4915;1411;6326
1334;9741;11075
8139;148;8287
1686;1418;3104
3049;3353;6402
742;4444;5186
5308;4497;9805
8645;6038;14683
2413;159;2572
2316;4215;6531
674;6039;6713
9805;9710;19515
7476;9614;17090
9019;4281;13300
1153;2119;3272
9262;9775;19037
3526;6995;10521
6475;2519;8994
7949;1994;9943
9974;7506;17480
8944;7518;16462
2880;692;3572
5241;3714;8955
8685;5525;14210
7631;8114;15745
1885;5024;6909
6468;613;7081
6671;822;7493
231;5628;5859
6772;3206;9978
3770;7243;11013
4534;1407;5941
8891;9037;17928
3912;5035;8947
3946;4061;8007
6997;7666;14663
4047;4682;8729
8608;1320;9928
7068;2494;9562
6424;7167;13591
8290;2653;10943
6228;1360;7588
9614;7696;17310
2226;4178;6404
4867;4531;9398
1427;7700;9127
8812;6185;14997
1679;6686;8365
4551;6844;11395
2597;9227;11824
5881;7305;13186
4253;9074;13327
6367;7936;14303
5110;2334;7444
1502;6986;8488
2962;3195;6157
4974;1667;6641
8316;7238;15554
7977;5000;12977
2491;4585;7076
2781;4826;7607
9798;3564;13362
524;2722;3246
8565;5641;14206
7970;8191;16161
4423;10000;14423
3063;5226;8289
5689;9591;15280
2119;8837;10956
8237;5646;13883
5401;3187;8588
4289;2475;6764
4519;8456;12975
3509;8233;11742
3273;2709;5982
4435;6473;10908
7202;9441;16643
3848;9932;13780
5245;6422;11667
1758;1306;3064
7064;5619;12683
5408;3067;8475
3794;8701;12495
8802;2143;10945
2484;9166;11650
58;9113;9171
3592;3698;7290
9581;9229;18810
2374;2742;5116
2889;4121;7010
8952;2210;11162
4077;7933;12010
3463;9415;12878
9200;848;10048
2562;1271;3833
8960;4929;13889
8992;7930;16922
8772;2969;11741
1075;6024;7099
3784;2663;6447
7802;4598;12400
435;8506;8941
1032;4740;5772
7897;9448;17345
5289;5948;11237
1804;6185;7989
6755;6059;12814
1600;6566;8166
1773;2429;4202
4176;1609;5785
5448;2981;8429
8751;199;8950
4960;6668;11628
2526;5859;8385
9155;5766;14921
6105;7763;13868
7330;4184;11514
7001;6467;13468
5739;2260;7999
8626;1756;10382
8303;6471;14774
2245;5711;7956
8452;3284;11736
1010;6964;7974
4388;7682;12070
6219;8696;14915
5789;2813;8602
4024;496;4520
1271;4586;5857
6065;3847;9912
5792;7291;13083
8663;2567;11230
3743;550;4293
6936;8469;15405
8032;1542;9574
2148;9519;11667
116;5803;5919
4812;3939;8751
751;6734;7485
5672;2282;7954
2696;5255;7951
4024;6160;10184
420;4580;5000
2852;4372;7224
3077;1001;4078
3785;9450;13235
1323;4504;5827
5049;4311;9360
8063;5815;13878
6505;398;6903
4194;6725;10919
5122;4157;9279
3670;613;4283
1257;5539;6796
3161;4972;8133
9126;9552;18678
5909;5693;11602
5472;9098;14570
6517;984;7501
4739;7888;12627
6703;143;6846
7889;4394;12283
8075;3040;11115
6640;6904;13544
7971;6961;14932
1587;8028;9615
4477;1168;5645
9116;6040;15156
6519;9940;16459
5640;2931;8571
8992;1027;10019
4182;485;4667
8540;9369;17909
5172;3801;8973
90;2448;2538
5976;5357;11333
1074;8348;9422
5902;3436;9338
1802;473;2275
8737;8880;17617
890;2462;3352
5678;800;6478
3610;5060;8670
5244;7467;12711
9747;4668;14415
6667;3341;10008
6814;83;6897
1532;7138;8670
5441;4641;10082
2552;1237;3789
9916;6714;16630
4292;4778;9070
8678;7241;15919
7955;2614;10569
4082;8047;12129
9935;3467;13402
5916;6315;12231
6889;8367;15256
502;4063;4565
9632;7664;17296
4772;8221;12993
5103;5883;10986
8958;4347;13305
3556;8;3564
9969;3588;13557
6913;2411;9324
1495;7163;8658
9628;4292;13920
9506;2010;11516
9149;5329;14478
809;6197;7006
493;8103;8596
6657;6172;12829
7724;7453;15177
9377;7206;16583
5338;4379;9717
8093;2912;11005
1229;361;1590
7837;5548;13385
6721;3667;10388
4049;4291;8340
876;2587;3463
6223;5511;11734
6837;5103;11940
9638;9888;19526
9428;9721;19149
6558;1546;8104
8773;4324;13097
3387;6922;10309
3368;3457;6825
252;1966;2218
8771;3413;12184
8882;3904;12786
4220;3775;7995
7573;9452;17025
975;4238;5213
3367;7909;11276
4640;6554;11194
834;1330;2164
2165;4944;7109
3791;659;4450
124;4704;4828
1728;5291;7019
2651;4563;7214
9584;5742;15326
9915;9208;19123
9733;5177;14910
3031;8750;11781
1194;371;1565
9458;9041;18499
7150;8105;15255
3697;8345;12042
6201;8894;15095
3701;3858;7559
4541;4697;9238
5235;6250;11485
1433;99;1532
9895;5028;14923
9174;4129;13303
5813;2037;7850
2140;7509;9649
1520;4660;6180
3819;4841;8660
983;4780;5763
6196;4359;10555
2642;6547;9189
1947;962;2909
259;4880;5139
2037;3111;5148
4949;9440;14389
4753;3327;8080
8787;892;9679
8736;6084;14820
3912;3106;7018
2021;8594;10615
322;3239;3561
2833;953;3786
7428;1860;9288
6894;3498;10392
9853;4286;14139
4262;1122;5384
8117;9225;17342
3511;7229;10740
5781;5162;10943
3092;6241;9333
7462;6906;14368
9755;567;10322
2012;5893;7905
6184;1044;7228
180;8700;8880
2063;9780;11843
8773;6001;14774
7271;3141;10412
4108;9809;13917
8211;2277;10488
4841;4328;9169
9777;2464;12241
2563;7208;9771
6196;2097;8293
5880;4560;10440
8647;1169;9816
591;3315;3906
2119;9388;11507
4424;5208;9632
6341;7311;13652
4430;5622;10052
8373;9947;18320
4715;233;4948
4485;6612;11097
7293;4151;11444
8943;2544;11487
2350;4834;7184
9935;4608;14543
470;1159;1629
1185;1001;2186
6113;3881;9994
1726;570;2296
3756;8572;12328
6171;6898;13069
5501;8669;14170
2358;8898;11256
1580;4418;5998
2374;2139;4513
4743;8999;13742
4727;9118;13845
1903;5825;7728
6316;1582;7898
8764;1217;9981
6933;2376;9309
8444;204;8648
656;7079;7735
6422;2689;9111
2550;2199;4749
7542;5366;12908
4371;518;4889
8626;3076;11702
9042;9562;18604
1498;747;2245
6645;7532;14177
82;5617;5699
743;3434;4177
5595;8471;14066
4213;1730;5943
584;680;1264
829;5489;6318
5753;125;5878
7429;852;8281
712;4212;4924
753;8333;9086
9659;4552;14211
449;2664;3113
5503;5179;10682
3883;8057;11940
7737;8891;16628
8772;2247;11019
8755;6356;15111
2516;9821;12337
375;6122;6497
5080;3494;8574
8147;6205;14352
3458;7393;10851
7715;5483;13198
8608;3515;12123
5971;1221;7192
1350;448;1798
5269;4731;10000
2295;3335;5630
4825;4311;9136
6694;1965;8659
8342;3619;11961
5418;7685;13103
7751;5547;13298
1141;2521;3662
4081;5104;9185
4238;1423;5661
3655;8444;12099
2442;1868;4310
67;1686;1753
4102;409;4511
6306;7600;13906
8246;19;8265
2604;7355;9959
1770;9612;11382
8533;5489;14022
2547;1330;3877
6631;9240;15871
3751;4174;7925
1897;2092;3989
1819;3174;4993
6072;26;6098
9609;7546;17155
9345;5508;14853
3460;2948;6408
8389;4933;13322
6805;7839;14644
3946;9944;13890
4229;6557;10786
4440;6624;11064
9910;9351;19261
6901;9987;16888
7485;9786;17271
5379;7193;12572
8943;3714;12657
1175;4756;5931
1295;6340;7635
3478;1394;4872
7575;4556;12131
8382;3920;12302
8878;1039;9917
7962;8654;16616
4894;129;5023
3261;7696;10957
87;5726;5813
6247;8005;14252
8017;1107;9124
4657;4663;9320
9531;5042;14573
7364;1745;9109
2366;8014;10380
1678;7440;9118
4064;1416;5480
8467;2936;11403
7588;9818;17406
9340;817;10157
8381;6036;14417
2453;9827;12280
5758;8854;14612
689;9021;9710
4911;8397;13308
7038;119;7157
7325;1258;8583
6419;1914;8333
2418;6049;8467
4704;5215;9919
8896;3066;11962
4674;6882;11556
508;6988;7496
1250;1972;3222
4664;6705;11369
7836;1274;9110
891;3708;4599
2863;2244;5107
9632;8994;18626
9151;7353;16504
6308;1102;7410
4666;4603;9269
6574;5291;11865
1234;9246;10480
6353;9462;15815
2678;8426;11104
409;7273;7682
4860;1114;5974
8189;2176;10365
4878;9622;14500
1925;9451;11376
8480;9711;18191
2392;5887;8279
9556;2991;12547
5449;5230;10679
2960;9512;12472
5392;2555;7947
1175;3299;4474
1745;3765;5510
5712;1861;7573
2972;5845;8817
2260;1494;3754
6492;2899;9391
1674;2254;3928
7830;5217;13047
5029;250;5279
74;6224;6298
5546;2532;8078
1299;9941;11240
4744;3099;7843
8968;119;9087
1808;6515;8323
4264;8832;13096
9016;704;9720
614;7883;8497
6029;9979;16008
8049;3726;11775
9112;9317;18429
4812;2212;7024
5331;1915;7246
9083;6126;15209
8496;9236;17732
8779;5930;14709
4451;3746;8197
4310;3924;8234
6377;4176;10553
7535;1502;9037
6238;8680;14918
4924;9639;14563
6552;6475;13027
5450;5199;10649
3672;3283;6955
2851;5403;8254
7090;9618;16708
827;3431;4258
3119;4716;7835
2403;9841;12244
6934;5227;12161
2219;3361;5580
8128;179;8307
9810;8305;18115
9559;4703;14262
6500;5661;12161
3157;9715;12872
1947;693;2640
1212;6088;7300
746;3051;3797
1824;3574;5398
4703;8355;13058
5594;5657;11251
9468;7849;17317
2718;928;3646
4652;5975;10627
8917;2493;11410
1039;3759;4798
9765;4633;14398
4058;3857;7915
8362;510;8872
4343;1720;6063
4632;5562;10194
7660;1254;8914
8167;6955;15122
172;1867;2039
4429;6161;10590
3602;4191;7793
4389;3780;8169
9652;7777;17429
7992;1139;9131
7162;1422;8584
4647;3109;7756
278;1622;1900
7921;9421;17342
2076;9989;12065
8162;3976;12138
1490;2979;4469
3552;8268;11820
3349;4850;8199
362;8335;8697
7246;3821;11067
9602;7832;17434
7575;3302;10877
7420;7782;15202
2786;8863;11649
9362;4881;14243
7430;3369;10799
4544;1313;5857
360;6589;6949
7570;8769;16339
5884;9650;15534
5353;8115;13468
852;4657;5509
2844;9533;12377
9378;6948;16326
1908;6347;8255
1414;2642;4056
2914;7340;10254
1847;6413;8260
5925;4568;10493
1988;7484;9472
8320;1636;9956
8424;8559;16983
3700;1548;5248
1448;3650;5098
391;7531;7922
3913;7446;11359
2965;8944;11909
711;2522;3233
386;9131;9517
1614;8277;9891
9440;5081;14521
3254;4655;7909
3457;263;3720
6929;4230;11159
8398;7192;15590
6482;7020;13502
5749;1847;7596
313;7013;7326
8150;7611;15761
6629;7913;14542
1364;8764;10128
2755;5673;8428
1120;6669;7789
1793;8942;10735
2382;8062;10444
5355;6951;12306
5422;5664;11086
4386;1216;5602
7919;94;8013
3458;9386;12844
7869;6920;14789
2686;7639;10325
7084;5806;12890
9608;6744;16352
4687;7482;12169
1792;188;1980
7644;686;8330
4571;3056;7627
8031;3313;11344
9780;7051;16831
1327;3622;4949
7056;8690;15746
5840;8143;13983
2334;8729;11063
4478;9467;13945
9729;1072;10801
8189;9046;17235
7918;1186;9104
3738;2258;5996
8581;5357;13938
6006;3318;9324
2544;4110;6654
5030;1859;6889
7836;7693;15529
9384;2019;11403
1850;9711;11561
6;9437;9443
4772;7673;12445
609;6070;6679
6054;7711;13765
4569;8663;13232
378;1606;1984
631;5694;6325
9487;3154;12641
6333;9810;16143
9831;8368;18199
7489;4921;12410
4106;7555;11661
4301;2837;7138
6480;1380;7860
1462;3246;4708
8937;8141;17078
8754;8677;17431
8203;4910;13113
1867;9716;11583
9223;7479;16702
3405;4384;7789
2162;6144;8306
4070;2705;6775
1906;4495;6401
8298;1355;9653
6858;4735;11593
1093;4922;6015
5072;4064;9136
101;7321;7422
7538;8096;15634
7673;9743;17416
1091;6621;7712
2107;1480;3587
2375;3503;5878
2870;238;3108
1577;1015;2592
8572;3406;11978
1469;2630;4099
1071;9962;11033
1430;2131;3561
8022;5113;13135
1611;2770;4381
4613;6662;11275
1354;8081;9435
6346;3435;9781
4948;9731;14679
7052;988;8040
7665;3085;10750
309;345;654
7161;9953;17114
9134;3883;13017
7710;8194;15904
8138;400;8538
8083;7246;15329
959;375;1334
2587;1374;3961
7970;5863;13833
8358;1390;9748
2383;8408;10791
1398;3097;4495
5558;8963;14521
9598;6742;16340
3875;3367;7242
7950;3054;11004
8657;2172;10829
2554;6044;8598
4136;8620;12756
8129;7217;15346
2594;668;3262
6909;889;7798
5509;5706;11215
7118;4585;11703
8110;5753;13863
7677;3401;11078
425;7766;8191
401;6262;6663
1896;6383;8279
5401;4771;10172
6356;4220;10576
5345;9191;14536
9839;8510;18349
8557;5421;13978
989;3474;4463
6697;4194;10891
923;775;1698
4939;9189;14128
8718;4143;12861
7879;4428;12307
2863;2840;5703
4064;6338;10402
4204;6220;10424
5609;3643;9252
8381;8897;17278
4836;1849;6685
2819;390;3209
4527;648;5175
6613;8360;14973
506;790;1296
8622;3336;11958
2614;2517;5131
2495;1640;4135
1825;3456;5281
3302;5229;8531
8018;3975;11993
8239;5618;13857
4425;6937;11362
2372;1457;3829
9140;5824;14964
2477;679;3156
3009;110;3119
9888;2773;12661
2835;3751;6586
6145;2748;8893
4229;1891;6120
2599;3068;5667
5129;9115;14244
5988;4241;10229
1082;6212;7294
3925;4973;8898
9032;3108;12140
2956;8817;11773
6225;9102;15327
4190;3097;7287
3642;4337;7979
882;6511;7393
8653;119;8772
6464;7510;13974
1033;1717;2750
1823;7226;9049
5194;6861;12055
7258;9443;16701
7786;8193;15979
9220;4731;13951
6363;9803;16166
286;3312;3598
7825;6878;14703
6870;7147;14017
103;6167;6270
1088;815;1903
8415;9427;17842
8619;3012;11631
6586;8851;15437
4068;275;4343
7997;852;8849
8396;4884;13280
5338;1515;6853
4060;3890;7950
6396;785;7181
4010;8333;12343
8230;6269;14499
9377;6683;16060
598;1323;1921
2198;518;2716
7145;9711;16856
522;3661;4183
9231;8747;17978
1875;6469;8344
6823;2060;8883
9912;8093;18005
4552;4357;8909
8414;157;8571
5442;6775;12217
480;952;1432
7160;4223;11383
3376;506;3882
9505;7089;16594
5237;7663;12900
296;246;542
8752;7220;15972
2009;7019;9028
4620;5128;9748
9285;1400;10685
3824;6664;10488
768;4517;5285
2064;8813;10877
7335;651;7986
8341;6210;14551
2265;1459;3724
115;2403;2518
6841;2039;8880
9870;1581;11451
4104;5513;9617
743;6754;7497
2524;399;2923
5698;2134;7832
1415;8681;10096
8732;5648;14380
2659;3679;6338
1130;6877;8007
2419;8928;11347
7632;2016;9648
6094;3153;9247
6407;7800;14207
8876;8210;17086
7534;6213;13747
5738;8892;14630
5720;7819;13539
4001;7816;11817
149;6071;6220
3022;7548;10570
6566;5390;11956
5160;5972;11132
6124;9520;15644
6572;9725;16297
5767;1506;7273
2102;9249;11351
4488;7931;12419
1945;7670;9615
6056;2664;8720
3652;5244;8896
9076;7602;16678
1824;4458;6282
8269;2960;11229
9316;3720;13036
9339;1762;11101
2979;2940;5919
5390;4665;10055
2122;4120;6242
972;6299;7271
1074;9685;10759
3815;6299;10114
7196;5511;12707
6759;689;7448
3366;9347;12713
2084;7720;9804
9124;181;9305
843;7123;7966
4148;5598;9746
2047;1403;3450
1956;7106;9062
2251;7022;9273
3744;53;3797
7408;4835;12243
7965;9973;17938
9477;5097;14574
3887;6166;10053
3772;7100;10872
308;741;1049
5401;6374;11775
8026;596;8622
7896;8210;16106
3046;2297;5343
4585;5125;9710
6355;8248;14603
6919;7440;14359
4639;1972;6611
2824;1587;4411
8747;71;8818
5587;475;6062
894;7428;8322
8977;2946;11923
581;7428;8009
3129;3978;7107
5828;9527;15355
5007;8439;13446
2342;7100;9442
6002;5038;11040
124;7536;7660
4855;7530;12385
6675;2333;9008
3622;4473;8095
5820;9367;15187
9739;7952;17691
3784;6686;10470
5562;675;6237
5235;8407;13642
8155;5030;13185
3725;6472;10197
5120;8229;13349
7212;3420;10632
2262;645;2907
3699;366;4065
5552;3133;8685
1141;1648;2789
7808;6569;14377
1710;654;2364
177;8281;8458
1403;6046;7449
5025;4905;9930
1051;5373;6424
6282;6681;12963
4377;8232;12609
4632;7119;11751
6073;1058;7131
6977;3502;10479
7174;1107;8281
4747;2152;6899
1251;470;1721
689;5841;6530
5453;3446;8899
5174;8762;13936
2061;4532;6593
6850;868;7718
5776;6189;11965
1488;8221;9709
9659;5529;15188
9229;8810;18039
9277;8342;17619
697;811;1508
9480;503;9983
9786;6024;15810
9350;9641;18991
2596;6133;8729
6828;9374;16202
9687;1595;11282
7989;7547;15536
6314;8833;15147
7787;2207;9994
7366;2195;9561
8358;9908;18266
2260;5685;7945
4122;5292;9414
6829;4363;11192
6807;1636;8443
8049;7747;15796
9920;3873;13793
8778;80;8858
7722;3167;10889
6279;3684;9963
7390;9252;16642
2152;6106;8258
4151;7582;11733
3881;1946;5827
1914;5421;7335
9097;5948;15045
2833;5745;8578
7441;266;7707
6316;6968;13284
7356;6757;14113
5647;5805;11452
1770;9578;11348
4591;8879;13470
1819;4506;6325
4719;9036;13755
3632;7519;11151
5498;4232;9730
6986;9237;16223
4647;694;5341
7475;949;8424
8116;3608;11724
7500;6359;13859
1001;2501;3502
9658;2144;11802
439;7218;7657
8411;4041;12452
6981;4752;11733
2491;8463;10954
7786;7032;14818
2940;7650;10590
94;9932;10026
2761;1274;4035
9569;2566;12135
8459;7622;16081
3528;480;4008
1004;1811;2815
2241;9678;11919
2174;6294;8468
4574;2508;7082
3752;862;4614
9936;210;10146
7673;3034;10707
4262;5925;10187
2829;1181;4010
3352;7478;10830
6707;1184;7891
3517;5536;9053
4691;1738;6429
4550;649;5199
2235;1203;3438
8714;4586;13300
1380;3291;4671
7531;2681;10212
7420;4488;11908
6690;8599;15289
7282;7744;15026
7292;6159;13451
9050;3412;12462
7242;4512;11754
5072;7180;12252
7645;5177;12822
8163;1093;9256
7619;4967;12586
314;5784;6098
6074;2262;8336
9549;1720;11269
9570;4672;14242
8664;9247;17911
662;1547;2209
2247;624;2871
9524;4333;13857
9845;738;10583
4543;4823;9366
390;551;941
9672;1703;11375
6100;2591;8691
2994;745;3739
8019;5242;13261
2098;656;2754
2058;3359;5417
5257;9334;14591
833;1782;2615
7425;514;7939
6396;4959;11355
1608;2624;4232
5044;2377;7421
3555;5400;8955
8335;4477;12812
2242;3880;6122
3681;8796;12477
172;7150;7322
2922;6976;9898
740;2964;3704
1744;283;2027
2379;6764;9143
2766;383;3149
3336;3427;6763
3147;5108;8255
9702;2903;12605
5047;8054;13101
517;1380;1897
8533;6387;14920
6718;4252;10970
1186;8242;9428
3116;1884;5000
3572;2776;6348
8807;1631;10438
1814;8178;9992
3285;6547;9832
9492;7108;16600
4039;6754;10793
2720;4974;7694
9549;6654;16203
9410;8192;17602
9243;1422;10665
8626;6755;15381
1511;3004;4515
8892;1374;10266
6747;9910;16657
6766;4178;10944
7713;6492;14205
4219;5470;9689
2127;9741;11868
1592;9667;11259
6052;2996;9048
1632;8355;9987
3172;2893;6065
8113;6920;15033
9814;8137;17951
5590;8924;14514
1677;7891;9568
3074;3446;6520
5600;5585;11185
1491;470;1961
5940;6559;12499
7552;6851;14403
5195;4769;9964
4408;5229;9637
6880;3150;10030
9213;2847;12060
5206;181;5387
5442;4902;10344
7240;4313;11553
168;3991;4159
535;2197;2732
6488;956;7444
3812;5716;9528
7331;6372;13703
7625;499;8124
4428;6814;11242
8762;778;9540
3968;3319;7287
6930;324;7254
1089;8599;9688
2457;2995;5452
6063;9817;15880
8364;1778;10142
2382;9444;11826
227;4473;4700
4335;5448;9783
260;2822;3082
4541;2370;6911
2429;9596;12025
8679;9989;18668
1808;4492;6300
2985;1055;4040
2133;1043;3176
8986;4667;13653
4696;9320;14016
2227;1445;3672
1413;5910;7323
2198;2151;4349
8329;4414;12743
7003;2171;9174
3055;8435;11490
4614;9749;14363
4807;5722;10529
9573;9640;19213
4191;1540;5731
295;1651;1946
3230;4784;8014
8100;4590;12690
3860;5733;9593
9645;1273;10918
9643;385;10028
3113;4008;7121
4369;9014;13383
451;5762;6213
3996;2308;6304
1042;1012;2054
4623;7348;11971
7685;6491;14176
3431;8072;11503
4446;7693;12139
6611;3858;10469
6419;5124;11543
7530;4465;11995
3421;4307;7728
8926;820;9746
4743;5561;10304
2513;3136;5649
9910;6145;16055
2027;5231;7258
8702;4747;13449
8595;5025;13620
3081;1963;5044
271;1489;1760
2299;9547;11846
9467;2416;11883
3198;9165;12363
3170;8284;11454
511;5189;5700
7604;4528;12132
7051;2172;9223
8204;733;8937
6230;5585;11815
726;227;953
5560;3074;8634
2806;58;2864
1493;9151;10644
8045;22;8067
1579;5611;7190
9061;6935;15996
5059;3804;8863
200;568;768
9461;7251;16712
9245;6353;15598
5451;5917;11368
6561;9832;16393
9218;8486;17704
810;9755;10565
6136;8085;14221
3306;2391;5697
3520;3920;7440
3643;892;4535
9849;4072;13921
7040;9380;16420
6973;6360;13333
9872;4039;13911
4572;4969;9541
3422;9441;12863
7711;6593;14304
9657;888;10545
2272;2374;4646
9190;6939;16129
2355;7229;9584
4507;4079;8586
4003;9443;13446
3025;5352;8377
3868;5247;9115
5040;7515;12555
4632;6665;11297
8905;2067;10972
4838;4003;8841
4382;2933;7315
3797;3469;7266
5937;4015;9952
5506;8350;13856
4441;1181;5622
53;9333;9386
2126;2185;4311
3289;9506;12795
4851;3312;8163
9520;9224;18744
3685;5214;8899
7431;3865;11296
9799;1067;10866
887;459;1346
1758;7949;9707
1858;2779;4637
2243;6098;8341
4087;9496;13583
5201;9019;14220
2667;9269;11936
2217;6290;8507
3459;4966;8425
6621;960;7581
9473;4139;13612
5314;6407;11721
5424;9059;14483
7671;3564;11235
1271;2134;3405
6987;3821;10808
8986;2671;11657
889;9426;10315
4564;9396;13960
3654;6216;9870
3055;2932;5987
9405;7656;17061
3279;8990;12269
7279;8718;15997
1784;4101;5885
2197;6686;8883
7579;4426;12005
9164;2961;12125
3667;5768;9435
5284;3436;8720
4894;755;5649
8715;8523;17238
9318;6255;15573
1071;3362;4433
3220;4366;7586
9363;1007;10370
6333;2356;8689
7149;2631;9780
9519;3656;13175
310;1711;2021
7603;2720;10323
5015;6146;11161
9452;5948;15400
3334;2604;5938
1129;1787;2916
2678;3962;6640
901;6261;7162
991;1823;2814
6128;3496;9624
8117;4839;12956
2391;5302;7693
5664;9845;15509
5002;5835;10837
4242;4314;8556
4064;8042;12106
9895;2039;11934
8857;9861;18718
9145;7881;17026
9893;9583;19476
9391;6313;15704
5854;3764;9618
6192;673;6865
4479;5215;9694
4124;1313;5437
5678;6250;11928
8601;8909;17510
3121;2309;5430
355;419;774
5973;2770;8743
9813;9367;19180
3459;3261;6720
2586;4128;6714
6494;9612;16106
6564;5283;11847
5278;3319;8597
6184;3080;9264
196;2839;3035
581;9551;10132
7233;1943;9176
8121;2143;10264
7774;938;8712
972;2669;3641
4367;9977;14344
4706;7464;12170
8918;2978;11896
2602;3705;6307
972;3360;4332
3530;3903;7433
3577;2656;6233
3188;5360;8548
3517;4492;8009
8421;1600;10021
5337;5983;11320
7083;1890;8973
9920;770;10690
3689;9309;12998
4539;3961;8500
5869;9932;15801
9272;3556;12828
8034;3128;11162
2093;530;2623
9689;9282;18971
9010;3267;12277
7895;9740;17635
4341;4920;9261
56;9384;9440
1695;9874;11569
2936;1519;4455
2655;8815;11470
9863;3110;12973
9512;2827;12339
4141;9815;13956
6126;483;6609
3606;7501;11107
4261;7056;11317
6244;6500;12744
7186;3700;10886
3599;14;3613
2218;27;2245
5666;7243;12909
6332;6867;13199
1077;7052;8129
4688;5999;10687
847;2760;3607
1283;3921;5204
9628;5330;14958
2152;1370;3522
3283;883;4166
4334;1881;6215
3166;4660;7826
6385;1266;7651
8229;1441;9670
5866;7067;12933
5847;3331;9178
2577;935;3512
4349;1020;5369
1083;3550;4633
389;2006;2395
4252;6596;10848
76;6131;6207
6750;6119;12869
4121;63;4184
7844;6077;13921
3628;1518;5146
529;2324;2853
7452;4974;12426
3907;5433;9340
5303;9697;15000
7195;4494;11689
2354;5465;7819
4594;970;5564
5581;1985;7566
5665;9117;14782
9993;9869;19862
3186;4582;7768
7483;7679;15162
695;4877;5572
8614;788;9402
6717;8761;15478
2164;9535;11699
3757;1430;5187
986;3602;4588
1113;2490;3603
8877;7686;16563
6816;5297;12113
911;1102;2013
5067;536;5603
7675;2060;9735
3519;4946;8465
2641;2181;4822
3354;9633;12987
9759;2556;12315
5097;1783;6880
8713;1748;10461
7599;2097;9696
7587;9797;17384
6485;4739;11224
4641;1910;6551
5867;9816;15683
983;6218;7201
8357;5009;13366
5191;7955;13146
6775;1130;7905
8517;4155;12672
6721;4812;11533
8842;5502;14344
4761;6613;11374
6673;1707;8380
802;7883;8685
8302;4687;12989
8413;6385;14798
9696;224;9920
9242;3022;12264
1830;8395;10225
1998;5261;7259
8103;14;8117
3976;6523;10499
3152;729;3881
4188;5411;9599
2643;5821;8464
9165;4365;13530
2346;160;2506
2512;4193;6705
1496;3881;5377
7989;1086;9075
5602;3551;9153
3725;8302;12027
4958;37;4995
171;1366;1537
7794;9783;17577
5747;2916;8663
701;623;1324
1683;6898;8581
7031;1211;8242
6984;5157;12141
6943;2470;9413
1110;6451;7561
4532;156;4688
2402;5412;7814
3606;7800;11406
769;6798;7567
2715;5043;7758
5947;4883;10830
1466;3821;5287
482;8140;8622
692;6690;7382
8975;8165;17140
3148;6398;9546
9855;7203;17058
5286;9453;14739
9928;7477;17405
7327;8382;15709
5202;5693;10895
9223;543;9766
8546;4665;13211
8665;7659;16324
7327;959;8286
4952;2572;7524
5055;7545;12600
2850;7360;10210
2501;7910;10411
7782;7461;15243
5356;827;6183
646;3265;3911
2833;9708;12541
4303;4936;9239
9649;3259;12908
6171;1871;8042
1930;6985;8915
2772;1856;4628
1710;5419;7129
8948;5197;14145
5028;3214;8242
750;9309;10059
7066;1078;8144
5905;5989;11894
1221;7971;9192
2455;9203;11658
556;3348;3904
6818;7517;14335
846;1381;2227
8208;5102;13310
1970;2209;4179
6873;5131;12004
8794;2644;11438
9497;754;10251
3416;2312;5728
6055;9780;15835
7456;9348;16804
2374;4769;7143
7802;267;8069
8291;5433;13724
811;6852;7663
632;1443;2075
1723;8853;10576
4799;7043;11842
5793;7532;13325
367;8839;9206
4998;438;5436
2726;9284;12010
8442;3047;11489
8397;3937;12334
7197;604;7801
4056;6181;10237
7307;516;7823
3346;3630;6976
6397;8885;15282
5120;1875;6995
2046;7209;9255
8336;5129;13465
1671;1509;3180
561;6722;7283
9139;5610;14749
7175;9107;16282
4646;7355;12001
2185;3183;5368
3766;680;4446
9737;5340;15077
2076;7546;9622
4162;157;4319
4312;5101;9413
485;9820;10305
2152;4139;6291
1131;4987;6118
1466;1947;3413
3509;2024;5533
3327;1055;4382
147;7050;7197
1466;6702;8168
3898;716;4614
5957;1304;7261
7593;890;8483
881;4735;5616
5006;2813;7819
7577;1350;8927
9245;2386;11631
827;8710;9537
8671;4375;13046
5700;9251;14951
1766;9837;11603
531;155;686
291;6293;6584
8074;5866;13940
7883;3287;11170
6765;6881;13646
2030;7689;9719
1807;9336;11143
3058;1610;4668
1900;6956;8856
3486;4303;7789
5406;5107;10513
8902;9148;18050
2130;8992;11122
1754;7167;8921
5892;9669;15561
2426;3148;5574
758;3025;3783
1020;650;1670
9872;8071;17943
4715;3192;7907
7889;7099;14988
6060;3020;9080
4976;2215;7191
5922;6685;12607
208;9054;9262
854;5924;6778
4899;869;5768
4946;2932;7878
8070;9734;17804
9255;3754;13009
158;6997;7155
9021;7869;16890
43;971;1014
5418;851;6269
447;6863;7310
2601;208;2809
500;4771;5271
8381;3326;11707
4815;4843;9658
3670;7856;11526
3899;6080;9979
6351;4870;11221
7310;2113;9423
8723;1389;10112
3713;4951;8664
2002;2958;4960
9000;6351;15351
6700;3051;9751
7856;562;8418
672;6403;7075
4034;4313;8347
68;774;842
7368;2723;10091
3579;442;4021
3144;1939;5083
2441;5468;7909
2464;2621;5085
2678;8907;11585
7780;625;8405
8813;1988;10801
1328;5850;7178
275;8328;8603
3121;1623;4744
5737;669;6406
5546;5043;10589
9452;7675;17127
7916;4449;12365
3513;632;4145
785;6711;7496
3788;7371;11159
7467;1992;9459
5490;8558;14048
3808;5586;9394
3751;350;4101
6401;1027;7428
4731;2064;6795
5083;6671;11754
9285;1308;10593
1370;6076;7446
5269;1675;6944
85;453;538
9062;8864;17926
1345;4666;6011
9696;1957;11653
4192;7150;11342
5389;9994;15383
3345;4185;7530
8525;9183;17708
6355;2016;8371
4331;9437;13768
3435;5881;9316
3767;4410;8177
4412;7005;11417
9372;111;9483
6484;4258;10742
624;5953;6577
7656;8693;16349
7492;6044;13536
3231;4787;8018
9062;4092;13154
1157;8761;9918
4090;7215;11305
4510;2415;6925
216;792;1008
7272;3391;10663
8810;6332;15142
6148;3872;10020
3486;4690;8176
2800;2805;5605
2557;4966;7523
1634;5917;7551
8310;3770;12080
5672;7747;13419
5501;2679;8180
5539;984;6523
6710;9880;16590
7451;8616;16067
3387;4186;7573
1202;207;1409
5573;4040;9613
3705;4563;8268
3549;3143;6692
9270;5245;14515
8917;7835;16752
5798;400;6198
4739;6989;11728
4541;3666;8207
717;8689;9406
7043;1934;8977
7800;7399;15199
2236;7161;9397
709;6844;7553
3002;2145;5147
2417;9502;11919
8521;3702;12223
5435;7962;13397
8439;6698;15137
6134;9325;15459
6714;8062;14776
7007;9013;16020
924;1514;2438
128;8584;8712
8589;9384;17973
6624;5992;12616
8361;5434;13795
5324;3693;9017
5859;8463;14322
3010;5375;8385
7155;7687;14842
5629;412;6041
5717;8877;14594
7742;92;7834
1268;475;1743
2250;4161;6411
5584;554;6138
9139;2280;11419
3985;7418;11403
8844;8720;17564
8022;5923;13945
5246;6238;11484
3876;1109;4985
1024;130;1154
1444;3374;4818
8473;1355;9828
2168;2384;4552
1358;5823;7181
2191;8922;11113
9201;5459;14660
7946;2785;10731
4564;1405;5969
7947;132;8079
8462;177;8639
5292;2455;7747
6075;7048;13123
2546;9726;12272
5848;3133;8981
2560;4085;6645
2047;1437;3484
2347;7028;9375
6623;4699;11322
5670;4650;10320
2895;5531;8426
7239;6457;13696
6991;4640;11631
2382;443;2825
5028;8482;13510
4062;759;4821
9201;9485;18686
9160;8903;18063
4745;4857;9602
4355;7361;11716
554;3209;3763
7625;9351;16976
3499;7788;11287
7695;3000;10695
6061;3523;9584
4690;4567;9257
8926;7712;16638
3909;7968;11877
629;5780;6409
4751;1270;6021
1578;9433;11011
410;309;719
2802;6245;9047
4603;5455;10058
6485;5741;12226
670;175;845
5425;5386;10811
9418;9042;18460
3122;4516;7638
2536;8606;11142
9107;3256;12363
8296;1332;9628
2485;142;2627
4091;4570;8661
6595;1584;8179
1659;8640;10299
9032;7238;16270
2450;9718;12168
9820;4497;14317
3158;6557;9715
5061;340;5401
4211;9284;13495
818;3763;4581
4247;300;4547
5985;2225;8210
5488;5347;10835
9181;9135;18316
6678;1330;8008
4182;7750;11932
9390;2118;11508
2317;4598;6915
9422;8864;18286
1611;1670;3281
7348;2831;10179
3988;8654;12642
6120;9265;15385
6745;7125;13870
3683;9647;13330
6414;3271;9685
9144;3468;12612
5233;5079;10312
9720;9571;19291
850;8110;8960
1281;5941;7222
2900;4811;7711
1254;885;2139
5485;4843;10328
3112;3940;7052
6357;9588;15945
93;8190;8283
4508;2842;7350
7511;6670;14181
7645;4240;11885
6295;3365;9660
9392;6185;15577
6827;6457;13284
527;1890;2417
4948;3333;8281
3384;4535;7919
2619;3299;5918
9527;6358;15885
8934;7592;16526
1899;8342;10241
9276;6183;15459
7444;4393;11837
64;1564;1628
9311;4716;14027
2687;8995;11682
3782;8219;12001
5858;5576;11434
532;581;1113
4920;8916;13836
5729;8199;13928
75;3805;3880
5541;2637;8178
1709;8540;10249
5308;1455;6763
7070;9730;16800
2704;1682;4386
3650;8104;11754
3570;9571;13141
1500;8934;10434
7465;8238;15703
5269;5665;10934
7244;3157;10401
771;5783;6554
521;6456;6977
5703;9758;15461
2177;667;2844
6186;668;6854
6791;5254;12045
261;666;927
554;5292;5846
8322;4736;13058
7085;3566;10651
1638;6584;8222
7861;2794;10655
8994;7820;16814
4703;6038;10741
9844;7232;17076
1190;1367;2557
7328;6161;13489
9729;9454;19183
1287;4322;5609
4594;2580;7174
2540;3947;6487
7981;5104;13085
8065;8924;16989
8402;2054;10456
9640;8099;17739
8596;4568;13164
3471;288;3759
2278;260;2538
5315;5344;10659
8544;3562;12106
4793;4501;9294
8210;4966;13176
9756;3774;13530
320;9010;9330
4637;6542;11179
5302;3414;8716
7160;4847;12007
7325;7248;14573
470;6751;7221
5482;6198;11680
5798;4962;10760
3278;3869;7147
746;6076;6822
9968;6776;16744
1939;9371;11310
7385;5088;12473
5509;9576;15085
5263;4813;10076
8602;1325;9927
7432;8262;15694
2689;8062;10751
1522;420;1942
4079;2278;6357
3918;2188;6106
5971;1795;7766
9728;8863;18591
166;7344;7510
4407;8517;12924
9392;5080;14472
3819;1659;5478
6910;9891;16801
3538;1121;4659
711;7066;7777
4779;8976;13755
1507;6854;8361
5881;8498;14379
4155;8837;12992
1393;9635;11028
8982;8687;17669
6005;4141;10146
6072;5972;12044
3612;3233;6845
4869;7756;12625
4244;1873;6117
4375;879;5254
981;5122;6103
4826;5155;9981
55;7508;7563
100;2699;2799
3259;5089;8348
6773;2514;9287
2830;3638;6468
1354;9567;10921
5456;2407;7863
3491;9305;12796
2475;479;2954
8208;7480;15688
1498;3565;5063
5779;8339;14118
2396;804;3200
2101;7363;9464
3738;8553;12291
4197;6394;10591
1100;2640;3740
1090;6207;7297
9912;9682;19594
1169;1258;2427
6760;9413;16173
9404;2215;11619
3766;4753;8519
3881;1032;4913
8568;9031;17599
2936;7216;10152
9107;4160;13267
684;9401;10085
5636;6844;12480
6905;635;7540
6555;3482;10037
4979;9259;14238
3173;7200;10373
7393;8170;15563
4129;426;4555
3336;2917;6253
3907;8739;12646
9517;8937;18454
8871;9935;18806
6315;5458;11773
3500;9031;12531
8218;6828;15046
6479;230;6709
2993;3832;6825
520;8584;9104
7510;77;7587
5204;2921;8125
2868;987;3855
8974;9816;18790
4962;5550;10512
2278;7162;9440
5903;7642;13545
676;7773;8449
2154;1528;3682
3613;497;4110
7035;8684;15719
4679;9737;14416
9764;2446;12210
484;9724;10208
9433;7180;16613
6561;6467;13028
4254;5497;9751
8269;1228;9497
236;5922;6158
4629;6859;11488
6410;1287;7697
8608;8011;16619
2973;4148;7121
6993;739;7732
4421;5404;9825
7291;927;8218
7103;2784;9887
1057;4058;5115
3023;1075;4098
7446;5253;12699
2956;6752;9708
8953;8940;17893
2220;1525;3745
9567;5714;15281
6512;5475;11987
8643;4422;13065
431;4376;4807
5943;7824;13767
7078;8497;15575
6607;9116;15723
3456;2023;5479
9501;1521;11022
3675;2234;5909
5544;8705;14249
2317;1825;4142
664;8917;9581
2137;7506;9643
7237;7054;14291
9850;6294;16144
5425;3152;8577
1717;6041;7758
2218;8513;10731
2237;1177;3414
5716;1618;7334
6630;7745;14375
526;1328;1854
1917;9229;11146
2696;6241;8937
468;8788;9256
2857;3185;6042
8340;2218;10558
3464;998;4462
8347;3215;11562
9168;3983;13151
1789;2391;4180
8928;1291;10219
5649;1378;7027
9637;4324;13961
167;6758;6925
1846;5943;7789
1402;1966;3368
5461;7719;13180
3657;7197;10854
2271;7707;9978
4204;4769;8973
4910;5521;10431
7372;5947;13319
5123;7210;12333
6699;3429;10128
4698;7017;11715
4746;2122;6868
9240;5635;14875
2647;7856;10503
2604;4167;6771
8148;6855;15003
9071;720;9791
7733;8934;16667
5009;9635;14644
844;8264;9108
4454;9738;14192
3797;8921;12718
5354;7061;12415
4712;6227;10939
6871;8885;15756
923;9925;10848
434;8840;9274
8250;7847;16097
7582;7194;14776
6772;641;7413
5580;7741;13321
1363;5698;7061
1464;1873;3337
3184;2702;5886
2691;9559;12250
9379;1059;10438
6155;9779;15934
8788;260;9048
4464;525;4989
8464;5326;13790
1801;114;1915
2087;2735;4822
5341;1174;6515
4940;9486;14426
7044;9602;16646
8981;4456;13437
5093;7069;12162
6732;3815;10547
2352;5230;7582
4673;7274;11947
3578;6349;9927
664;9505;10169
9657;4540;14197
2710;4535;7245
7439;7422;14861
7074;6037;13111
5935;3863;9798
7492;5205;12697
1204;3948;5152
6199;6706;12905
9448;4114;13562
2131;6506;8637
7489;294;7783
958;1543;2501
7657;2271;9928
9598;8410;18008
8614;763;9377
2036;8573;10609
3541;8445;11986
3474;2462;5936
4886;1718;6604
2622;6318;8940
5871;5341;11212
9357;2353;11710
8217;8242;16459
3382;1512;4894
3000;2118;5118
6672;6583;13255
3020;5205;8225
6485;9493;15978
9391;1725;11116
9638;4613;14251
10000;6393;16393
7486;574;8060
7194;6255;13449
8444;7172;15616
4428;8133;12561
7996;6049;14045
450;3074;3524
7718;485;8203
7193;7500;14693
4146;8256;12402
5095;8274;13369
2138;1509;3647
7384;534;7918
6447;5060;11507
9340;8455;17795
4909;8393;13302
6611;1730;8341
2905;450;3355
9996;9082;19078
2250;4575;6825
2457;5394;7851
8266;3729;11995
6996;2897;9893
4435;6584;11019
1386;112;1498
54;1566;1620
88;9778;9866
405;6719;7124
5040;6356;11396
6485;6243;12728
3113;2055;5168
3206;2601;5807
7926;6940;14866
7274;5348;12622
1431;8714;10145
7706;1299;9005
5656;566;6222
116;6832;6948
9833;6271;16104
8227;468;8695
541;3375;3916
4786;5922;10708
4270;6292;10562
8741;4712;13453
6209;4272;10481
7958;9013;16971
6302;8433;14735
8454;7712;16166
645;5686;6331
4631;8217;12848
4542;7782;12324
8829;8527;17356
6314;2774;9088
8960;1831;10791
7635;5670;13305
364;4543;4907
7667;5262;12929
3636;4182;7818
2135;7910;10045
533;9126;9659
1873;2214;4087
399;3547;3946
8285;6791;15076
9654;432;10086
5296;6605;11901
7263;8774;16037
9842;1120;10962
3390;3752;7142
2741;2305;5046
2573;4311;6884
1622;9172;10794
7078;8223;15301
7381;5007;12388
9805;9052;18857
6950;1146;8096
7215;6510;13725
656;1923;2579
1700;8696;10396
4786;9487;14273
3358;9811;13169
1791;599;2390
5825;1777;7602
9245;3054;12299
2479;2570;5049
7453;3960;11413
5082;4166;9248
8856;9371;18227
5488;4077;9565
5803;3469;9272
4540;3650;8190
1598;2858;4456
3882;3509;7391
9999;3576;13575
694;2272;2966
2626;4682;7308
8756;9938;18694
3324;5516;8840
4037;3363;7400
5906;9232;15138
5860;8440;14300
2744;765;3509
9021;3026;12047
5710;2190;7900
5437;1052;6489
1195;4033;5228
1023;3502;4525
2363;4505;6868
9358;8483;17841
8935;9386;18321
7649;5298;12947
1150;4511;5661
7852;6020;13872
5123;4318;9441
9180;9060;18240
9882;1276;11158
2062;7623;9685
7848;9135;16983
1479;498;1977
2362;3570;5932
6681;9072;15753
1610;5092;6702
6436;8823;15259
5367;169;5536
5254;6306;11560
3081;9117;12198
397;7540;7937
3755;6071;9826
3075;8578;11653
6236;7485;13721
8627;3666;12293
9813;5920;15733
2064;38;2102
5170;9488;14658
2254;9401;11655
7808;7879;15687
200;3766;3966
1364;4282;5646
8390;2546;10936
7953;9381;17334
4467;985;5452
507;6827;7334
1264;612;1876
4526;732;5258
7482;5801;13283
988;9609;10597
3020;5131;8151
5027;7999;13026
5673;6572;12245
8369;5653;14022
7228;2385;9613
8206;7587;15793
4941;3788;8729
2401;3156;5557
3112;9764;12876
434;3845;4279
3746;5460;9206
890;7502;8392
8903;4378;13281
4777;9085;13862
1553;9190;10743
8007;7895;15902
862;8201;9063
7258;1571;8829
6665;5307;11972
9150;1151;10301
5334;6606;11940
728;4932;5660
16;3490;3506
396;3815;4211
6375;4683;11058
4370;7143;11513
1177;2308;3485
4047;3897;7944
434;1453;1887
4832;3318;8150
7635;79;7714
6392;1792;8184
8318;7436;15754
7133;8317;15450
3101;8170;11271
7683;3884;11567
2818;9410;12228
189;184;373
8108;9969;18077
2507;8909;11416
6798;3694;10492
8001;9030;17031
6522;5824;12346
1326;2965;4291
112;1555;1667
9281;6562;15843
4220;4599;8819
5625;5643;11268
6535;5944;12479
3053;273;3326
9159;7232;16391
3986;8680;12666
1774;7676;9450
9856;383;10239
7363;5564;12927
7519;3779;11298
465;1775;2240
6375;1506;7881
2688;5896;8584
8298;945;9243
915;4494;5409
7669;7637;15306
5530;1314;6844
293;1948;2241
9035;1935;10970
2451;6687;9138
5113;6634;11747
5599;6723;12322
4196;9003;13199
9762;4581;14343
992;547;1539
4551;1980;6531
9754;7015;16769
8315;6456;14771
9728;9157;18885
8527;5884;14411
4495;8766;13261
4581;8330;12911
8437;1538;9975
1187;5509;6696
9662;3068;12730
9293;606;9899
3573;8283;11856
6524;3602;10126
5037;9588;14625
1191;7001;8192
752;9165;9917
463;6354;6817
6522;5127;11649
347;8054;8401
1273;7166;8439
594;445;1039
8690;2987;11677
909;2454;3363
8090;7476;15566
7159;9745;16904
6590;3467;10057
1033;4842;5875
1388;4967;6355
6408;1392;7800
378;2801;3179
5539;4773;10312
8420;6134;14554
5808;2709;8517
9013;7032;16045
4610;5540;10150
3428;7154;10582
1093;4530;5623
8769;4600;13369
4965;9013;13978
6226;4640;10866
8528;9135;17663
4303;5449;9752
3757;8141;11898
3100;7289;10389
1715;7779;9494
5308;8534;13842
6177;7146;13323
7436;3816;11252
4189;4818;9007
8439;7996;16435
1094;2300;3394
814;1641;2455
5680;725;6405
7900;4375;12275
6799;6015;12814
8973;5304;14277
2869;6134;9003
444;395;839
7862;2522;10384
4347;9163;13510
256;7355;7611
9448;7562;17010
8591;1384;9975
6723;8847;15570
5325;3125;8450
3355;8196;11551
8211;9066;17277
4715;9733;14448
8827;8206;17033
7058;661;7719
6357;2448;8805
842;5981;6823
9814;8029;17843
6862;3420;10282
8338;9897;18235
4536;9901;14437
98;2466;2564
4959;1526;6485
4469;9546;14015
6190;1644;7834
4490;6941;11431
315;6172;6487
7045;194;7239
8106;1841;9947
4772;29;4801
3299;1570;4869
9318;6427;15745
6069;5394;11463
4694;2416;7110
7635;6025;13660
3139;225;3364
6098;3245;9343
3711;9777;13488
3771;7390;11161
7075;1450;8525
1120;9527;10647
2113;4696;6809
6652;6207;12859
8703;7566;16269
6579;3337;9916
7897;3953;11850
1407;7553;8960
8490;7806;16296
9568;8100;17668
78;3642;3720
9519;7483;17002
7313;1225;8538
7243;8312;15555
155;7939;8094
7617;8829;16446
8677;2171;10848
824;9791;10615
5389;7518;12907
8893;4802;13695
4183;1037;5220
4100;8584;12684
1346;7185;8531
8796;2970;11766
6741;173;6914
1008;7160;8168
293;5864;6157
3174;7689;10863
9825;9529;19354
2288;9194;11482
7864;8094;15958
434;3568;4002
8555;7918;16473
1861;9012;10873
126;2946;3072
3474;5165;8639
4340;7530;11870
4140;4897;9037
4191;425;4616
5055;9145;14200
2891;9288;12179
4897;4157;9054
8327;9566;17893
9566;8623;18189
7366;609;7975
1784;9140;10924
4806;3179;7985
7561;2787;10348
1103;5510;6613
3172;6680;9852
4527;891;5418
1221;6811;8032
7836;6783;14619
5637;8803;14440
5198;5480;10678
4720;4532;9252
4224;6326;10550
3521;4960;8481
4675;2646;7321
7591;7110;14701
8982;6749;15731
2672;7808;10480
4055;8898;12953
4160;2081;6241
3980;2485;6465
3829;5903;9732
4887;6987;11874
9323;932;10255
1717;6256;7973
5003;2181;7184
1920;8701;10621
2819;4198;7017
1202;808;2010
741;4689;5430
2330;5590;7920
4047;5563;9610
1513;3211;4724
2780;1507;4287
5000;1914;6914
9538;1854;11392
1900;5287;7187
8055;6050;14105
9185;2918;12103
8776;7690;16466
9749;8663;18412
9919;4180;14099
7545;4746;12291
3789;8652;12441
8098;6580;14678
1362;2523;3885
3207;3483;6690
5131;2290;7421
6193;2323;8516
8474;6220;14694
2545;566;3111
6967;7151;14118
5432;3751;9183
1466;8384;9850
1845;3090;4935
83;6034;6117
2445;4080;6525
6376;8560;14936
3298;9751;13049
2288;6507;8795
5045;114;5159
9175;2318;11493
5475;6193;11668
9699;272;9971
2758;8929;11687
2360;4931;7291
1770;4545;6315
5287;7037;12324
5175;3755;8930
6926;1434;8360
8559;2365;10924
5764;9931;15695
4647;2352;6999
2046;7170;9216
514;263;777
9011;1440;10451
3195;3353;6548
8983;17;9000
150;3436;3586
764;8394;9158
5703;7470;13173
2682;5232;7914
6352;1516;7868
3348;8150;11498
1265;8187;9452
208;3461;3669
1332;1185;2517
106;3014;3120
8920;5301;14221
496;3171;3667
4025;6020;10045
5142;1709;6851
8164;437;8601
9046;152;9198
5056;8263;13319
9524;2252;11776
1192;561;1753
4627;439;5066
2243;1301;3544
8399;6802;15201
2345;4146;6491
6102;8419;14521
9828;3733;13561
1725;2855;4580
9609;526;10135
3921;6301;10222
3695;8723;12418
9412;9953;19365
4192;9563;13755
5569;8429;13998
7901;5993;13894
4825;7177;12002
9114;731;9845
3357;9523;12880
5874;8342;14216
7400;6445;13845
7353;8120;15473
5937;787;6724
295;3354;3649
5525;7943;13468
3929;304;4233
697;1745;2442
7142;4694;11836
1615;3569;5184
3454;3222;6676
8458;6503;14961
5142;666;5808
349;5184;5533
467;9609;10076
3395;6972;10367
1904;204;2108
8162;9419;17581
3466;9903;13369
3831;1835;5666
8025;6645;14670
4257;1661;5918
8018;5377;13395
723;3102;3825
9404;1817;11221
2746;8707;11453
7722;1274;8996
5774;3450;9224
3954;4746;8700
7042;9608;16650
1685;8237;9922
1886;825;2711
3457;5246;8703
4563;5819;10382
7873;9628;17501
5323;4629;9952
5507;5486;10993
2672;9937;12609
7178;7780;14958
8464;5488;13952
7448;7941;15389
5066;8761;13827
6566;9858;16424
375;1496;1871
3148;9968;13116
5575;9829;15404
4454;396;4850
6451;9743;16194
7200;8885;16085
9192;3442;12634
4848;3440;8288
5343;330;5673
1865;6363;8228
8836;2388;11224
5258;8557;13815
3865;5081;8946
4694;5170;9864
1681;5552;7233
8094;2091;10185
1693;1085;2778
8579;6154;14733
6530;4414;10944
7632;4358;11990
6722;7766;14488
483;4748;5231
2512;6120;8632
2103;8257;10360
1485;9491;10976
4158;8204;12362
1354;3811;5165
1746;4421;6167
2407;601;3008
9926;8997;18923
1167;9186;10353
8677;3136;11813
6971;9169;16140
7200;3619;10819
6424;1707;8131
3600;2122;5722
4374;5517;9891
4680;8965;13645
2578;5916;8494
4404;6694;11098
441;2190;2631
8517;3322;11839
7185;4030;11215
2675;2337;5012
4660;8011;12671
9211;4550;13761
6441;982;7423
6751;856;7607
1086;5229;6315
3143;2750;5893
2106;4711;6817
9137;8359;17496
5138;2173;7311
9760;8505;18265
6826;8268;15094
4269;7912;12181
1926;1090;3016
1579;8334;9913
6927;6295;13222
3618;7383;11001
5253;9156;14409
7394;517;7911
486;6781;7267
1264;6996;8260
1416;7;1423
835;4575;5410
2614;9197;11811
1962;371;2333
154;6749;6903
3898;1396;5294
8070;8118;16188
1151;8589;9740
3746;4729;8475
5574;2322;7896
6514;9212;15726
7764;9605;17369
9916;9025;18941
9490;9568;19058
2872;7888;10760
437;2878;3315
6146;5424;11570
7263;2297;9560
2047;1797;3844
6185;5863;12048
7636;8363;15999
4219;5968;10187
7852;7141;14993
9094;724;9818
5908;3916;9824
5887;182;6069
839;4393;5232
7144;385;7529
7656;4131;11787
6654;7892;14546
7610;222;7832
3616;1491;5107
2297;8738;11035
8681;4418;13099
5969;5596;11565
1277;1251;2528
7488;2205;9693
1894;8608;10502
885;10000;10885
461;385;846
1456;2181;3637
3652;1592;5244
9782;7246;17028
6207;2016;8223
1025;3995;5020
9787;6868;16655
4443;1507;5950
7940;8913;16853
3690;5454;9144
5297;5228;10525
7220;7331;14551
9650;5634;15284
2528;1050;3578
2416;3773;6189
5012;1352;6364
2361;783;3144
737;1767;2504
7253;6757;14010
8712;6003;14715
2467;6399;8866
6585;6114;12699
3347;4506;7853
3646;6256;9902
4335;4341;8676
6492;5919;12411
6238;1676;7914
804;4715;5519
1536;5646;7182
3889;6646;10535
9270;4038;13308
9685;3258;12943
6992;1015;8007
2333;2034;4367
6736;2645;9381
4014;7840;11854
6712;9563;16275
5478;5280;10758
5293;8115;13408
2693;7696;10389
4488;5813;10301
8128;1104;9232
3080;4334;7414
3961;9195;13156
6550;3966;10516
4443;108;4551
9456;3204;12660
5277;9618;14895
142;4916;5058
2785;1951;4736
8810;4526;13336
8070;4014;12084
2152;6232;8384
3553;3089;6642
6423;2510;8933
337;2075;2412
1754;7357;9111
6084;3800;9884
3302;2922;6224
7670;5415;13085
6202;3951;10153
2247;7082;9329
8245;414;8659
4204;4744;8948
8300;3245;11545
5350;619;5969
7247;2066;9313
3466;9517;12983
966;8082;9048
6312;3612;9924
1036;335;1371
5029;8944;13973
6168;3285;9453
8664;3537;12201
3622;1515;5137
9244;2630;11874
4463;2073;6536
1913;3110;5023
2028;1742;3770
8440;6513;14953
1055;1931;2986
68;3138;3206
9644;3039;12683
6671;7030;13701
4352;1497;5849
1616;7210;8826
9732;2304;12036
1074;2305;3379
5933;2592;8525
8248;4542;12790
8386;8489;16875
6262;159;6421
4214;8743;12957
4148;4063;8211
5226;7205;12431
4922;7093;12015
5307;9601;14908
4484;8426;12910
4693;777;5470
4082;8511;12593
7519;4193;11712
9393;6224;15617
4514;564;5078
3755;4229;7984
6037;140;6177
8571;9043;17614
5388;955;6343
4424;2604;7028
9497;2617;12114
9770;5520;15290
5423;7547;12970
1062;7507;8569
4256;4499;8755
3768;8036;11804
8596;6335;14931
5592;5657;11249
1101;7961;9062
9639;8091;17730
4867;2540;7407
8131;1924;10055
9932;7962;17894
8082;3489;11571
2043;449;2492
1072;7382;8454
2758;5158;7916
1052;736;1788
8699;6803;15502
9284;8638;17922
8920;8231;17151
3015;8598;11613
2670;9868;12538
9589;9693;19282
5320;9345;14665
7910;1648;9558
2807;215;3022
3590;8815;12405
5656;9472;15128
8946;3096;12042
5766;7971;13737
2409;59;2468
8957;34;8991
9213;7962;17175
2240;6549;8789
248;6049;6297
8862;5619;14481
7901;5379;13280
9863;5238;15101
5058;7962;13020
3335;67;3402
7339;2070;9409
9862;8859;18721
4688;7887;12575
4142;7225;11367
6098;6618;12716
2391;9668;12059
1310;9383;10693
7679;7088;14767
1157;3545;4702
9956;485;10441
7752;2181;9933
3416;4866;8282
8320;166;8486
4134;5318;9452
1034;2443;3477
6507;7540;14047
4724;7414;12138
505;4954;5459
636;5839;6475
2994;3474;6468
1878;4355;6233
9169;7293;16462
5508;4146;9654
6645;508;7153
7008;9820;16828
4888;2864;7752
2082;8732;10814
6653;7873;14526
1797;466;2263
827;1500;2327
1368;2398;3766
5000;1711;6711
8359;293;8652
1121;3572;4693
1930;6562;8492
3349;7167;10516
9188;4873;14061
3294;6176;9470
7505;4528;12033
1465;6746;8211
363;7722;8085
7681;8401;16082
5981;3196;9177
3943;6019;9962
7613;9598;17211
4587;5301;9888
2423;3212;5635
1432;4847;6279
108;6323;6431
9094;5499;14593
8194;905;9099
3607;111;3718
9868;7803;17671
3376;6958;10334
8868;1712;10580
2441;7648;10089
1002;4628;5630
3310;3769;7079
374;8394;8768
9908;7635;17543
234;7000;7234
181;769;950
4824;1774;6598
127;2228;2355
5412;6543;11955
6042;1287;7329
4140;3768;7908
5661;5001;10662
8984;7966;16950
9980;2641;12621
5592;7100;12692
8146;7656;15802
2405;8009;10414
9456;3128;12584
2800;5147;7947
8033;2631;10664
5728;3228;8956
9815;575;10390
9573;6613;16186
3336;2602;5938
8187;8165;16352
3407;2926;6333
5096;3582;8678
2049;6636;8685
4318;2351;6669
5791;8310;14101
3579;4584;8163
4533;4522;9055
242;9314;9556
1307;4776;6083
6520;6674;13194
3124;1201;4325
9739;2394;12133
3973;1134;5107
1053;3393;4446
5532;9796;15328
808;3523;4331
6209;5953;12162
685;4763;5448
1387;9388;10775
9282;1963;11245
2849;7474;10323
1870;8329;10199
7422;6372;13794
2833;2385;5218
2226;2196;4422
6763;7699;14462
4786;8475;13261
2507;5109;7616
8378;2346;10724
6543;4413;10956
5177;7484;12661
1823;6874;8697
3230;5170;8400
5801;7757;13558
5217;1194;6411
7262;2154;9416
9050;2420;11470
5722;8914;14636
4785;6234;11019
3397;6622;10019
8446;179;8625
5874;3155;9029
4156;7378;11534
7162;5052;12214
9153;9867;19020
1790;2464;4254
480;8825;9305
4017;5011;9028
7672;7476;15148
6695;8493;15188
5522;4809;10331
9927;8474;18401
6182;3977;10159
2683;1037;3720
5344;7530;12874
961;3600;4561
8881;5307;14188
4801;3517;8318
6767;4474;11241
7399;9561;16960
412;6448;6860
9092;2415;11507
2576;6126;8702
9921;3886;13807
5174;8154;13328
564;4627;5191
876;4917;5793
3193;6118;9311
1431;8977;10408
6812;6267;13079
4141;6356;10497
1106;1013;2119
6183;4764;10947
1608;7123;8731
1901;855;2756
1591;4753;6344
6925;5680;12605
1183;1400;2583
703;3833;4536
7344;6352;13696
6234;8323;14557
4785;235;5020
493;8491;8984
5991;1500;7491
9587;5494;15081
2589;8535;11124
634;1807;2441
9707;1240;10947
1129;9131;10260
2557;9930;12487
5283;477;5760
7405;2075;9480
4209;2084;6293
5179;4517;9696
9223;5122;14345
1441;389;1830
2944;9376;12320
1283;7323;8606
6940;3478;10418
1775;7041;8816
8877;441;9318
225;970;1195
5424;9347;14771
8627;1533;10160
8445;1174;9619
9968;8804;18772
552;9708;10260
9344;1034;10378
6631;7401;14032
5182;9841;15023
7879;6094;13973
2307;7780;10087
601;6810;7411
299;5954;6253
7751;8357;16108
1939;4310;6249
4814;2693;7507
6427;1322;7749
9728;8458;18186
5814;4550;10364
5015;8338;13353
9402;6752;16154
7756;3806;11562
9269;47;9316
413;3541;3954
5143;1604;6747
2017;1867;3884
4509;2404;6913
201;9729;9930
5659;642;6301
6682;8920;15602
4962;4259;9221
1025;2839;3864
7254;2487;9741
6496;7811;14307
5721;5921;11642
2380;6855;9235
7137;220;7357
4625;4614;9239
3735;3428;7163
8920;8394;17314
6898;2;6900
969;8980;9949
4911;1048;5959
9947;8053;18000
9641;2279;11920
7272;8012;15284
4344;5614;9958
225;2023;2248
8689;4203;12892
6465;9452;15917
3981;6011;9992
7059;1425;8484
8059;9232;17291
5981;1901;7882
227;7984;8211
2823;3453;6276
8192;1143;9335
9701;1998;11699
2832;8568;11400
1982;418;2400
7334;7988;15322
9374;1865;11239
8731;2573;11304
3518;6998;10516
7410;7059;14469
3461;3508;6969
5982;8297;14279
2752;3685;6437
672;960;1632
2614;8190;10804
7673;7795;15468
2872;9039;11911
3894;8854;12748
4595;5214;9809
2256;2236;4492
394;6831;7225
3734;1881;5615
2105;8706;10811
9177;2566;11743
9335;5887;15222
6982;4387;11369
679;2414;3093
4657;1516;6173
6552;9461;16013
1055;683;1738
3690;3150;6840
6525;3019;9544
4771;4757;9528
1296;5284;6580
5906;1887;7793
620;4785;5405
2992;3427;6419
9077;8773;17850
3938;6915;10853
9558;6710;16268
1056;3400;4456
503;8082;8585
8021;984;9005
5384;8672;14056
8527;6715;15242
9578;1558;11136
5088;846;5934
9301;9621;18922
1467;5523;6990
6996;1784;8780
3553;7808;11361
4726;9195;13921
7401;2403;9804
5029;8895;13924
615;1950;2565
1285;5716;7001
4025;1955;5980
7892;1329;9221
1831;6366;8197
2864;2995;5859
2209;5081;7290
2346;4989;7335
3772;6608;10380
6534;6429;12963
6833;7998;14831
3339;9035;12374
3110;716;3826
5389;71;5460
337;8770;9107
9285;3192;12477
7671;4734;12405
878;4965;5843
3230;2979;6209
7193;6322;13515
8621;9032;17653
1815;3505;5320
9513;5392;14905
7353;197;7550
6451;4697;11148
7925;2066;9991
5051;3012;8063
7125;8964;16089
63;1159;1222
4878;1538;6416
8309;4563;12872
4460;1496;5956
1143;2497;3640
1766;382;2148
4710;2344;7054
4176;8783;12959
5096;2586;7682
5862;1519;7381
2131;9787;11918
2226;6642;8868
7458;5770;13228
2485;797;3282
392;3899;4291
5133;7739;12872
9007;7765;16772
8889;3586;12475
1644;9343;10987
4939;8449;13388
6375;7605;13980
5072;5154;10226
4687;7020;11707
6172;9788;15960
9478;3467;12945
1289;3552;4841
3443;7194;10637
1084;8370;9454
7069;7998;15067
1673;3180;4853
9320;8111;17431
7824;3335;11159
7109;4982;12091
314;4190;4504
6982;3111;10093
6831;7583;14414
372;3534;3906
1644;681;2325
5106;7564;12670
9156;4826;13982
7575;2728;10303
4739;4471;9210
370;5960;6330
2426;1659;4085
3313;4772;8085
7084;2841;9925
9159;3283;12442
6603;671;7274
3835;3886;7721
8634;5960;14594
2092;4452;6544
8866;367;9233
5893;7478;13371
3779;3368;7147
9044;3851;12895
4197;7241;11438
2152;271;2423
5268;3778;9046
3911;9665;13576
786;9753;10539
4702;5849;10551
1091;2565;3656
6780;8492;15272
9612;3854;13466
9594;8642;18236
7871;5712;13583
7585;1609;9194
5852;4508;10360
8720;9738;18458
651;2434;3085
580;9111;9691
8700;7338;16038
917;1771;2688
5825;3398;9223
6410;7676;14086
8177;299;8476
9062;1463;10525
8943;9702;18645
3723;7204;10927
841;9684;10525
2425;2636;5061
2021;5880;7901
4874;892;5766
3056;33;3089
9687;2454;12141
7555;2582;10137
2960;8668;11628
146;9398;9544
7633;9726;17359
895;7230;8125
2800;1813;4613
4482;4864;9346
4551;1275;5826
4199;8519;12718
1953;7603;9556
4396;9028;13424
39;4399;4438
5474;8545;14019
5841;500;6341
1618;6722;8340
5751;7857;13608
8758;7507;16265
1493;8259;9752
6633;2377;9010
1226;7535;8761
3603;9992;13595
1396;8087;9483
3688;9874;13562
6005;5054;11059
268;6966;7234
2562;4144;6706
227;2939;3166
4515;447;4962
3482;1130;4612
5649;9691;15340
2457;9603;12060
9985;9188;19173
4326;1354;5680
9258;143;9401
3331;9269;12600
3884;684;4568
3019;6252;9271
6178;2506;8684
8309;4243;12552
6877;4929;11806
5983;8394;14377
5313;6472;11785
244;2867;3111
9192;8978;18170
2518;4120;6638
2442;8950;11392
4441;7904;12345
6182;5471;11653
8771;9448;18219
4632;9248;13880
9862;6660;16522
668;5527;6195
138;1641;1779
2570;9420;11990
1511;1275;2786
380;508;888
9616;6233;15849
9358;1222;10580
2618;6891;9509
6066;5353;11419
410;5933;6343
3054;8435;11489
3429;6101;9530
3703;8862;12565
2091;9133;11224
1201;9492;10693
2607;62;2669
5225;908;6133
760;5702;6462
4073;4339;8412
4213;7785;11998
7859;1304;9163
9371;1691;11062
4884;9709;14593
9983;1365;11348
6287;4523;10810
7513;1934;9447
9223;1354;10577
3185;1881;5066
3703;10;3713
74;3170;3244
1239;9229;10468
5473;5895;11368
8884;8923;17807
9070;7975;17045
6642;9896;16538
8746;5786;14532
7751;5526;13277
1997;4179;6176
3797;4616;8413
5902;6015;11917
8414;623;9037
86;2219;2305
6797;2125;8922
9886;2431;12317
9375;2530;11905
6388;9151;15539
3460;9615;13075
4587;2458;7045
8761;4155;12916
5122;3939;9061
9596;8197;17793
3975;9731;13706
6017;5827;11844
3397;8447;11844
8029;8296;16325
8161;3792;11953
5579;6440;12019
2789;6528;9317
2029;5508;7537
2113;7193;9306
5372;5207;10579
5034;1250;6284
808;3222;4030
9168;1403;10571
9405;1491;10896
8234;7592;15826
4930;4618;9548
508;2867;3375
5993;2429;8422
794;8580;9374
4961;5092;10053
4152;1417;5569
3658;1458;5116
8855;8705;17560
7363;8392;15755
3478;1814;5292
3216;4624;7840
8400;7234;15634
141;4842;4983
4186;8549;12735
4461;18;4479
4002;7646;11648
3958;5344;9302
5708;2143;7851
7390;9395;16785
5332;6315;11647
600;7755;8355
5330;2936;8266
3394;5443;8837
8081;2181;10262
5040;9196;14236
7117;9474;16591
3195;6043;9238
789;5905;6694
8905;7620;16525
7884;1723;9607
4091;3898;7989
452;1125;1577
8307;7209;15516
175;6436;6611
6405;3008;9413
9531;9987;19518
9752;5004;14756
3957;2632;6589
1350;8790;10140
4464;4290;8754
4459;8068;12527
8613;6372;14985
2859;4388;7247
1761;4341;6102
3010;1260;4270
2642;9730;12372
7426;3342;10768
2447;6303;8750
9948;9390;19338
6226;3488;9714
7410;2922;10332
9063;1189;10252
3025;9175;12200
6573;9931;16504
8219;219;8438
8706;3817;12523
8314;6561;14875
5753;8306;14059
5538;9533;15071
9818;5632;15450
6098;1056;7154
394;5841;6235
4933;9500;14433
4511;945;5456
7368;5332;12700
972;6683;7655
5316;8451;13767
9201;4675;13876
4166;6903;11069
2308;5637;7945
3039;7217;10256
8206;7722;15928
858;3323;4181
7250;626;7876
9509;9775;19284
6730;3492;10222
8638;1360;9998
4569;7686;12255
9449;2027;11476
5524;9231;14755
6153;7193;13346
5694;6138;11832
3918;4245;8163
9323;8270;17593
9594;1542;11136
8660;140;8800
1480;9221;10701
5421;9017;14438
9061;6975;16036
9888;7281;17169
5398;4512;9910
8281;6591;14872
91;2975;3066
5892;2332;8224
6689;4567;11256
7748;3507;11255
5506;2453;7959
693;4556;5249
7650;1725;9375
4261;574;4835
2946;4909;7855
3779;4656;8435
7139;8688;15827
8739;4407;13146
3630;4489;8119
6401;509;6910
8872;2763;11635
3307;1102;4409
4094;5586;9680
7951;1146;9097
3583;2435;6018
9655;657;10312
4238;760;4998
9351;951;10302
3477;6773;10250
2935;7357;10292
7383;3998;11381
5703;6480;12183
6502;294;6796
3048;9297;12345
5477;5669;11146
6819;3408;10227
9120;8742;17862
6842;3743;10585
8225;2523;10748
9081;1835;10916
4551;6451;11002
5773;577;6350
1972;7099;9071
1268;2930;4198
4171;8553;12724
7291;2910;10201
7895;9496;17391
1765;5102;6867
5025;5802;10827
9449;793;10242
2983;3714;6697
1608;5362;6970
112;8604;8716
6221;384;6605
3736;4007;7743
6050;6822;12872
6926;8557;15483
7946;5459;13405
1652;882;2534
9819;1703;11522
9057;4584;13641
1978;4252;6230
128;4986;5114
4164;2362;6526
2357;9838;12195
6674;3157;9831
3463;7909;11372
4279;5381;9660
4752;136;4888
2064;4070;6134
5752;5823;11575
9601;2397;11998
1310;1457;2767
6392;3655;10047
3647;5784;9431
3544;2113;5657
5847;8623;14470
3268;2441;5709
6715;8588;15303
9755;8392;18147
4842;1488;6330
981;440;1421
7283;60;7343
5226;9776;15002
1665;3422;5087
8700;7882;16582
4323;8422;12745
4698;7051;11749
9053;4528;13581
6662;8086;14748
9231;6106;15337
5752;4750;10502
1309;1286;2595
8407;5211;13618
940;4418;5358
5783;7566;13349
2814;8630;11444
6408;3911;10319
5606;7970;13576
2551;9779;12330
96;6410;6506
1737;8806;10543
3522;8509;12031
2671;2190;4861
5375;2753;8128
9452;1596;11048
276;5124;5400
3224;1523;4747
2489;4645;7134
8228;2135;10363
8071;6510;14581
7986;198;8184
2121;7773;9894
2495;3590;6085
4956;6476;11432
8681;7689;16370
9943;5623;15566
3272;3325;6597
5814;2544;8358
7363;5388;12751
6283;1538;7821
2349;4247;6596
9011;1875;10886
8964;8359;17323
2568;733;3301
8686;2415;11101
4199;4938;9137
8720;1350;10070
5535;5603;11138
6867;2864;9731
2569;7584;10153
4451;9531;13982
5852;9342;15194
1953;1599;3552
7589;4145;11734
2359;6513;8872
7883;8874;16757
5045;8997;14042
3214;704;3918
8888;2825;11713
1486;8656;10142
787;6694;7481
2344;3651;5995
8138;4061;12199
3102;1726;4828
4331;2413;6744
7090;7848;14938
8415;1680;10095
2525;7386;9911
6839;4255;11094
304;1642;1946
1844;8175;10019
8170;6912;15082
4240;2424;6664
441;5124;5565
9111;9029;18140
7555;3652;11207
1762;7173;8935
6252;2217;8469
3733;2778;6511
2891;2143;5034
9437;3938;13375
5205;1682;6887
1650;8954;10604
2909;7274;10183
349;9078;9427
4432;2685;7117
7224;2954;10178
4144;3625;7769
3184;5499;8683
8055;8050;16105
1319;2740;4059
9858;9143;19001
36;723;759
4740;3720;8460
9180;8069;17249
3139;1940;5079
4318;8431;12749
3727;5715;9442
1622;1517;3139
9173;3553;12726
3641;8766;12407
1102;7933;9035
2835;8461;11296
5460;3814;9274
4467;2069;6536
281;319;600
2247;635;2882
4216;1027;5243
1201;9896;11097
6717;8524;15241
9715;775;10490
2408;499;2907
4037;733;4770
9879;8575;18454
2195;2162;4357
673;5847;6520
9753;2529;12282
4107;2188;6295
9472;8000;17472
4229;544;4773
178;2256;2434
977;8116;9093
9380;2996;12376
5786;2573;8359
2072;840;2912
9569;3969;13538
6660;6367;13027
9434;9288;18722
1176;6634;7810
125;2704;2829
677;9873;10550
4548;4752;9300
3558;9704;13262
2927;3102;6029
9976;4502;14478
6935;3278;10213
1251;3541;4792
639;3023;3662
4669;5269;9938
4192;6221;10413
9528;7466;16994
9845;21;9866
8966;4277;13243
2316;6515;8831
437;5381;5818
7740;5849;13589
6658;6198;12856
1918;8917;10835
3229;2218;5447
3353;7357;10710
9886;136;10022
4404;10;4414
6749;6075;12824
7847;8871;16718
4791;280;5071
9118;5708;14826
2127;9248;11375
5474;7669;13143
8086;9576;17662
3008;2788;5796
6275;836;7111
2376;1513;3889
7358;8510;15868
4833;7944;12777
9908;5754;15662
8588;1711;10299
2258;8663;10921
1291;2397;3688
9627;7222;16849
4253;3164;7417
8764;7739;16503
9933;6190;16123
3586;588;4174
9507;5035;14542
2669;6419;9088
7046;784;7830
9228;8078;17306
2295;927;3222
4615;9521;14136
8879;2245;11124
926;7870;8796
3288;6290;9578
5014;4395;9409
3979;1481;5460
6088;5825;11913
3844;7140;10984
5889;6121;12010
2291;6489;8780
6258;6085;12343
7953;4090;12043
3827;9336;13163
1485;4592;6077
867;5853;6720
726;4818;5544
3353;1582;4935
6744;84;6828
8822;1350;10172
8841;1219;10060
1085;4597;5682
7126;1689;8815
9154;5627;14781
3508;8112;11620
7209;5032;12241
3709;5292;9001
4869;4362;9231
6650;4610;11260
9910;5475;15385
5529;2050;7579
2072;1521;3593
5008;495;5503
5695;1984;7679
2735;1412;4147
6538;2924;9462
1153;677;1830
1325;8775;10100
3613;7615;11228
3401;8880;12281
7063;5053;12116
9986;3247;13233
5082;5913;10995
1397;370;1767
7457;9070;16527
4363;754;5117
5911;4060;9971
7326;7384;14710
9426;2471;11897
4170;6530;10700
1730;4107;5837
5861;4022;9883
1148;4934;6082
4374;1653;6027
9663;3493;13156
536;3390;3926
6403;4819;11222
9770;7286;17056
5956;91;6047
3228;2236;5464
915;225;1140
1154;3962;5116
4723;2054;6777
9675;5076;14751
9556;856;10412
6469;1232;7701
1738;4723;6461
3050;5814;8864
6430;5936;12366
8583;8033;16616
9647;1032;10679
4943;4082;9025
7751;4877;12628
1410;4526;5936
8573;9002;17575
4146;5101;9247
2713;3873;6586
1860;848;2708
514;3383;3897
1966;2980;4946
4286;5621;9907
9318;347;9665
9942;7928;17870
8813;5295;14108
5387;4590;9977
5252;4988;10240
1151;3479;4630
6639;4838;11477
2989;6430;9419
5973;8937;14910
6131;4847;10978
8454;9697;18151
9570;5421;14991
1061;5110;6171
2327;4483;6810
4489;4370;8859
4280;458;4738
7727;3101;10828
3309;3894;7203
6004;3381;9385
1775;9774;11549
5260;3338;8598
3799;5645;9444
1294;8027;9321
4256;4137;8393
8250;9936;18186
361;317;678
4046;5224;9270
4641;9375;14016
8674;1563;10237
5757;384;6141
7147;3348;10495
6884;3926;10810
4440;2863;7303
7624;1757;9381
5636;5909;11545
5789;6708;12497
4863;3357;8220
4565;8703;13268
7599;5476;13075
7911;8542;16453
4409;688;5097
4702;9911;14613
8386;1593;9979
4376;3090;7466
3823;2206;6029
9474;5072;14546
6761;2667;9428
9403;9951;19354
4400;426;4826
2271;3475;5746
1465;8871;10336
4697;5864;10561
9187;3716;12903
3100;959;4059
1957;6808;8765
3158;7945;11103
7523;2644;10167
1669;4354;6023
2063;3353;5416
7374;4286;11660
937;4216;5153
900;3272;4172
3882;10000;13882
690;8258;8948
2728;4719;7447
1795;5933;7728
8243;2679;10922
2140;7712;9852
4209;1548;5757
2598;6282;8880
8443;1249;9692
5913;7415;13328
177;5188;5365
6271;3547;9818
1080;6621;7701
2574;9180;11754
2673;5967;8640
6512;2027;8539
8829;7258;16087
6493;3019;9512
6857;5465;12322
6127;1112;7239
9784;9100;18884
1667;590;2257
5200;7082;12282
4580;3304;7884
6590;4896;11486
3905;6127;10032
6835;5532;12367
7529;1954;9483
1616;51;1667
3462;1657;5119
6810;5554;12364
5746;8801;14547
8127;1736;9863
6911;537;7448
6521;1245;7766
2950;8484;11434
5229;4046;9275
4608;8087;12695
7849;2058;9907
8559;4238;12797
8618;6856;15474
9957;3935;13892
3245;3474;6719
5727;8947;14674
6150;870;7020
6228;2657;8885
1332;2839;4171
3402;2509;5911
9155;4471;13626
2806;2938;5744
1387;7507;8894
1572;2189;3761
6911;7650;14561
2780;7690;10470
4558;1309;5867
2722;6046;8768
9691;9469;19160
78;7563;7641
6002;3690;9692
7086;4268;11354
1701;2586;4287
9124;9181;18305
657;2264;2921
3546;8720;12266
8435;7417;15852
7590;8320;15910
4255;4878;9133
6919;3830;10749
1681;7892;9573
1750;9151;10901
7800;4626;12426
6209;609;6818
7790;1950;9740
3913;5938;9851
3841;5227;9068
452;1159;1611
5561;6249;11810
7111;2216;9327
8439;3974;12413
9678;6589;16267
1797;4308;6105
1487;4533;6020
9967;2167;12134
5978;5747;11725
1885;6313;8198
8406;4806;13212
363;8768;9131
7265;5511;12776
8259;9654;17913
3590;4750;8340
9402;8048;17450
9121;7520;16641
8399;6231;14630
853;8926;9779
4430;4535;8965
4992;2611;7603
2654;9906;12560
801;5554;6355
7686;2332;10018
1799;7136;8935
6081;5904;11985
8856;8675;17531
8047;7771;15818
1704;5853;7557
1791;8701;10492
6961;4853;11814
9704;9543;19247
3856;3788;7644
8146;3215;11361
8266;7909;16175
3006;5307;8313
4089;8030;12119
6513;9383;15896
8793;1320;10113
8569;575;9144
8816;8092;16908
1915;8845;10760
88;6220;6308
6205;7329;13534
105;4766;4871
1361;8030;9391
4559;222;4781
3076;4887;7963
6119;4226;10345
4709;5221;9930
5378;2012;7390
4298;3561;7859
7252;3909;11161
9163;230;9393
7036;2248;9284
5843;2088;7931
2246;5934;8180
8932;8167;17099
8350;2590;10940
4669;6485;11154
9455;2675;12130
8092;1280;9372
8384;2034;10418
10;5373;5383
3330;5253;8583
4088;8526;12614
9210;4636;13846
1913;5352;7265
5036;8310;13346
6245;9527;15772
8648;7165;15813
63;5211;5274
5950;2140;8090
1217;5389;6606
8324;3406;11730
4630;4721;9351
9147;5981;15128
8451;2488;10939
5550;9924;15474
4026;6727;10753
8127;8464;16591
2115;5920;8035
181;2188;2369
4930;7441;12371
6852;5423;12275
664;388;1052
156;5735;5891
5380;5322;10702
3599;9738;13337
421;9213;9634
4842;6771;11613
5611;9456;15067
520;3136;3656
9051;3940;12991
6173;3750;9923
6763;1591;8354
3217;9316;12533
8010;5342;13352
4401;2095;6496
8576;4985;13561
8941;1880;10821
2846;3097;5943
1124;3988;5112
7462;8820;16282
5687;5357;11044
4692;4442;9134
9928;5951;15879
5448;6902;12350
1591;5537;7128
9852;7563;17415
1068;5731;6799
4618;679;5297
5850;7006;12856
7066;2085;9151
8054;7947;16001
9256;5329;14585
4144;226;4370
1956;1303;3259
5620;712;6332
5952;2390;8342
420;8705;9125
3021;1237;4258
9561;2622;12183
5543;6810;12353
3337;4788;8125
4255;6796;11051
2585;2325;4910
4783;765;5548
2260;6900;9160
2948;7835;10783
2531;4525;7056
9450;6044;15494
2110;7569;9679
5965;7206;13171
9993;5299;15292
2719;6283;9002
489;7009;7498
9117;1527;10644
7130;5170;12300
9287;8180;17467
6602;7625;14227
8903;2102;11005
7031;4995;12026
4414;917;5331
4693;4377;9070
4949;8312;13261
5384;1289;6673
6292;5336;11628
4899;4103;9002
923;3850;4773
1513;8394;9907
4164;1993;6157
7317;8955;16272
441;4037;4478
95;7551;7646
280;9840;10120
1029;1995;3024
2932;3814;6746
8452;2287;10739
6302;2557;8859
6205;285;6490
2153;3786;5939
5512;6196;11708
7589;7154;14743
393;7410;7803
6175;5500;11675
676;4401;5077
6724;6104;12828
5753;8977;14730
6490;4579;11069
3643;5291;8934
613;1638;2251
1901;1029;2930
9011;1231;10242
2646;2779;5425
5369;5095;10464
2050;4150;6200
7863;2145;10008
6663;9674;16337
6349;7210;13559
8028;1676;9704
7832;8437;16269
5813;4499;10312
2363;9857;12220
7494;2349;9843
6438;4132;10570
7594;8044;15638
9513;32;9545
2655;5960;8615
8855;5783;14638
2267;7851;10118
928;3688;4616
7526;7177;14703
7558;1087;8645
9827;576;10403
7350;977;8327
2810;2343;5153
7776;9441;17217
9161;9477;18638
3753;4204;7957
3269;8397;11666
9266;3630;12896
4762;945;5707
7643;4805;12448
5196;6924;12120
4407;9488;13895
3471;3827;7298
9400;5692;15092
5825;3063;8888
7927;6693;14620
1599;4576;6175
7347;9633;16980
7489;2198;9687
5373;3459;8832
4638;3252;7890
7221;1956;9177
6898;7202;14100
9697;4356;14053
1789;6644;8433
5445;8996;14441
6140;955;7095
7331;6921;14252
5160;8535;13695
5873;9797;15670
5951;370;6321
1735;1523;3258
4892;8912;13804
6184;5966;12150
1584;8346;9930
368;6019;6387
8912;4247;13159
452;3183;3635
5466;3093;8559
676;5584;6260
4472;4306;8778
740;8029;8769
9192;7524;16716
760;5266;6026
9791;2014;11805
91;8266;8357
5339;6824;12163
6604;5546;12150
6467;4170;10637
2050;7275;9325
6608;2687;9295
3420;4004;7424
1717;8348;10065
8092;8623;16715
3227;9872;13099
4115;5579;9694
9429;5032;14461
6090;4224;10314
2039;512;2551
3309;6526;9835
4853;6925;11778
5434;7870;13304
4865;7906;12771
610;2973;3583
2951;5497;8448
8220;5183;13403
7813;7612;15425
9973;154;10127
4393;1746;6139
5382;584;5966
524;7638;8162
383;4364;4747
6954;4963;11917
2194;9421;11615
1545;1773;3318
9171;6192;15363
3383;3742;7125
3836;867;4703
5036;4739;9775
4344;3246;7590
6504;9307;15811
4335;3610;7945
4791;7040;11831
1696;4803;6499
113;6988;7101
8802;3377;12179
5997;5105;11102
8916;1195;10111
3076;6658;9734
3187;6218;9405
8655;6947;15602
7356;6062;13418
5161;437;5598
3191;1663;4854
2882;1382;4264
3342;7595;10937
7391;5176;12567
6227;9518;15745
7825;8150;15975
4228;1999;6227
9990;4677;14667
418;8021;8439
1224;8003;9227
9038;6583;15621
7524;6703;14227
576;9593;10169
1823;1833;3656
5301;1660;6961
8671;6985;15656
5575;9487;15062
8986;5706;14692
256;357;613
156;3435;3591
4077;2457;6534
9007;2782;11789
5776;401;6177
6208;8698;14906
10;2146;2156
5148;8921;14069
5737;1442;7179
8000;1174;9174
6179;3967;10146
5015;6235;11250
3866;2595;6461
4687;8631;13318
7561;7289;14850
9895;4130;14025
8922;618;9540
801;4981;5782
2747;6323;9070
7693;2225;9918
8542;1884;10426
2863;9706;12569
9052;6352;15404
461;298;759
1469;2377;3846
8690;2776;11466
6084;7254;13338
7816;224;8040
9360;2529;11889
7931;7121;15052
9866;3118;12984
6383;7026;13409
6426;3551;9977
2769;913;3682
8732;2952;11684
6008;3676;9684
5837;8413;14250
8649;2297;10946
8034;3229;11263
5115;6919;12034
8968;471;9439
1040;8178;9218
6577;5597;12174
8734;6961;15695
3401;7863;11264
7780;6681;14461
9069;9072;18141
7547;681;8228
7737;219;7956
6799;4922;11721
3406;9858;13264
9895;9314;19209
7942;4084;12026
2274;1239;3513
1082;6253;7335
4508;6002;10510
3449;3680;7129
7543;3013;10556
5917;5550;11467
2579;5076;7655
1916;5444;7360
175;6258;6433
6382;2836;9218
5334;9829;15163
6868;2530;9398
5634;6321;11955
5812;7573;13385
3503;2900;6403
3950;5979;9929
8233;4561;12794
9967;4797;14764
9373;4142;13515
2868;4654;7522
3172;5812;8984
219;8967;9186
8443;3440;11883
848;8564;9412
8357;7177;15534
839;5346;6185
4962;8605;13567
5068;4025;9093
651;4661;5312
2840;6810;9650
4767;3120;7887
4029;2000;6029
5041;1421;6462
6774;8868;15642
359;7935;8294
3467;3825;7292
5125;1752;6877
961;5301;6262
6348;8646;14994
1319;9427;10746
2641;2127;4768
351;8773;9124
9017;8624;17641
1668;3628;5296
7502;8768;16270
7422;9790;17212
9057;856;9913
8569;9401;17970
830;4943;5773
4758;5603;10361
613;7138;7751
3775;2667;6442
291;5788;6079
7161;8012;15173
5566;9792;15358
637;7997;8634
9488;9539;19027
4367;9725;14092
8098;1480;9578
9687;8732;18419
6376;8221;14597
6842;8511;15353
2910;9651;12561
5499;9981;15480
7083;1280;8363
5475;5778;11253
6283;2219;8502
984;3329;4313
6450;7557;14007
9676;8641;18317
4829;1269;6098
7087;9178;16265
5662;328;5990
6438;751;7189
1372;3362;4734
1505;9677;11182
2746;2859;5605
9210;7960;17170
1278;3896;5174
838;5969;6807
7843;4598;12441
4685;484;5169
8357;8920;17277
1740;6413;8153
9946;3883;13829
6878;3339;10217
770;2171;2941
7733;1832;9565
7924;7764;15688
5639;1211;6850
8311;7;8318
4377;8714;13091
9721;2137;11858
8192;5396;13588
6511;1315;7826
1218;6745;7963
4437;2887;7324
6562;8388;14950
5458;3468;8926
1228;93;1321
8345;470;8815
2253;2170;4423
4007;1073;5080
636;3355;3991
3900;7826;11726
3213;4418;7631
4623;1725;6348
8689;5268;13957
214;9619;9833
9255;9652;18907
3355;1507;4862
4854;9137;13991
8729;8854;17583
6426;3052;9478
3058;8437;11495
9715;6585;16300
9834;6324;16158
7463;1326;8789
5352;6963;12315
1312;2599;3911
8607;3895;12502
530;1417;1947
2;2063;2065
8147;9799;17946
3046;6756;9802
1492;4267;5759
5998;3508;9506
8203;5436;13639
9779;9640;19419
567;9996;10563
313;8875;9188
4007;2062;6069
8846;2689;11535
4168;1307;5475
1867;3489;5356
3611;3026;6637
3401;7571;10972
5197;413;5610
8856;1612;10468
5930;8869;14799
435;571;1006
8209;8977;17186
9562;2449;12011
5867;2104;7971
1069;6552;7621
1854;1993;3847
1751;6803;8554
1550;9950;11500
1410;2932;4342
9933;3068;13001
2093;447;2540
6343;3189;9532
6825;8905;15730
1443;2483;3926
7190;8030;15220
107;6936;7043
1486;9063;10549
9365;5486;14851
6520;4403;10923
9327;8979;18306
560;1829;2389
5501;3753;9254
8523;1968;10491
6730;5211;11941
7851;2098;9949
4804;4950;9754
4518;5953;10471
8922;6326;15248
2577;7876;10453
1115;2110;3225
8175;1441;9616
2411;3518;5929
1690;7988;9678
3927;4541;8468
8363;6921;15284
4108;6671;10779
5976;5506;11482
5365;7920;13285
1482;4354;5836
7838;6445;14283
7485;5557;13042
9932;7593;17525
8469;3213;11682
9453;9472;18925
8833;6725;15558
5235;3495;8730
7651;2994;10645
9203;5461;14664
6828;5519;12347
8798;8466;17264
4177;1068;5245
2518;1887;4405
1732;6118;7850
7957;229;8186
1501;5644;7145
8252;7043;15295
5237;1660;6897
2575;8979;11554
3230;9430;12660
2147;5246;7393
5659;3146;8805
1765;5482;7247
3689;2901;6590
1905;8960;10865
4628;7761;12389
7846;806;8652
5322;9766;15088
5389;3100;8489
318;7428;7746
1354;9260;10614
9857;1698;11555
993;77;1070
7973;2847;10820
2392;849;3241
3274;6902;10176
6696;7183;13879
8658;9785;18443
1343;1028;2371
539;4860;5399
8705;314;9019
632;1902;2534
6344;1116;7460
3193;8419;11612
6685;8395;15080
2211;5821;8032
1400;9544;10944
3802;9744;13546
1372;5400;6772
491;9333;9824
4997;380;5377
7358;1701;9059
4650;5991;10641
347;8235;8582
3966;4230;8196
7743;1721;9464
9737;1300;11037
6462;9989;16451
5959;6221;12180
5111;6764;11875
9821;3146;12967
3332;8025;11357
219;414;633
2535;1051;3586
6849;2742;9591
6837;3247;10084
1857;4330;6187
3598;2952;6550
6930;5937;12867
5239;5833;11072
5172;139;5311
8817;8541;17358
6254;3854;10108
8501;4197;12698
9867;2719;12586
8971;1533;10504
759;1007;1766
5116;4626;9742
9747;6571;16318
2749;3613;6362
7381;1979;9360
5324;51;5375
9088;335;9423
246;3976;4222
7699;7873;15572
6888;9815;16703
8400;7928;16328
5148;1632;6780
6046;7049;13095
1572;187;1759
6522;2851;9373
8848;1300;10148
6955;9993;16948
5179;466;5645
665;1210;1875
151;1216;1367
9567;6464;16031
7150;4918;12068
3260;3840;7100
3178;6620;9798
5535;9569;15104
4583;7798;12381
53;4177;4230
5445;993;6438
2313;8772;11085
4901;7828;12729
4151;693;4844
935;9983;10918
8941;4432;13373
8637;4310;12947
6432;8801;15233
548;6924;7472
9279;6230;15509
244;3587;3831
7644;9991;17635
1210;4693;5903
291;9895;10186
4210;5508;9718
7047;3828;10875
3565;4709;8274
6149;5124;11273
4804;8901;13705
6945;4052;10997
1848;916;2764
5233;7132;12365
2073;6931;9004
1401;8356;9757
8670;4768;13438
7370;4926;12296
336;9716;10052
8413;9549;17962
7171;4014;11185
3778;6032;9810
3679;8616;12295
1323;4464;5787
2106;1962;4068
1945;5125;7070
2239;3235;5474
2065;6042;8107
3316;9568;12884
404;666;1070
1628;2781;4409
6316;5446;11762
4860;4981;9841
2021;8804;10825
7650;4062;11712
8284;5543;13827
1018;347;1365
8339;6096;14435
3143;8844;11987
5891;7792;13683
2560;9546;12106
8871;1090;9961
1144;7687;8831
4769;2540;7309
1295;1338;2633
7525;5514;13039
7868;4626;12494
2485;1531;4016
5508;9611;15119
7799;7874;15673
6325;9825;16150
9824;6758;16582
3354;9164;12518
9402;4864;14266
8911;218;9129
4356;4651;9007
9410;1845;11255
1789;1592;3381
6646;9070;15716
367;2119;2486
8204;4076;12280
2924;5885;8809
3108;6866;9974
3531;8943;12474
4558;3236;7794
7409;2489;9898
4549;1454;6003
8984;8133;17117
1192;6788;7980
2401;7964;10365
6241;2791;9032
5284;4194;9478
9209;1493;10702
975;8460;9435
9591;923;10514
104;2450;2554
6183;5952;12135
2529;8241;10770
4637;3323;7960
3124;8678;11802
5189;6031;11220
7752;2877;10629
8930;2944;11874
8290;7496;15786
752;4540;5292
767;9413;10180
3534;1179;4713
722;7686;8408
8187;8875;17062
6873;7953;14826
4440;6750;11190
97;1902;1999
3759;6176;9935
8812;395;9207
6219;270;6489
4408;2235;6643
1108;4168;5276
1367;1639;3006
758;5060;5818
9194;8812;18006
5964;6809;12773
9783;3440;13223
4971;9721;14692
4544;9077;13621
2000;660;2660
7491;912;8403
6486;202;6688
4483;9119;13602
4536;9095;13631
7480;6954;14434
9436;1311;10747
8707;8535;17242
7299;6956;14255
2922;7815;10737
8445;9804;18249
2572;7484;10056
3909;8966;12875
592;2493;3085
7563;3533;11096
5445;8197;13642
6254;1536;7790
2305;9396;11701
7986;9698;17684
397;4651;5048
3220;9709;12929
7193;4318;11511
1909;6023;7932
4861;1973;6834
8354;6718;15072
4961;62;5023
7982;9935;17917
3661;6624;10285
400;5421;5821
163;2644;2807
2040;6038;8078
6334;4873;11207
237;3332;3569
1224;1632;2856
8795;4381;13176
6241;9088;15329
3616;7204;10820
7650;2070;9720
4412;4394;8806
9798;8669;18467
5143;8753;13896
4415;456;4871
5396;9151;14547
7031;9120;16151
2710;9438;12148
5944;1451;7395
4269;7051;11320
6527;7888;14415
5654;5562;11216
1792;8778;10570
5678;7700;13378
2674;6734;9408
6559;7622;14181
8531;2899;11430
8922;9668;18590
6354;2794;9148
3840;254;4094
4009;6737;10746
8120;8259;16379
2800;4349;7149
4414;1951;6365
89;8028;8117
5565;9355;14920
3758;8550;12308
4325;3210;7535
9627;9732;19359
9876;9372;19248
241;2060;2301
6672;2632;9304
3280;7311;10591
3155;5886;9041
220;4003;4223
7551;1501;9052
6787;4960;11747
2319;4604;6923
5828;4763;10591
4063;180;4243
3139;410;3549
5135;427;5562
1709;7632;9341
116;1762;1878
332;8535;8867
6428;8704;15132
6680;6189;12869
5390;4855;10245
8689;6642;15331
2151;177;2328
5168;8038;13206
5997;8301;14298
647;367;1014
5441;2426;7867
2198;9519;11717
1257;2463;3720
4191;3713;7904
2707;2123;4830
570;4711;5281
2122;3217;5339
7800;9273;17073
9532;8009;17541
5428;1198;6626
5296;470;5766
9913;6207;16120
8035;7640;15675
633;4053;4686
141;1116;1257
5938;3749;9687
3351;8657;12008
270;7359;7629
1202;9637;10839
7709;252;7961
5095;1025;6120
6157;9575;15732
3859;3907;7766
5343;6455;11798
5268;1079;6347
2385;6232;8617
1141;6684;7825
8428;2030;10458
651;8620;9271
166;1472;1638
5897;1860;7757
2452;8198;10650
5438;7967;13405
8678;7688;16366
3874;5608;9482
1339;1611;2950
2479;6620;9099
8;5323;5331
9811;4583;14394
672;2462;3134
5490;3311;8801
8595;8610;17205
7426;5227;12653
3536;1468;5004
4678;885;5563
4208;7510;11718
2606;6830;9436
8686;5299;13985
8276;4554;12830
8786;1618;10404
2254;2876;5130
1923;3288;5211
4369;240;4609
4315;6915;11230
2773;6535;9308
5693;5214;10907
8240;1072;9312
5806;4928;10734
5657;8417;14074
372;272;644
8730;5431;14161
9855;2298;12153
5672;346;6018
4924;899;5823
8420;6412;14832
6904;2137;9041
9014;3710;12724
6925;6798;13723
24;9889;9913
4086;8942;13028
6045;6358;12403
127;4156;4283
1003;5308;6311
1345;264;1609
9294;7476;16770
6929;1194;8123
3921;9221;13142
8740;8365;17105
1013;6107;7120
7447;2427;9874
7571;7609;15180
6015;4353;10368
8777;6184;14961
8865;408;9273
7967;1383;9350
8384;953;9337
151;4274;4425
3714;1678;5392
7763;2954;10717
6513;4415;10928
5069;1659;6728
1363;8157;9520
3981;5871;9852
6776;276;7052
356;9167;9523
4273;6038;10311
9858;1941;11799
9464;4911;14375
7908;9498;17406
5231;1766;6997
5807;8181;13988
1138;8326;9464
6539;2506;9045
8605;4572;13177
725;1560;2285
4026;4061;8087
7616;4529;12145
3895;6509;10404
5102;4341;9443
6705;5557;12262
9875;3502;13377
1230;9729;10959
1983;4461;6444
1375;2779;4154
1525;4799;6324
3306;3357;6663
740;1361;2101
5250;390;5640
6115;7888;14003
5648;2390;8038
8690;6310;15000
983;7804;8787
6042;1620;7662
4656;4538;9194
7422;9053;16475
700;6524;7224
6272;9516;15788
4601;8963;13564
2922;9893;12815
5145;3818;8963
822;4985;5807
5629;1917;7546
751;6508;7259
784;9715;10499
6813;3042;9855
8959;6835;15794
3718;2669;6387
4272;148;4420
6275;805;7080
5008;2750;7758
3000;9712;12712
2680;8833;11513
3056;5051;8107
6125;4350;10475
5800;5201;11001
3286;7985;11271
8050;9286;17336
7228;9519;16747
5527;3857;9384
5156;4621;9777
4219;6120;10339
9026;9334;18360
6209;3761;9970
520;1807;2327
1842;7214;9056
615;5323;5938
2658;7337;9995
6274;591;6865
5833;7864;13697
3346;8278;11624
148;8806;8954
4142;1142;5284
7791;8666;16457
7175;8994;16169
7667;3051;10718
4209;5030;9239
9305;8963;18268
1771;3263;5034
8333;1952;10285
9184;289;9473
3971;9815;13786
6064;9833;15897
203;3326;3529
2875;7314;10189
2926;8130;11056
1303;1717;3020
1726;8430;10156
3067;5427;8494
8085;9927;18012
4943;9271;14214
8621;1355;9976
6425;5924;12349
6034;4286;10320
5433;7860;13293
9762;3930;13692
19;8793;8812
1910;9814;11724
3152;122;3274
6180;593;6773
4703;2980;7683
7245;9292;16537
4434;4973;9407
2828;1103;3931
5370;5249;10619
3490;1173;4663
2216;6322;8538
9146;9634;18780
6882;5351;12233
5324;3605;8929
1684;7995;9679
7660;5181;12841
2887;7924;10811
86;1069;1155
7211;4350;11561
3466;4205;7671
1807;5352;7159
7603;8175;15778
4132;2123;6255
8090;2093;10183
5387;558;5945
3049;8247;11296
5178;1430;6608
8821;8798;17619
2017;1590;3607
8061;4406;12467
7011;2140;9151
2298;3381;5679
6421;9288;15709
1962;5617;7579
4879;5563;10442
9344;7469;16813
8443;9750;18193
6629;721;7350
2520;654;3174
8687;6148;14835
8165;3827;11992
6441;1995;8436
56;7372;7428
6365;8430;14795
4344;1359;5703
6713;3425;10138
4559;9681;14240
7208;8485;15693
1827;3356;5183
4324;3926;8250
6756;7720;14476
7816;8433;16249
5928;330;6258
3789;2727;6516
7367;7886;15253
8097;8710;16807
1809;6981;8790
7082;5716;12798
4833;7069;11902
418;4978;5396
4633;5917;10550
188;6496;6684
1690;8201;9891
9045;8730;17775
5963;2087;8050
1272;8555;9827
8943;7003;15946
9761;6386;16147
7126;7103;14229
2395;7359;9754
1377;2734;4111
377;5287;5664
6193;9983;16176
2986;5334;8320
7271;3320;10591
3670;9354;13024
973;7023;7996
2870;782;3652
1838;5158;6996
1378;8368;9746
1022;5510;6532
276;1075;1351
5186;1935;7121
5767;6581;12348
9881;5187;15068
3034;6603;9637
782;5989;6771
7634;4555;12189
6835;8693;15528
7548;6680;14228
1986;1553;3539
4980;2812;7792
6904;2763;9667
612;3671;4283
1859;6421;8280
8908;5261;14169
3927;8581;12508
5047;4212;9259
8783;8334;17117
4620;4655;9275
3234;1878;5112
7081;5613;12694
8369;8934;17303
788;8110;8898
3146;9821;12967
7254;982;8236
2395;4430;6825
9984;333;10317
211;5295;5506
1813;3728;5541
4333;5809;10142
9279;7416;16695
699;5198;5897
338;4296;4634
9098;5398;14496
905;8551;9456
8850;1874;10724
9954;4067;14021
2376;6895;9271
5342;6388;11730
9525;4750;14275
3984;6499;10483
385;3446;3831
6452;9960;16412
2129;5464;7593
4196;9171;13367
6969;2207;9176
1059;752;1811
5237;2275;7512
428;3849;4277
8247;7857;16104
5169;8597;13766
6438;7232;13670
4225;5194;9419
8592;8070;16662
6627;4626;11253
5703;1122;6825
1707;7568;9275
1345;8364;9709
5776;8442;14218
2286;8832;11118
7510;5496;13006
2370;8317;10687
4358;8051;12409
4681;295;4976
2902;3705;6607
7070;4092;11162
5462;4176;9638
2307;6793;9100
1707;81;1788
6412;9456;15868
3353;2750;6103
419;2286;2705
4898;9532;14430
6444;3241;9685
4536;5327;9863
8777;5646;14423
6543;4434;10977
1672;8638;10310
1427;6301;7728
4150;6490;10640
7872;7041;14913
6331;7668;13999
5432;1520;6952
9636;3546;13182
7115;2016;9131
1433;4505;5938
7976;8882;16858
932;123;1055
5803;8718;14521
2854;5811;8665
5113;1889;7002
1070;6073;7143
4723;5691;10414
5773;5369;11142
2876;9264;12140
7772;9626;17398
3074;1538;4612
6331;5613;11944
1668;1193;2861
178;1291;1469
7746;1125;8871
4186;6677;10863
1227;4256;5483
363;2103;2466
7995;7334;15329
500;1834;2334
3077;1031;4108
2672;7997;10669
749;8982;9731
7339;8137;15476
9508;3019;12527
2828;3943;6771
4094;9543;13637
704;564;1268
4887;3243;8130
8773;7020;15793
2151;6124;8275
2136;8589;10725
6137;6814;12951
3797;7955;11752
3460;1412;4872
3203;4104;7307
9764;9417;19181
8166;4125;12291
4624;1708;6332
6672;4715;11387
7911;2711;10622
348;8354;8702
5050;2502;7552
1170;1551;2721
3799;3583;7382
9025;5470;14495
9985;4562;14547
6590;4018;10608
9745;629;10374
6294;3562;9856
2734;3318;6052
9436;901;10337
5761;7665;13426
2656;5484;8140
7384;8479;15863
2695;5196;7891
8478;3495;11973
4556;2534;7090
1412;1850;3262
8849;5853;14702
7855;3407;11262
9290;2014;11304
9205;1990;11195
4051;9293;13344
2810;3843;6653
5456;5561;11017
4571;3857;8428
1277;1468;2745
7463;6577;14040
4727;1537;6264
6852;9215;16067
4572;5770;10342
8752;200;8952
8908;7042;15950
9175;1241;10416
8196;1879;10075
7217;9931;17148
926;4355;5281
7545;1921;9466
5196;3228;8424
4013;2574;6587
5278;4958;10236
4991;6286;11277
7600;322;7922
2004;4218;6222
9946;2905;12851
3980;5499;9479
8068;2560;10628
3551;8670;12221
9330;5380;14710
6780;7477;14257
6000;1339;7339
9885;3590;13475
7576;6477;14053
4890;3660;8550
2109;9141;11250
4399;2306;6705
6926;6300;13226
3790;6903;10693
855;9850;10705
6727;6180;12907
7700;419;8119
5448;8801;14249
3773;9228;13001
7701;7650;15351
3112;1980;5092
2580;4802;7382
7255;5306;12561
4533;2720;7253
5391;8673;14064
1991;4020;6011
2108;6976;9084
9788;4716;14504
410;1916;2326
4499;2236;6735
717;6892;7609
6856;6979;13835
8076;4006;12082
5929;1198;7127
5524;8310;13834
4323;5218;9541
5827;9659;15486
3164;5448;8612
7542;2559;10101
1480;6908;8388
8469;4248;12717
6231;2059;8290
1881;4212;6093
9352;7761;17113
8138;778;8916
5725;6234;11959
3792;1355;5147
297;7427;7724
7412;2996;10408
4558;7706;12264
493;8432;8925
1812;3291;5103
5744;2214;7958
8814;9431;18245
3847;7686;11533
3862;3914;7776
1511;2198;3709
6813;4195;11008
9040;9871;18911
9727;2849;12576
7882;6225;14107
3599;6724;10323
5811;3463;9274
8672;2079;10751
2732;9394;12126
4621;9977;14598
518;8302;8820
146;3911;4057
7533;6317;13850
2737;9446;12183
4982;3900;8882
1400;921;2321
7866;1841;9707
9773;4475;14248
3041;1218;4259
9194;8137;17331
739;2066;2805
6033;6985;13018
2808;7293;10101
6748;3390;10138
2843;5957;8800
1508;7213;8721
9064;1944;11008
2130;4393;6523
5168;7871;13039
7836;5037;12873
2220;6209;8429
284;6021;6305
9522;657;10179
8144;5965;14109
7213;2372;9585
4749;7877;12626
9365;9414;18779
461;2958;3419
2997;8231;11228
2611;8806;11417
964;5548;6512
3846;3397;7243
316;2385;2701
4016;6480;10496
4441;9235;13676
6938;2441;9379
2230;2997;5227
6366;892;7258
1039;636;1675
9607;813;10420
5539;3020;8559
3171;9149;12320
4943;3350;8293
4586;6755;11341
9476;2825;12301
760;2791;3551
3084;737;3821
697;7400;8097
2522;1434;3956
1477;3915;5392
3306;7042;10348
671;9758;10429
1916;2719;4635
7403;825;8228
7539;8556;16095
5407;2963;8370
4342;366;4708
5304;4762;10066
4463;3734;8197
6263;7910;14173
3401;3776;7177
67;7429;7496
4790;1489;6279
9212;1843;11055
4104;4686;8790
4089;4205;8294
2702;1558;4260
2905;6334;9239
7111;1192;8303
8725;9327;18052
597;5063;5660
6238;5935;12173
829;7391;8220
1484;7942;9426
1546;5790;7336
7996;268;8264
3753;5620;9373
4722;5414;10136
5679;3550;9229
5358;6062;11420
8565;1575;10140
3702;8422;12124
4483;6453;10936
8999;8065;17064
9921;5201;15122
5704;1258;6962
5945;9330;15275
5548;2606;8154
4370;156;4526
2168;4836;7004
1208;8802;10010
1360;8901;10261
6085;9483;15568
4231;5778;10009
6788;3477;10265
1977;5702;7679
5327;2592;7919
2433;2429;4862
7522;9390;16912
4193;7097;11290
838;538;1376
7395;4196;11591
6534;844;7378
7574;1776;9350
3082;1309;4391
401;3574;3975
4951;1769;6720
6017;6886;12903
3425;1640;5065
1922;1229;3151
9821;4284;14105
6890;7353;14243
6195;4058;10253
4934;7288;12222
2097;95;2192
1666;4980;6646
2201;5302;7503
5635;1192;6827
797;5123;5920
6866;3288;10154
6124;9213;15337
8298;3655;11953
1328;452;1780
4836;2723;7559
3663;13;3676
294;7638;7932
642;158;800
8031;5950;13981
3860;5402;9262
8976;6157;15133
9262;193;9455
2549;8748;11297
8647;55;8702
1405;1044;2449
9372;7723;17095
9294;2881;12175
7112;9409;16521
9676;9257;18933
138;2882;3020
7895;7543;15438
3795;6799;10594
4480;5274;9754
8624;4959;13583
3020;9126;12146
6062;9066;15128
7366;1607;8973
8368;8606;16974
9219;6834;16053
3818;3011;6829
353;5651;6004
4924;6894;11818
6349;6786;13135
9337;2160;11497
3417;2057;5474
5476;8930;14406
1830;3943;5773
8870;4572;13442
7848;9918;17766
8358;6708;15066
5054;4199;9253
5046;5270;10316
2517;4373;6890
1082;9733;10815
649;5885;6534
4434;8617;13051
8011;1747;9758
305;5162;5467
5008;4694;9702
4301;4395;8696
3685;6768;10453
1086;8762;9848
9942;8237;18179
4320;2373;6693
2261;4224;6485
1530;9966;11496
507;9484;9991
4526;9278;13804
9458;2950;12408
9344;9268;18612
156;4491;4647
4208;6757;10965
6704;5956;12660
7873;6243;14116
3154;314;3468
3778;3423;7201
5525;3893;9418
4941;9556;14497
6319;6344;12663
2579;3427;6006
8305;6275;14580
3699;3062;6761
3710;1019;4729
2399;9867;12266
3509;7467;10976
5331;349;5680
5158;8547;13705
4358;7185;11543
8848;1275;10123
7717;6150;13867
3920;8548;12468
3298;7066;10364
3798;7020;10818
620;2570;3190
3552;4608;8160
9331;3176;12507
4539;5841;10380
4171;4469;8640
8059;8782;16841
1762;5447;7209
4129;5055;9184
3249;2636;5885
4942;4144;9086
2059;5256;7315
1670;1013;2683
277;6888;7165
1869;9487;11356
7473;1952;9425
7923;546;8469
6235;3574;9809
1851;1031;2882
2712;2543;5255
4421;4952;9373
6692;150;6842
1872;2281;4153
5683;2168;7851
5297;7802;13099
3814;3246;7060
3203;6080;9283
9661;2902;12563
9041;1539;10580
76;7516;7592
7364;1060;8424
6371;9006;15377
6453;8936;15389
1367;1379;2746
6953;5999;12952
5387;7939;13326
3819;759;4578
8604;5217;13821
8367;2756;11123
1165;2122;3287
7576;1829;9405
5248;1984;7232
7773;856;8629
4411;3702;8113
1532;1060;2592
4952;8157;13109
7911;2709;10620
1953;6971;8924
4653;7054;11707
651;1071;1722
4896;998;5894
1794;530;2324
6145;3966;10111
140;9985;10125
3693;6812;10505
9400;946;10346
3866;1273;5139
1969;7682;9651
7627;5472;13099
5092;7642;12734
375;9338;9713
8018;4189;12207
133;418;551
6394;8798;15192
5891;8493;14384
9323;3143;12466
2986;500;3486
6634;8155;14789
8492;9065;17557
6301;4320;10621
7763;2245;10008
3275;2712;5987
4361;5215;9576
419;5340;5759
1360;5676;7036
3565;2842;6407
6495;9113;15608
1498;2935;4433
9831;2371;12202
9658;6583;16241
9961;1614;11575
8309;160;8469
9013;2499;11512
3130;1896;5026
3184;7438;10622
5799;9798;15597
7667;6600;14267
648;4829;5477
1945;5531;7476
8853;1106;9959
5389;1659;7048
8523;1498;10021
5619;9445;15064
7581;7530;15111
4153;465;4618
1986;4739;6725
2891;3555;6446
1841;8460;10301
4514;7782;12296
3801;1999;5800
6113;3635;9748
2066;6820;8886
5989;5673;11662
9459;8089;17548
6563;5818;12381
8896;5263;14159
8123;5758;13881
6920;2654;9574
2177;3288;5465
5820;9079;14899
3280;8243;11523
7348;2828;10176
3459;2378;5837
934;983;1917
1238;7822;9060
6658;2754;9412
2866;66;2932
8298;3883;12181
5643;3069;8712
7341;9462;16803
1989;933;2922
6753;4604;11357
7644;3673;11317
4289;9054;13343
6335;5273;11608
5736;4906;10642
2597;2435;5032
3097;2088;5185
1179;4495;5674
451;1452;1903
5392;4797;10189
5990;359;6349
9004;6744;15748
8965;5657;14622
9427;5920;15347
1750;6220;7970
6667;9063;15730
1792;1977;3769
4122;3555;7677
267;8968;9235
6105;6025;12130
2347;7442;9789
3200;4049;7249
8086;4862;12948
3404;6004;9408
3055;785;3840
4098;853;4951
7064;7242;14306
4905;6371;11276
9206;7002;16208
6004;6294;12298
7865;1662;9527
9282;2312;11594
454;1058;1512
545;2944;3489
8030;3026;11056
4745;2645;7390
9880;9082;18962
7570;2295;9865
7582;8878;16460
2349;9245;11594
175;4010;4185
1843;2061;3904
4294;3828;8122
5012;137;5149
6926;8102;15028
9138;5924;15062
2168;75;2243
6242;9635;15877
5200;2326;7526
7899;7741;15640
8860;3444;12304
5234;1992;7226
6822;8475;15297
9837;4063;13900
7413;4586;11999
7406;4520;11926
9038;6942;15980
2138;4988;7126
8480;7476;15956
119;2533;2652
1734;1082;2816
2551;8720;11271
9562;9604;19166
8546;5544;14090
2584;832;3416
3113;444;3557
1047;2596;3643
739;2925;3664
4826;3617;8443
1777;8617;10394
9557;6808;16365
2039;8813;10852
4348;2304;6652
2379;1979;4358
5058;9510;14568
6155;9965;16120
3116;2744;5860
2696;8589;11285
1170;9222;10392
556;765;1321
6208;8806;15014
3188;8431;11619
8187;3281;11468
8067;9079;17146
4031;1036;5067
4186;8329;12515
7646;8760;16406
4573;9548;14121
9017;3408;12425
9329;2793;12122
1367;3657;5024
6794;8;6802
3714;4250;7964
3971;7182;11153
9554;4658;14212
8947;8318;17265
77;4487;4564
7306;4035;11341
1363;8557;9920
4448;359;4807
150;8473;8623
7592;8828;16420
8095;1830;9925
3441;5785;9226
6498;4786;11284
2989;3694;6683
2749;8085;10834
234;3828;4062
1501;7696;9197
6722;5427;12149
2332;9098;11430
2260;6887;9147
5177;9016;14193
5512;5705;11217
6437;3457;9894
5413;4410;9823
4309;8477;12786
3898;7001;10899
7680;598;8278
6018;2975;8993
7201;7609;14810
4122;1800;5922
5986;8288;14274
7636;4225;11861
6506;2042;8548
1303;5850;7153
4974;3277;8251
9139;147;9286
2872;100;2972
1992;4002;5994
9812;5321;15133
1670;5080;6750
3943;5689;9632
277;8113;8390
9926;7951;17877
9823;2630;12453
6567;6360;12927
4519;3043;7562
6588;5877;12465
964;9419;10383
4989;1600;6589
3177;4899;8076
6251;4752;11003
5760;9590;15350
2165;5029;7194
9664;6423;16087
1105;8536;9641
6694;6686;13380
2224;6422;8646
6281;4274;10555
1433;6073;7506
7859;5327;13186
9825;8558;18383
3400;1890;5290
4664;9608;14272
3731;1021;4752
7561;6833;14394
8163;5572;13735
5091;3495;8586
8654;9748;18402
2555;9648;12203
3146;6933;10079
5173;1615;6788
9513;1291;10804
4683;8374;13057
4583;11;4594
608;2212;2820
4215;3420;7635
1556;224;1780
3505;2733;6238
2565;4053;6618
9468;3441;12909
3025;2912;5937
9684;4672;14356
6237;6309;12546
8572;7380;15952
4054;8383;12437
4427;7208;11635
4478;725;5203
3746;4270;8016
6044;5629;11673
1079;4665;5744
742;20;762
3314;1712;5026
318;8804;9122
3334;4578;7912
4164;3543;7707
6045;5852;11897
646;1341;1987
5752;3212;8964
796;6010;6806
4588;5072;9660
6449;9421;15870
959;9636;10595
2762;3505;6267
2312;9347;11659
3969;6862;10831
5186;3780;8966
2020;8819;10839
4837;4613;9450
8640;1570;10210
4545;1138;5683
661;4357;5018
5122;9971;15093
6864;2267;9131
5134;6477;11611
6454;893;7347
562;9989;10551
9503;7612;17115
2081;1292;3373
3293;2540;5833
3879;9489;13368
7954;8002;15956
1408;6045;7453
1216;9282;10498
6030;3628;9658
7677;178;7855
8676;1842;10518
4055;9712;13767
6851;9126;15977
1458;9152;10610
1229;4388;5617
484;5903;6387
1550;6406;7956
7990;8532;16522
2095;5203;7298
7671;123;7794
9749;3316;13065
2425;9683;12108
1647;3004;4651
379;5544;5923
1011;478;1489
6204;7029;13233
8072;1279;9351
5482;7334;12816
4308;6614;10922
3526;4255;7781
9226;3702;12928
5327;219;5546
6626;7503;14129
4315;4111;8426
3393;5108;8501
4573;4140;8713
481;4199;4680
5952;1816;7768
4924;810;5734
4778;3762;8540
4417;3615;8032
5905;9421;15326
7021;6863;13884
4760;6027;10787
7603;4908;12511
7516;4662;12178
5222;4059;9281
4301;2358;6659
6745;1519;8264
5119;3339;8458
3460;4233;7693
8153;1606;9759
1290;254;1544
7026;9534;16560
2198;2042;4240
148;6979;7127
2721;3462;6183
5428;7617;13045
1103;2165;3268
9308;503;9811
5466;6540;12006
7352;2091;9443
300;1062;1362
6742;651;7393
6810;2553;9363
2101;2075;4176
7490;2934;10424
5203;9841;15044
6302;3425;9727
3953;7471;11424
1799;5197;6996
3493;4978;8471
5370;4355;9725
7571;4242;11813
7488;7538;15026
7286;1631;8917
8060;3663;11723
8846;7069;15915
8165;8017;16182
6036;7800;13836
2861;80;2941
2491;6776;9267
2359;6905;9264
5447;636;6083
605;6189;6794
6546;4975;11521
3863;4060;7923
1990;344;2334
1298;6556;7854
9638;9515;19153
5090;8462;13552
1965;8989;10954
4136;393;4529
5105;7235;12340
9926;6467;16393
5985;4008;9993
4380;944;5324
3813;6867;10680
1422;3768;5190
7894;9594;17488
1851;7417;9268
4515;6092;10607
1883;2940;4823
6550;2839;9389
9323;4163;13486
5693;552;6245
9148;7806;16954
2865;1385;4250
7516;4834;12350
5323;6723;12046
5077;7236;12313
8936;4370;13306
5560;8639;14199
8473;8319;16792
4473;6363;10836
2481;7244;9725
1429;1892;3321
31;6899;6930
7580;1203;8783
4258;1523;5781
8686;4405;13091
8917;302;9219
9828;4772;14600
9341;9149;18490
1107;5778;6885
9978;9234;19212
2543;9152;11695
8298;4950;13248
2516;659;3175
3302;7688;10990
4809;7230;12039
2590;502;3092
2581;4302;6883
1090;3317;4407
7465;6487;13952
6264;5715;11979
6690;6073;12763
9386;4144;13530
1939;9779;11718
2951;7458;10409
794;3162;3956
1163;2215;3378
7016;1492;8508
8110;6218;14328
1629;940;2569
6616;7387;14003
1877;8757;10634
8165;7767;15932
5889;9932;15821
2135;9748;11883
8985;1566;10551
20;2440;2460
8838;2831;11669
6938;8242;15180
8645;5647;14292
970;1968;2938
5102;8426;13528
5814;8935;14749
5537;8115;13652
6565;2684;9249
6636;8602;15238
9063;9525;18588
4376;4218;8594
6276;3835;10111
3746;4897;8643
3749;2510;6259
4411;9613;14024
4662;7454;12116
3881;5114;8995
865;4509;5374
2106;391;2497
314;8214;8528
48;7784;7832
604;8031;8635
293;4891;5184
2326;7971;10297
3241;9715;12956
4729;3152;7881
5006;3028;8034
5435;5288;10723
2899;6352;9251
586;6741;7327
1232;3826;5058
4768;4458;9226
7451;2641;10092
2675;1723;4398
6492;9507;15999
3280;6783;10063
4635;6480;11115
5371;3618;8989
8087;9624;17711
3042;7049;10091
8968;6133;15101
9366;8751;18117
7287;5501;12788
5443;2034;7477
1099;8726;9825
2092;1008;3100
5342;9177;14519
4494;5738;10232
8520;2010;10530
4224;3361;7585
9714;6303;16017
7051;506;7557
9770;5551;15321
706;5101;5807
247;6680;6927
217;6634;6851
6677;9547;16224
3929;7482;11411
5355;8548;13903
2918;4174;7092
8436;1994;10430
7723;6521;14244
3008;7522;10530
3616;3000;6616
6173;7693;13866
5682;3809;9491
5124;7264;12388
2828;6112;8940
3996;4779;8775
9105;3067;12172
8293;9827;18120
2989;6784;9773
190;9753;9943
2927;8798;11725
3072;4484;7556
8907;1680;10587
2022;1110;3132
1245;5913;7158
3650;2482;6132
5262;3268;8530
298;1507;1805
5534;9547;15081
5618;8096;13714
7615;9844;17459
1402;3382;4784
3805;7681;11486
3781;4438;8219
1590;2579;4169
7979;4871;12850
5795;4983;10778
1507;1393;2900
4625;146;4771
1246;854;2100
8196;621;8817
4347;9378;13725
160;3937;4097
9511;8398;17909
1555;563;2118
6371;3918;10289
1283;8626;9909
739;6206;6945
7117;5566;12683
989;9160;10149
4402;381;4783
1020;7436;8456
3889;3299;7188
854;4513;5367
1551;8643;10194
8089;6890;14979
6732;2592;9324
2884;3833;6717
6312;7797;14109
5891;8308;14199
1786;9160;10946
3311;822;4133
2754;1856;4610
1186;7111;8297
7914;614;8528
88;4139;4227
1454;3711;5165
7967;129;8096
2758;5829;8587
3955;9549;13504
1142;5627;6769
3745;5113;8858
2882;8945;11827
9309;7430;16739
4260;7993;12253
9942;8942;18884
4625;7240;11865
740;3584;4324
7222;752;7974
153;2749;2902
1600;4574;6174
5430;9491;14921
5950;145;6095
9639;3201;12840
8245;6874;15119
7763;3605;11368
2262;2232;4494
1575;6103;7678
5655;6534;12189
4064;5013;9077
4366;9433;13799
8889;3982;12871
1655;1167;2822
1868;2105;3973
5923;3318;9241
6211;2431;8642
737;624;1361
5527;4871;10398
5017;6934;11951
8841;3236;12077
9737;6179;15916
9434;4358;13792
737;5450;6187
9623;5606;15229
9717;7329;17046
691;567;1258
9773;9429;19202
5799;8816;14615
838;4494;5332
2363;9436;11799
9174;4431;13605
7696;4560;12256
1879;2739;4618
2496;4638;7134
711;5589;6300
9088;7732;16820
6225;225;6450
5746;6320;12066
9444;5323;14767
2107;2078;4185
8289;8541;16830
1505;5977;7482
178;1996;2174
5545;895;6440
7415;5715;13130
7078;307;7385
9664;5638;15302
712;3943;4655
6919;7854;14773
5867;1133;7000
524;9577;10101
7847;3256;11103
9993;638;10631
8875;9310;18185
5835;8476;14311
6958;9602;16560
1220;1708;2928
9034;2543;11577
8089;7702;15791
8127;177;8304
2026;6040;8066
9716;5209;14925
3434;7116;10550
2672;4241;6913
2202;6152;8354
1799;3586;5385
5742;6141;11883
4313;1491;5804
299;8524;8823
3520;2374;5894
7833;6848;14681
8558;4926;13484
4376;6565;10941
2737;9603;12340
1943;1290;3233
6637;1811;8448
2786;5930;8716
3610;1564;5174
4457;3117;7574
3207;7575;10782
7510;3261;10771
4346;1170;5516
5565;1290;6855
3972;6547;10519
9406;8675;18081
6753;6659;13412
1766;3578;5344
3650;9678;13328
1784;3750;5534
6491;7914;14405
3488;8106;11594
4118;3915;8033
8936;6684;15620
5575;2645;8220
3858;4698;8556
4534;4809;9343
6731;4288;11019
6155;3343;9498
6429;1377;7806
8822;5936;14758
6746;166;6912
2376;9170;11546
6282;6746;13028
6888;9334;16222
4004;2348;6352
8764;5609;14373
1827;3793;5620
1310;9184;10494
5258;58;5316
6085;940;7025
3465;2053;5518
6205;9594;15799
4916;4838;9754
8914;6460;15374
6375;9999;16374
2895;7427;10322
7948;9591;17539
1245;2923;4168
4210;2861;7071
72;5995;6067
1406;4879;6285
4934;3953;8887
2412;991;3403
6303;3549;9852
2716;4449;7165
5616;3563;9179
6360;3881;10241
9973;5033;15006
2260;6025;8285
8180;4541;12721
1862;8271;10133
1761;7390;9151
4201;4080;8281
5862;4706;10568
1230;2721;3951
7684;1170;8854
480;1507;1987
9511;2560;12071
2919;8042;10961
1245;5687;6932
6714;8760;15474
1738;5465;7203
6138;2467;8605
6897;1020;7917
7452;9156;16608
7657;6712;14369
6202;5042;11244
4674;3482;8156
4566;9095;13661
6311;9606;15917
2724;3027;5751
2546;798;3344
8693;1165;9858
7942;6853;14795
9938;7291;17229
9204;3616;12820
8742;5769;14511
9677;6512;16189
5829;7571;13400
2057;7076;9133
9939;7679;17618
4606;4671;9277
6013;8101;14114
4564;512;5076
5262;1415;6677
328;7283;7611
3891;6414;10305
6692;3095;9787
6237;1812;8049
4374;4621;8995
7015;4460;11475
407;7457;7864
7811;295;8106
620;4544;5164
9881;7671;17552
8262;7311;15573
265;4229;4494
7311;9950;17261
3075;5014;8089
1815;4568;6383
4583;9052;13635
9211;1971;11182
1588;3914;5502
7015;9728;16743
9243;5827;15070
9888;768;10656
6866;3898;10764
4193;15;4208
2388;5649;8037
1905;8985;10890
8611;7695;16306
4297;168;4465
7258;5776;13034
2820;2707;5527
4050;6504;10554
9389;3782;13171
3711;6584;10295
9996;1167;11163
2654;2797;5451
7587;451;8038
8236;1450;9686
1422;5882;7304
3385;5171;8556
1514;3108;4622
2185;7521;9706
4188;2513;6701
6822;6;6828
5983;6699;12682
6393;2760;9153
8424;1955;10379
8156;9317;17473
2715;7969;10684
7650;6208;13858
8972;7646;16618
6550;9521;16071
1919;1983;3902
3092;3928;7020
6290;5532;11822
487;5515;6002
6286;6432;12718
2804;9236;12040
5559;3932;9491
863;309;1172
7334;6643;13977
6960;6586;13546
7595;1975;9570
8581;4428;13009
5149;2638;7787
9082;7205;16287
3754;8659;12413
1862;7898;9760
2703;2532;5235
4672;3528;8200
4915;7989;12904
5080;5503;10583
9164;5858;15022
8233;6069;14302
3012;3537;6549
6880;3889;10769
8642;8847;17489
6125;4162;10287
8232;253;8485
8013;7607;15620
2718;1832;4550
1051;9371;10422
3636;9629;13265
7056;6795;13851
1632;726;2358
7994;6395;14389
731;6831;7562
5127;7916;13043
4997;5760;10757
5481;8084;13565
3710;3866;7576
5460;3038;8498
5595;1527;7122
3535;6169;9704
6277;3412;9689
2080;8781;10861
9753;5035;14788
5544;337;5881
911;6231;7142
9558;4175;13733
7375;5288;12663
4306;389;4695
2022;8447;10469
8374;1692;10066
1161;509;1670
3526;5889;9415
4926;5106;10032
6733;3845;10578
5039;3027;8066
2779;713;3492
570;7218;7788
4564;2891;7455
927;5514;6441
8414;7471;15885
8321;1746;10067
6508;343;6851
7483;4296;11779
5644;3186;8830
7988;3225;11213
2400;2910;5310
9554;2677;12231
9199;1540;10739
8907;4638;13545
6941;6527;13468
2929;147;3076
2397;5600;7997
6526;6421;12947
4085;1447;5532
231;351;582
4265;6182;10447
2964;7088;10052
780;7149;7929
4865;5774;10639
7948;5291;13239
5877;1403;7280
6391;8970;15361
3390;5228;8618
3046;3235;6281
5865;541;6406
5404;1534;6938
6153;2642;8795
8047;8108;16155
4046;6052;10098
4362;9948;14310
9570;9379;18949
5654;6074;11728
1709;2228;3937
2674;6687;9361
314;800;1114
3856;3315;7171
8091;3785;11876
9849;5385;15234
9424;3260;12684
94;4346;4440
8983;3669;12652
9663;8232;17895
6475;2968;9443
3626;3384;7010
6992;8303;15295
7385;8372;15757
5470;7701;13171
2932;7736;10668
2528;1235;3763
6186;6354;12540
9520;4718;14238
5942;4283;10225
9047;217;9264
3117;7419;10536
9435;483;9918
4435;523;4958
712;2327;3039
8645;2169;10814
8602;8031;16633
7529;9475;17004
7208;2243;9451
2770;8285;11055
3396;9551;12947
6650;4141;10791
8504;3726;12230
8084;1867;9951
6654;6730;13384
7829;7665;15494
1618;6534;8152
6439;6277;12716
620;122;742
148;8729;8877
5806;5532;11338
8391;5443;13834
1461;8298;9759
1519;9488;11007
7559;8741;16300
4633;8625;13258
8636;9517;18153
1101;85;1186
1070;7497;8567
4500;9748;14248
929;4112;5041
1719;2502;4221
225;2688;2913
143;2573;2716
3376;4019;7395
4746;9852;14598
9561;7185;16746
5594;9522;15116
3914;8052;11966
7022;7416;14438
8318;2101;10419
5043;4522;9565
4786;2426;7212
5107;4529;9636
717;2508;3225
1665;1833;3498
3412;2023;5435
9424;3093;12517
1388;3163;4551
5224;8949;14173
7192;9430;16622
9445;1163;10608
1048;7856;8904
5585;8554;14139
2534;2471;5005
7771;4000;11771
9851;1529;11380
1222;6318;7540
6197;5044;11241
5141;8562;13703
1185;22;1207
276;390;666
7028;4050;11078
1046;5093;6139
2544;4373;6917
5354;7013;12367
9134;8706;17840
3548;4714;8262
4267;5781;10048
2827;8326;11153
5716;7688;13404
4144;9411;13555
6228;654;6882
7455;8098;15553
2091;6665;8756
7390;1489;8879
486;5582;6068
4208;6576;10784
9493;1358;10851
8044;1444;9488
1314;9918;11232
6544;972;7516
467;2788;3255
5830;5870;11700
2511;7377;9888
6903;6460;13363
4646;9725;14371
2813;9307;12120
7732;2890;10622
2759;894;3653
669;1493;2162
3416;3323;6739
2210;7582;9792
3209;3648;6857
7913;7597;15510
9150;8071;17221
6178;9776;15954
5836;8930;14766
2863;8090;10953
4656;9671;14327
9689;7115;16804
2533;633;3166
2146;9073;11219
9780;3684;13464
2413;1855;4268
9688;3827;13515
1404;2681;4085
4469;2425;6894
5077;8132;13209
3056;9333;12389
8631;4512;13143
7785;7643;15428
6185;3492;9677
1684;502;2186
9976;1756;11732
6540;3515;10055
3817;243;4060
3054;2663;5717
5618;947;6565
8087;6531;14618
4838;8943;13781
9040;4533;13573
8416;7257;15673
9806;8744;18550
1673;9112;10785
6245;5760;12005
2755;9586;12341
2410;3927;6337
4019;1949;5968
2983;8090;11073
4525;7189;11714
3162;7671;10833
4085;7154;11239
531;6359;6890
1433;884;2317
1435;7209;8644
8573;8695;17268
2619;5610;8229
7584;2730;10314
6049;9607;15656
2193;3649;5842
5677;5531;11208
6338;9107;15445
134;9546;9680
116;5836;5952
4061;949;5010
46;2879;2925
354;9709;10063
5214;8596;13810
6466;2221;8687
7748;6143;13891
5460;199;5659
6714;2265;8979
1400;3179;4579
6205;8712;14917
8523;2613;11136
4000;9346;13346
7153;6587;13740
4311;1854;6165
8739;9650;18389
6231;9088;15319
6326;7300;13626
2771;284;3055
5763;9268;15031
146;959;1105
147;5622;5769
8533;7537;16070
8160;2097;10257
9134;3642;12776
3811;3879;7690
4644;3429;8073
3573;3488;7061
7168;5157;12325
9894;2279;12173
4423;2330;6753
3986;4405;8391
3256;6489;9745
6846;1843;8689
7311;5075;12386
6871;9717;16588
5714;7;5721
554;2148;2702
3100;8055;11155
1410;5850;7260
9966;133;10099
6066;587;6653
9152;7133;16285
1481;9978;11459
1429;8347;9776
2659;8352;11011
7126;7225;14351
3489;3261;6750
469;5101;5570
2195;5519;7714
6479;2806;9285
9860;6876;16736
9055;4515;13570
1475;1750;3225
4559;9973;14532
385;78;463
6020;6799;12819
7056;357;7413
8667;6562;15229
3856;3242;7098
4381;2537;6918
6334;6172;12506
861;3162;4023
3465;5307;8772
920;2372;3292
3033;8913;11946
1497;6998;8495
2754;9877;12631
2034;8614;10648
7036;7303;14339
6710;2502;9212
9876;6546;16422
9123;4396;13519
3232;2089;5321
8565;6620;15185
2879;5593;8472
3360;4251;7611
2890;5549;8439
3580;1220;4800
3124;5299;8423
211;5567;5778
815;6499;7314
1176;2025;3201
3621;8500;12121
7055;9539;16594
9103;40;9143
9098;1656;10754
8813;5365;14178
3985;5367;9352
6243;2408;8651
5579;8094;13673
5296;6266;11562
6187;4960;11147
7778;6765;14543
8714;2085;10799
4193;1508;5701
9440;8418;17858
4872;5613;10485
2335;9371;11706
1812;2121;3933
4750;10;4760
5271;9489;14760
9612;6326;15938
4824;4560;9384
2373;1927;4300
9640;7528;17168
2885;7905;10790
3305;8898;12203
1138;9952;11090
212;1486;1698
6309;5394;11703
7372;8854;16226
6906;9554;16460
8975;3904;12879
6289;8611;14900
6979;2589;9568
4608;6954;11562
2415;9376;11791
3458;2168;5626
195;3776;3971
984;5036;6020
7914;6325;14239
3735;9764;13499
3907;7791;11698
730;3608;4338
1657;8250;9907
4759;6651;11410
4555;1398;5953
6541;233;6774
6232;5287;11519
1690;6991;8681
1473;7916;9389
6890;7234;14124
6456;3936;10392
538;1412;1950
9191;1862;11053
5044;5459;10503
3559;5385;8944
9768;9091;18859
3391;5020;8411
4794;1693;6487
2861;3334;6195
4805;3549;8354
8986;9229;18215
133;1529;1662
2974;3178;6152
4035;303;4338
6545;9562;16107
1239;7661;8900
9371;3873;13244
1986;4520;6506
3567;8418;11985
1018;2016;3034
4133;5121;9254
7698;1068;8766
2861;6546;9407
9263;3203;12466
9100;385;9485
3592;4454;8046
7402;7611;15013
4502;6387;10889
6390;212;6602
5580;1419;6999
7262;6447;13709
4869;8660;13529
15;8209;8224
9222;6982;16204
1367;2723;4090
5696;6518;12214
3071;7510;10581
2783;6885;9668
2257;5108;7365
2276;971;3247
7936;5714;13650
8600;2122;10722
6681;5531;12212
3929;9862;13791
6789;1112;7901
3129;8063;11192
1487;3023;4510
4404;6933;11337
4092;1658;5750
6728;733;7461
1021;6716;7737
331;8194;8525
8321;5969;14290
2221;9519;11740
8051;8290;16341
8061;8438;16499
7698;3104;10802
653;2609;3262
7922;3128;11050
7499;1094;8593
6405;5289;11694
2337;6866;9203
2176;8443;10619
3062;8952;12014
8217;3575;11792
6081;7482;13563
5722;559;6281
3331;5010;8341
2070;6823;8893
4257;3258;7515
4793;1502;6295
7749;9860;17609
7098;4610;11708
1554;1080;2634
3154;3797;6951
4893;7395;12288
258;6488;6746
6896;9716;16612
4633;69;4702
3506;2597;6103
7330;4288;11618
7343;5778;13121
6433;8006;14439
6413;786;7199
5770;8158;13928
4362;9191;13553
5894;2941;8835
4302;4260;8562
9633;5074;14707
9245;3650;12895
6268;3707;9975
8190;3573;11763
4016;7904;11920
1190;6780;7970
7388;4794;12182
2246;7199;9445
4188;694;4882
3031;2512;5543
5140;3634;8774
7452;8812;16264
8784;4351;13135
9683;1447;11130
3065;3065;6130
2601;5497;8098
2331;599;2930
4417;5052;9469
8084;9903;17987
5920;8369;14289
553;9259;9812
6438;3158;9596
5039;6851;11890
1116;8489;9605
4400;7417;11817
3411;6191;9602
5050;3984;9034
397;8507;8904
7937;1205;9142
8913;3518;12431
9020;1017;10037
5728;5814;11542
6606;3079;9685
2973;4767;7740
799;4177;4976
8732;5611;14343
813;2165;2978
972;1244;2216
8897;1376;10273
339;9216;9555
4740;5005;9745
2499;578;3077
5512;6467;11979
6128;7695;13823
2358;6052;8410
3060;1308;4368
1547;9894;11441
5442;9189;14631
433;6768;7201
9000;9296;18296
6825;7428;14253
2306;4369;6675
9572;9022;18594
2124;9504;11628
5888;3026;8914
2165;6491;8656
3871;3567;7438
2766;5484;8250
7159;6559;13718
4548;9669;14217
6440;4420;10860
7393;3936;11329
2648;2388;5036
7561;8716;16277
3442;5143;8585
3519;2571;6090
7904;3634;11538
8215;6642;14857
196;737;933
5334;1931;7265
6923;2562;9485
5268;1851;7119
5806;2243;8049
5574;7412;12986
1269;5961;7230
8170;1506;9676
8563;7607;16170
8405;9595;18000
5965;2997;8962
8853;4909;13762
2952;7366;10318
2648;8745;11393
6635;5759;12394
5695;1630;7325
5499;6580;12079
1796;4129;5925
2710;3386;6096
3623;3164;6787
1259;2318;3577
5268;7956;13224
5807;4383;10190
4405;667;5072
3512;707;4219
4494;175;4669
1156;3619;4775
7611;6031;13642
5792;6535;12327
6538;2418;8956
5565;228;5793
1733;7040;8773
4299;2194;6493
8807;4043;12850
8691;2336;11027
8243;823;9066
6222;2314;8536
7461;5604;13065
5897;4712;10609
1085;2021;3106
3748;8830;12578
2820;8208;11028
4702;9612;14314
1644;3355;4999
5579;5196;10775
7762;936;8698
3079;3054;6133
6963;8842;15805
8472;295;8767
4980;2397;7377
1167;4247;5414
1725;3310;5035
8303;6287;14590
4038;9862;13900
5025;666;5691
9705;4881;14586
5093;3939;9032
4699;8565;13264
6996;3188;10184
3373;4034;7407
4534;4089;8623
4164;5019;9183
979;8081;9060
6198;8638;14836
7106;8651;15757
100;5509;5609
6214;431;6645
2324;8504;10828
8436;2543;10979
9861;9416;19277
9934;820;10754
2745;619;3364
3415;7354;10769
7423;2140;9563
9509;7424;16933
9921;4580;14501
4974;7815;12789
1125;5552;6677
8930;6176;15106
2542;1649;4191
7932;4261;12193
58;1272;1330
8337;1865;10202
313;6253;6566
9634;9670;19304
6146;2115;8261
9105;4479;13584
4435;3352;7787
9589;6246;15835
6778;1576;8354
4370;638;5008
1654;8162;9816
584;5301;5885
3517;7642;11159
6850;9447;16297
3005;6089;9094
7918;2526;10444
5798;6426;12224
2572;1647;4219
1065;5410;6475
74;6320;6394
8117;6702;14819
727;6660;7387
922;195;1117
304;336;640
9152;2602;11754
7533;577;8110
7579;9955;17534
7157;1817;8974
1661;9305;10966
363;5497;5860
4310;4705;9015
9007;3219;12226
3108;8608;11716
2561;9365;11926
8169;9498;17667
224;8733;8957
7513;4541;12054
3860;9419;13279
5455;8387;13842
1060;9539;10599
7764;1990;9754
6062;8121;14183
7180;6417;13597
1292;3184;4476
3029;193;3222
9203;5889;15092
2538;4459;6997
3516;1972;5488
6762;5162;11924
5965;1837;7802
8973;1631;10604
9302;6871;16173
2895;3527;6422
6612;9705;16317
6566;1992;8558
3047;6043;9090
9719;7071;16790
8804;8486;17290
6300;3453;9753
1733;512;2245
6858;3026;9884
749;1456;2205
7178;1587;8765
3676;8472;12148
507;5300;5807
9829;3194;13023
1760;696;2456
1372;7179;8551
718;9516;10234
5075;9242;14317
7052;6577;13629
5177;8704;13881
3149;8830;11979
3727;9220;12947
160;3005;3165
6636;7846;14482
9402;1052;10454
457;3011;3468
6182;5693;11875
2968;9823;12791
3952;1;3953
7285;1193;8478
7707;2792;10499
6419;1908;8327
5659;8883;14542
9314;7027;16341
2386;6511;8897
4406;4905;9311
1145;367;1512
1065;2682;3747
7480;4426;11906
6057;6863;12920
321;4675;4996
1088;6229;7317
6264;5178;11442
938;5683;6621
9417;4296;13713
8047;1128;9175
1580;9178;10758
6800;7274;14074
333;4647;4980
9083;8151;17234
8863;8542;17405
6205;5357;11562
9918;5794;15712
1268;6056;7324
7096;6470;13566
9533;3806;13339
5136;660;5796
5225;990;6215
8810;2574;11384
3450;5240;8690
8634;882;9516
3042;1543;4585
6922;8926;15848
1598;4499;6097
8624;1811;10435
4842;5295;10137
1727;6883;8610
2805;938;3743
79;1865;1944
7152;1247;8399
7141;3883;11024
1700;120;1820
2263;8566;10829
3888;8483;12371
7953;9588;17541
9908;6446;16354
4729;7480;12209
4551;632;5183
858;3118;3976
4219;5351;9570
6582;346;6928
1555;2856;4411
5280;3780;9060
6345;2625;8970
819;6581;7400
1760;9459;11219
5873;854;6727
87;2750;2837
3033;2617;5650
3763;6492;10255
7812;4043;11855
1715;946;2661
6003;511;6514
9475;272;9747
1835;1623;3458
9025;2085;11110
1111;31;1142
8135;261;8396
5702;7116;12818
3689;3285;6974
4465;6317;10782
5062;3362;8424
2017;4003;6020
7690;8103;15793
9489;6767;16256
2916;434;3350
1071;7692;8763
8740;1441;10181
6618;3568;10186
6661;1952;8613
8148;6753;14901
3476;9131;12607
7870;4956;12826
2686;7921;10607
5567;3166;8733
9839;4635;14474
7638;6926;14564
2309;2056;4365
4785;9742;14527
2938;257;3195
4576;7758;12334
7604;4006;11610
7806;1622;9428
569;2283;2852
8481;3749;12230
5441;9948;15389
7483;7137;14620
4067;5292;9359
7102;9132;16234
3853;9300;13153
4692;1818;6510
1650;1863;3513
5591;9359;14950
6257;216;6473
4799;5641;10440
1664;4976;6640
9259;8616;17875
1893;6942;8835
7390;3369;10759
768;7238;8006
9023;4675;13698
250;8962;9212
9450;8481;17931
2360;9952;12312
2430;7941;10371
3373;4804;8177
1905;3035;4940
5481;4058;9539
9358;1572;10930
7781;9749;17530
222;5229;5451
4234;9328;13562
5490;1591;7081
1051;5908;6959
8949;9049;17998
6012;2116;8128
3967;1946;5913
9556;4152;13708
8695;1784;10479
7723;3659;11382
8699;9223;17922
3623;3332;6955
2545;6526;9071
5761;2721;8482
1297;6479;7776
6620;3300;9920
2299;8951;11250
6690;9580;16270
7621;2304;9925
1974;4115;6089
3921;9185;13106
4386;3463;7849
662;3818;4480
2089;4955;7044
495;2074;2569
2205;4296;6501
6312;2405;8717
18;1718;1736
4240;3569;7809
7807;4794;12601
3334;7945;11279
8507;7739;16246
3594;5693;9287
6514;2466;8980
1197;1162;2359
4952;1221;6173
6433;792;7225
8058;7195;15253
8970;8133;17103
5715;7198;12913
9058;414;9472
3758;8187;11945
1304;3702;5006
2861;9993;12854
1997;173;2170
570;1636;2206
5006;4934;9940
6358;7147;13505
6726;5753;12479
6622;3277;9899
8277;3037;11314
6074;6153;12227
2154;7705;9859
4250;4461;8711
6037;2919;8956
8128;1976;10104
1263;7654;8917
5966;4912;10878
7941;2464;10405
3671;1274;4945
7987;8953;16940
1811;2194;4005
7519;8301;15820
6494;8195;14689
8798;6784;15582
2024;1922;3946
4002;3505;7507
8392;5003;13395
2761;2244;5005
3875;7099;10974
9667;6272;15939
7862;9475;17337
7258;5768;13026
9215;2514;11729
4718;1435;6153
3844;9420;13264
9696;4292;13988
6848;2854;9702
3104;3895;6999
3625;6614;10239
5803;2491;8294
4048;4159;8207
1337;2383;3720
642;9293;9935
3966;370;4336
2694;9068;11762
3210;7711;10921
9322;6331;15653
9701;8859;18560
7801;2564;10365
258;6063;6321
7606;8771;16377
7766;7501;15267
2661;1360;4021
441;7145;7586
1867;6059;7926
8571;1075;9646
8457;607;9064
5725;6804;12529
7482;7419;14901
7708;8393;16101
4957;3419;8376
9790;9772;19562
6229;7937;14166
5582;5442;11024
3775;9641;13416
278;7046;7324
8985;9132;18117
8830;7135;15965
8728;1815;10543
5601;554;6155
2591;9374;11965
2306;8934;11240
7157;3772;10929
2864;405;3269
5950;7435;13385
3461;1848;5309
1614;1733;3347
6087;6086;12173
6026;3223;9249
4864;6905;11769
9551;6338;15889
9445;868;10313
6414;2018;8432
8370;232;8602
2699;8346;11045
1525;9926;11451
7158;5312;12470
1954;5009;6963
2520;7706;10226
8333;4219;12552
2221;3118;5339
9218;8678;17896
771;9905;10676
9775;3360;13135
4748;8131;12879
9964;5292;15256
7728;4096;11824
2821;9248;12069
1473;7009;8482
2894;4142;7036
7341;7577;14918
8356;9877;18233
1474;4307;5781
8685;1776;10461
2880;8144;11024
3074;564;3638
4889;2841;7730
8527;6413;14940
9867;1931;11798
4784;9490;14274
2717;4268;6985
5125;1559;6684
1219;1538;2757
452;693;1145
4135;586;4721
6025;2535;8560
1803;3326;5129
8731;1586;10317
619;2111;2730
1197;3416;4613
1628;3433;5061
8856;7468;16324
7591;4358;11949
5780;9114;14894
5341;4164;9505
5368;2029;7397
8874;945;9819
2190;4597;6787
5594;1896;7490
9028;2665;11693
4688;2594;7282
2766;5116;7882
1716;3872;5588
5786;4281;10067
1950;358;2308
2898;4559;7457
8280;2419;10699
7334;9690;17024
8958;4215;13173
1815;5492;7307
9527;773;10300
6813;5039;11852
4969;8752;13721
675;4788;5463
882;6599;7481
9309;7304;16613
2429;9380;11809
7524;2625;10149
9253;9222;18475
1827;993;2820
1648;895;2543
1696;957;2653
3673;1023;4696
4898;5425;10323
8686;3121;11807
9207;6047;15254
5851;4298;10149
8774;9726;18500
536;6721;7257
3120;4838;7958
1066;1188;2254
3567;2107;5674
4190;211;4401
3176;8357;11533
8974;9769;18743
9586;5892;15478
5038;5306;10344
2600;2315;4915
2881;3192;6073
8519;872;9391
4873;3721;8594
3434;2914;6348
6555;4872;11427
9925;1989;11914
6701;7642;14343
8936;9028;17964
1356;374;1730
6863;743;7606
2704;5382;8086
4758;1306;6064
8821;2558;11379
8635;3693;12328
3951;2875;6826
4149;4085;8234
9975;3432;13407
1871;4618;6489
9717;2308;12025
4121;6058;10179
8400;5980;14380
9115;3771;12886
5440;6076;11516
4956;6933;11889
2936;1187;4123
9438;9782;19220
7820;9712;17532
9987;3957;13944
6658;2272;8930
9497;3781;13278
7927;7627;15554
1124;507;1631
6044;1312;7356
2736;1419;4155
6526;3327;9853
1710;7746;9456
5316;2705;8021
3273;2750;6023
1357;4139;5496
4435;93;4528
1757;168;1925
4543;1417;5960
1392;1740;3132
4615;6622;11237
8185;5868;14053
5650;1836;7486
2961;2770;5731
2024;7647;9671
2499;6341;8840
375;465;840
2664;6322;8986
8218;1678;9896
3468;7439;10907
166;1855;2021
9656;8305;17961
6051;7031;13082
2839;3937;6776
1649;4571;6220
607;1390;1997
464;4564;5028
4592;8778;13370
9213;7719;16932
66;1057;1123
1460;9189;10649
8516;7711;16227
9526;9298;18824
8348;1501;9849
5404;9130;14534
2469;4054;6523
2268;3371;5639
9668;4090;13758
2751;6289;9040
12;7285;7297
3995;1434;5429
5635;3726;9361
1555;2512;4067
2701;6229;8930
3436;3658;7094
9691;2077;11768
1459;6204;7663
6628;7048;13676
5100;2616;7716
2676;4625;7301
8184;8170;16354
2140;6754;8894
2573;7535;10108
768;7246;8014
9478;4381;13859
9720;7948;17668
131;9297;9428
5585;2385;7970
314;4876;5190
5351;9582;14933
1256;5977;7233
8967;7681;16648
4047;3958;8005
4744;6477;11221
702;7811;8513
3286;842;4128
5807;7375;13182
5965;8490;14455
1694;6707;8401
3944;34;3978
4176;5374;9550
4373;3826;8199
2429;9343;11772
5530;695;6225
898;5414;6312
8330;5156;13486
855;9613;10468
9351;5510;14861
2031;3755;5786
3307;5460;8767
2403;583;2986
2569;4305;6874
7536;4378;11914
5218;4994;10212
6346;7496;13842
8142;6797;14939
6567;1849;8416
4315;4287;8602
1033;6305;7338
3689;6839;10528
2586;6366;8952
8283;3478;11761
290;9783;10073
5103;5537;10640
786;4876;5662
3052;3035;6087
1359;2407;3766
5690;4314;10004
2923;4867;7790
3435;3861;7296
4991;2235;7226
635;3496;4131
2113;699;2812
4800;9597;14397
2465;3439;5904
836;9926;10762
6380;564;6944
7010;6516;13526
9677;8546;18223
7614;6888;14502
1505;6323;7828
9611;1447;11058
4813;7793;12606
2069;1887;3956
4933;4183;9116
4328;7882;12210
7615;8836;16451
6889;8005;14894
574;9926;10500
208;5102;5310
8554;9847;18401
8689;6883;15572
1526;2071;3597
6390;1663;8053
7756;6141;13897
8234;1218;9452
9573;5796;15369
742;5862;6604
6058;1044;7102
9440;4344;13784
1012;3311;4323
6635;7991;14626
6352;9418;15770
1428;547;1975
2315;2690;5005
6835;8549;15384
6135;3120;9255
8745;3929;12674
1607;8144;9751
4407;1948;6355
210;681;891
3298;8755;12053
627;3564;4191
7911;9735;17646
6716;9851;16567
9689;49;9738
6211;9944;16155
449;8427;8876
3015;3726;6741
7181;3565;10746
622;5383;6005
9879;5658;15537
4175;619;4794
1145;3793;4938
9911;9321;19232
1105;5323;6428
363;8503;8866
1212;7660;8872
8179;8603;16782
2341;3701;6042
4306;2302;6608
2338;751;3089
1601;1887;3488
9065;1116;10181
8164;1029;9193
4900;9635;14535
5773;1484;7257
3903;1544;5447
3660;3559;7219
6970;8575;15545
1668;6770;8438
7217;3053;10270
9294;3010;12304
1127;2558;3685
9494;5854;15348
8921;9901;18822
3581;2569;6150
2102;5397;7499
3428;1574;5002
2086;2198;4284
1295;5274;6569
5653;4180;9833
9066;8569;17635
2772;2596;5368
6670;4297;10967
3618;8398;12016
7865;4976;12841
9193;3202;12395
7207;9498;16705
9046;6660;15706
89;567;656
8968;5837;14805
7652;6098;13750
2577;2825;5402
3194;5069;8263
1271;7348;8619
1911;6555;8466
1580;5316;6896
3650;5209;8859
8119;4409;12528
5183;4211;9394
5161;3510;8671
8822;366;9188
8240;155;8395
893;1679;2572
6481;8556;15037
848;1707;2555
1551;1698;3249
1433;3317;4750
352;8262;8614
1361;4984;6345
9525;643;10168
334;4492;4826
6079;6866;12945
575;3567;4142
6195;6027;12222
1066;4166;5232
446;2950;3396
6536;1533;8069
3860;8427;12287
3454;5949;9403
2455;1111;3566
1632;868;2500
592;1526;2118
8312;1608;9920
576;6753;7329
7505;5848;13353
9201;3470;12671
4055;4053;8108
9962;327;10289
560;5874;6434
1619;9640;11259
162;3155;3317
4916;5841;10757
2609;5943;8552
4308;9984;14292
9853;6217;16070
2118;1890;4008
5200;6082;11282
156;5154;5310
1777;1656;3433
8066;4492;12558
8041;7136;15177
3583;5697;9280
2739;8856;11595
1122;1732;2854
2590;6590;9180
3223;2172;5395
4184;1750;5934
7830;1990;9820
4864;7411;12275
6095;2605;8700
9108;5734;14842
6658;9351;16009
3780;683;4463
8159;8701;16860
8630;5575;14205
2379;9215;11594
7010;8416;15426
8968;6027;14995
2434;7764;10198
7454;5328;12782
5602;8530;14132
5061;755;5816
7571;1237;8808
8515;2695;11210
1918;1230;3148
8198;5199;13397
5145;6778;11923
4928;6123;11051
4684;4230;8914
876;8268;9144
1983;7572;9555
8462;5565;14027
3975;7079;11054
857;7243;8100
9264;7243;16507
3377;8003;11380
4222;9032;13254
8955;3033;11988
953;5617;6570
1645;9576;11221
3807;636;4443
8747;5856;14603
9647;8839;18486
3194;3053;6247
2595;7071;9666
7631;1939;9570
5029;145;5174
4115;3691;7806
707;7721;8428
2312;8387;10699
1289;7176;8465
9771;3819;13590
4573;5167;9740
5459;9448;14907
9610;5337;14947
7307;6754;14061
979;5882;6861
8566;1101;9667
4936;2841;7777
5462;8813;14275
1782;5050;6832
1164;8780;9944
6625;291;6916
6679;2511;9190
3546;4763;8309
2152;197;2349
9106;5713;14819
2585;1249;3834
1344;5992;7336
4467;5387;9854
6930;7294;14224
74;2894;2968
790;4734;5524
8706;5336;14042
4802;1535;6337
5534;7821;13355
6730;9508;16238
2818;9934;12752
8785;627;9412
8579;578;9157
9515;114;9629
9872;4419;14291
1232;3600;4832
1873;369;2242
7189;6985;14174
6744;5;6749
2448;3490;5938
84;334;418
6578;4641;11219
6614;7741;14355
6092;3394;9486
7042;9704;16746
3201;5324;8525
2339;3394;5733
2419;937;3356
9561;5901;15462
1228;6718;7946
1373;4597;5970
9290;6854;16144
9762;37;9799
6561;2921;9482
6103;6402;12505
675;867;1542
8241;2674;10915
1676;7273;8949
2548;2111;4659
3397;6767;10164
3601;3415;7016
6159;3059;9218
5831;1936;7767
3661;1118;4779
468;9335;9803
9816;9811;19627
5422;9914;15336
6809;8082;14891
5551;2076;7627
1768;1392;3160
7736;9205;16941
2084;6219;8303
8802;5729;14531
3642;5279;8921
9825;2200;12025
7729;2735;10464
9718;7293;17011
442;1501;1943
1381;7178;8559
9078;6850;15928
662;5673;6335
2951;693;3644
7764;6848;14612
984;9560;10544
7416;1822;9238
7096;1443;8539
8591;3066;11657
8124;1571;9695
3536;1852;5388
1462;7311;8773
1150;5621;6771
1642;8166;9808
8940;3559;12499
1920;3631;5551
3556;4951;8507
6173;9948;16121
4680;1514;6194
1658;425;2083
9700;4018;13718
5348;1908;7256
3721;5710;9431
7804;6575;14379
1353;6826;8179
1115;7066;8181
5446;8443;13889
8996;9863;18859
8931;4107;13038
9691;3881;13572
5915;941;6856
8205;8047;16252
4602;8735;13337
9652;5992;15644
9673;9047;18720
5520;4585;10105
3824;5119;8943
3806;5065;8871
6344;2125;8469
9043;1806;10849
5397;7555;12952
2162;2118;4280
7741;2332;10073
3931;6357;10288
514;8507;9021
8782;2072;10854
1294;6969;8263
2346;13;2359
2434;8120;10554
2770;8883;11653
1048;9129;10177
6752;2295;9047
1805;7360;9165
4851;5467;10318
15;6382;6397
8661;9845;18506
519;6791;7310
5249;6913;12162
993;1961;2954
223;4647;4870
2453;435;2888
5580;3750;9330
6629;2433;9062
8681;4797;13478
9257;7087;16344
2804;5808;8612
3676;5303;8979
6355;4614;10969
9763;1225;10988
3411;8829;12240
6074;2832;8906
8510;922;9432
7218;2626;9844
8149;5624;13773
4093;750;4843
4005;6453;10458
2441;1412;3853
4931;1645;6576
5604;5558;11162
291;7950;8241
8509;6679;15188
4556;8233;12789
9100;7696;16796
1814;1111;2925
5865;1093;6958
3222;4179;7401
5488;434;5922
3242;6614;9856
1953;6746;8699
8874;1320;10194
8917;4111;13028
6005;5315;11320
7775;2608;10383
4934;9962;14896
5697;5462;11159
4061;8211;12272
3516;7394;10910
2369;3694;6063
1113;6224;7337
4611;6132;10743
2844;7829;10673
855;2029;2884
1312;8615;9927
9231;775;10006
4341;5373;9714
2274;4314;6588
9130;6919;16049
4589;7808;12397
9500;4519;14019
7666;5743;13409
5849;6934;12783
6789;3592;10381
8371;2824;11195
143;912;1055
9240;3268;12508
8111;9285;17396
2664;2083;4747
8402;4769;13171
5176;6174;11350
5652;3302;8954
4545;276;4821
3796;6971;10767
1772;5901;7673
4094;10;4104
2296;4533;6829
647;1884;2531
196;3496;3692
8133;1293;9426
9524;7207;16731
724;4643;5367
8860;3552;12412
5717;338;6055
5258;2696;7954
3093;6902;9995
8971;3434;12405
1873;7301;9174
4850;6840;11690
7703;7775;15478
970;2911;3881
3707;582;4289
1980;7900;9880
3105;6073;9178
3123;4069;7192
1260;8175;9435
305;6024;6329
9861;9885;19746
9897;6935;16832
548;8833;9381
5225;3972;9197
1339;6000;7339
4583;7588;12171
8063;9385;17448
3164;806;3970
3192;7724;10916
4259;3574;7833
1136;3126;4262
1412;6869;8281
7495;6307;13802
6879;460;7339
2337;897;3234
7505;3012;10517
9256;9078;18334
1757;6359;8116
5335;4861;10196
5216;8237;13453
7520;3954;11474
4635;9804;14439
6905;9095;16000
1859;3461;5320
6210;974;7184
9025;1939;10964
9828;8707;18535
5954;4839;10793
5203;7259;12462
1282;7981;9263
6805;6575;13380
4329;6257;10586
3059;2583;5642
4225;7739;11964
974;7115;8089
4761;4189;8950
4133;7735;11868
5048;4526;9574
6387;5534;11921
4614;5619;10233
5889;6366;12255
6081;6006;12087
5278;9203;14481
520;4179;4699
7597;4381;11978
2139;2814;4953
5907;8604;14511
8911;7709;16620
6231;755;6986
1813;762;2575
3004;6613;9617
4398;3741;8139
6178;263;6441
9836;227;10063
6993;3249;10242
3687;5148;8835
9488;9700;19188
2138;1023;3161
7794;2296;10090
4824;3993;8817
9925;2039;11964
5161;2026;7187
9395;8072;17467
8982;5332;14314
1957;7914;9871
5528;847;6375
909;7568;8477
6804;5719;12523
3305;1775;5080
6760;6894;13654
5858;6887;12745
4786;4606;9392
8576;6839;15415
5812;7765;13577
7565;9184;16749
5128;8537;13665
3064;875;3939
8990;7919;16909
2708;9224;11932
5670;7643;13313
4078;6102;10180
5193;9013;14206
4099;9188;13287
3539;243;3782
7613;8500;16113
8332;4973;13305
5695;6594;12289
9236;3790;13026
8181;5570;13751
1277;6951;8228
2390;2064;4454
7948;1354;9302
6577;2124;8701
4219;4364;8583
4290;767;5057
5014;5261;10275
3896;4992;8888
1260;3532;4792
5166;4578;9744
4542;1866;6408
2926;4187;7113
525;4448;4973
9944;6902;16846
7800;1493;9293
8284;8966;17250
9194;5204;14398
9711;9165;18876
4542;8362;12904
8577;5932;14509
422;695;1117
7093;4894;11987
4336;2963;7299
413;685;1098
8822;8543;17365
3883;4564;8447
8540;4808;13348
6569;1346;7915
4702;9626;14328
7305;2640;9945
2172;9940;12112
9041;9626;18667
8757;3860;12617
6015;9348;15363
1433;8476;9909
893;2641;3534
2875;9170;12045
789;6878;7667
7423;392;7815
1858;2485;4343
745;827;1572
221;1517;1738
6931;6611;13542
6006;6713;12719
934;3100;4034
4429;5631;10060
9197;8333;17530
1562;4312;5874
9151;808;9959
5714;1771;7485
2126;189;2315
898;73;971
875;8034;8909
5678;330;6008
1913;1327;3240
9970;3831;13801
9140;1932;11072
5284;5118;10402
642;1001;1643
4910;7044;11954
5806;7237;13043
9190;8843;18033
8987;1044;10031
500;3022;3522
7185;4223;11408
6741;3893;10634
1341;6559;7900
4061;657;4718
3235;8734;11969
101;4222;4323
3808;142;3950
6383;5048;11431
2177;4329;6506
2298;2081;4379
9980;7618;17598
2103;7074;9177
5720;4263;9983
7704;2590;10294
7075;7321;14396
325;4137;4462
7025;2664;9689
2109;4205;6314
7161;768;7929
8963;4141;13104
6829;5869;12698
2861;5436;8297
3597;8723;12320
4776;9654;14430
1367;3916;5283
5511;2704;8215
1657;9254;10911
24;235;259
4259;8807;13066
8225;9987;18212
2714;6821;9535
3530;235;3765
4258;528;4786
6273;4567;10840
3966;9063;13029
3496;8370;11866
9125;8472;17597
306;432;738
3881;2764;6645
6354;6438;12792
1793;7719;9512
7110;7113;14223
449;7935;8384
2418;5050;7468
3511;8917;12428
614;7697;8311
1795;1062;2857
7294;3934;11228
4864;2116;6980
2784;2692;5476
8580;6441;15021
5733;7855;13588
2828;8052;10880
41;5144;5185
6167;3910;10077
6223;9636;15859
6468;1491;7959
7735;6275;14010
8271;3272;11543
5136;8967;14103
9686;9998;19684
964;2081;3045
341;9855;10196
8716;8557;17273
451;9863;10314
8984;7261;16245
5958;3962;9920
5955;4420;10375
3647;7286;10933
2926;1628;4554
8441;8833;17274
2511;6971;9482
6568;3868;10436
2991;9798;12789
2750;676;3426
8617;2658;11275
7481;6206;13687
4593;2181;6774
6786;619;7405
5325;2137;7462
8890;4366;13256
4137;7335;11472
5515;7643;13158
2622;2397;5019
2004;9658;11662
7987;3383;11370
9355;983;10338
4825;4832;9657
7710;9307;17017
2108;2062;4170
7534;1111;8645
1562;3972;5534
4031;9786;13817
4875;2141;7016
9693;9252;18945
2227;5713;7940
746;2240;2986
5284;5055;10339
7604;5297;12901
7587;2757;10344
4012;1867;5879
4333;3357;7690
5607;7920;13527
950;8907;9857
4734;9021;13755
5888;3200;9088
8084;8785;16869
9280;648;9928
1117;4373;5490
6001;1772;7773
9424;3284;12708
2130;4873;7003
853;2041;2894
691;8951;9642
6957;2057;9014
8221;2051;10272
605;5292;5897
4274;6302;10576
1634;8047;9681
1681;5637;7318
8631;5122;13753
1675;6363;8038
2396;3883;6279
5692;210;5902
9053;9481;18534
4679;6400;11079
3632;6825;10457
1636;2048;3684
7050;4082;11132
9204;741;9945
6781;2046;8827
9897;9934;19831
3009;3496;6505
8809;5086;13895
459;2799;3258
483;4525;5008
7769;8519;16288
3386;9821;13207
9566;9373;18939
971;6863;7834
3044;358;3402
6120;8098;14218
7768;4077;11845
7314;175;7489
8337;7504;15841
4810;1355;6165
5869;9003;14872
3373;5920;9293
213;2597;2810
1223;3035;4258
782;2396;3178
8002;3131;11133
8407;6394;14801
197;319;516
7638;3447;11085
1317;8448;9765
8703;3862;12565
9012;1651;10663
7721;8504;16225
1766;7237;9003
5583;9641;15224
2464;8886;11350
9898;7899;17797
6554;5734;12288
260;2928;3188
2122;2009;4131
7108;7130;14238
6413;659;7072
1569;3933;5502
3943;6915;10858
7802;2333;10135
8413;9945;18358
3339;3359;6698
4059;95;4154
1937;4117;6054
8218;6181;14399
2337;4767;7104
1811;9327;11138
3126;7808;10934
303;8655;8958
4709;5918;10627
231;7729;7960
7198;2263;9461
8499;4803;13302
1313;1047;2360
2055;7252;9307
978;6965;7943
6509;3633;10142
2226;7931;10157
6474;1397;7871
417;4328;4745
5112;6092;11204
7823;3000;10823
3474;3911;7385
4699;6934;11633
3301;5977;9278
5746;7344;13090
2009;6814;8823
9868;8725;18593
258;8851;9109
9006;412;9418
856;7835;8691
2590;7838;10428
9369;4725;14094
8549;1316;9865
6642;1684;8326
354;5199;5553
7908;8602;16510
4841;8740;13581
7512;5245;12757
9194;4285;13479
6920;7423;14343
6839;1876;8715
6609;1786;8395
9365;958;10323
1497;9537;11034
9714;6914;16628
814;7135;7949
6425;4066;10491
6937;4292;11229
2037;5847;7884
8592;3951;12543
7151;864;8015
2231;5057;7288
8852;8908;17760
6881;7714;14595
187;2551;2738
2720;5485;8205
2432;5890;8322
8394;5207;13601
2784;1705;4489
4409;100;4509
5366;3955;9321
6203;3706;9909
2790;3875;6665
8420;113;8533
4183;1530;5713
3787;2583;6370
746;8500;9246
9786;4001;13787
7284;4522;11806
2926;2016;4942
6543;3351;9894
1332;6005;7337
2794;7483;10277
526;3626;4152
2352;1951;4303
4880;8505;13385
341;5172;5513
1619;9575;11194
2611;3570;6181
1368;3633;5001
2227;7514;9741
9653;2960;12613
2183;2084;4267
5457;1245;6702
8348;2534;10882
4032;1030;5062
9489;2054;11543
9005;3342;12347
7355;8530;15885
4377;2480;6857
186;2527;2713
1008;6578;7586
4306;9416;13722
553;3158;3711
3513;1753;5266
7562;4084;11646
514;7102;7616
576;3003;3579
6246;604;6850
7701;206;7907
1458;9536;10994
6777;179;6956
5157;5372;10529
5856;3376;9232
7713;9854;17567
7101;3902;11003
2140;6717;8857
1307;143;1450
7665;9379;17044
7243;716;7959
8662;1515;10177
6144;8555;14699
8186;460;8646
5869;9650;15519
2962;1808;4770
9691;504;10195
4371;3032;7403
8799;8078;16877
7029;3619;10648
4930;1479;6409
8037;2868;10905
3978;888;4866
6389;411;6800
8861;6600;15461
352;836;1188
8660;1315;9975
5185;1705;6890
3058;6298;9356
1941;8201;10142
7604;273;7877
949;6717;7666
789;7406;8195
6858;2386;9244
1012;917;1929
4256;1013;5269
5025;686;5711
583;1283;1866
2103;9265;11368
8227;5682;13909
704;713;1417
7136;7718;14854
8969;6429;15398
8396;3468;11864
2388;6003;8391
8088;8067;16155
147;9644;9791
427;2647;3074
7980;1504;9484
290;546;836
5454;662;6116
6952;8857;15809
1585;9944;11529
284;2094;2378
8814;4655;13469
1520;9663;11183
5506;3085;8591
5063;4273;9336
1288;4744;6032
775;7436;8211
1440;4825;6265
2340;6285;8625
9467;4567;14034
4809;7510;12319
4341;2809;7150
9522;6224;15746
9102;6902;16004
9389;8204;17593
8512;3055;11567
3149;6604;9753
3990;7706;11696
8029;1025;9054
4180;3199;7379
1981;9754;11735
9279;9598;18877
5224;821;6045
1142;6359;7501
1631;6834;8465
2961;4662;7623
9662;823;10485
1663;2020;3683
936;8859;9795
4954;2754;7708
8914;5325;14239
247;799;1046
3208;7591;10799
5049;8855;13904
1202;1714;2916
3448;4350;7798
9183;9108;18291
8174;7261;15435
676;6349;7025
9527;7327;16854
3796;6814;10610
6076;8623;14699
8923;4516;13439
311;7272;7583
4742;984;5726
3730;1264;4994
7556;6657;14213
5151;4749;9900
5139;533;5672
7620;1865;9485
3285;6348;9633
1359;9454;10813
3377;7793;11170
6413;2105;8518
1021;3779;4800
6658;2591;9249
4047;1547;5594
3916;9105;13021
4467;1718;6185
4336;4935;9271
3511;1371;4882
7657;6220;13877
562;3191;3753
3814;4345;8159
1349;9977;11326
9559;4738;14297
4254;5328;9582
5180;5034;10214
3469;6908;10377
3207;3193;6400
22;7701;7723
2103;2894;4997
3846;3706;7552
4579;9303;13882
560;5454;6014
4576;8584;13160
9263;8313;17576
7792;4878;12670
7705;4951;12656
7322;6849;14171
6023;4555;10578
4930;7547;12477
6543;193;6736
2823;8528;11351
4218;4865;9083
6136;8538;14674
5801;2343;8144
6444;3731;10175
1621;6553;8174
8763;3114;11877
8127;7384;15511
7756;2255;10011
4098;3155;7253
4430;6960;11390
6654;2363;9017
9646;6540;16186
3765;2145;5910
5927;884;6811
2999;7422;10421
106;8669;8775
4178;51;4229
7949;9796;17745
7195;2889;10084
959;5458;6417
4819;4704;9523
4624;3726;8350
9019;6647;15666
9439;1156;10595
5742;5563;11305
2589;6222;8811
3752;320;4072
9309;6460;15769
3147;3812;6959
6777;7810;14587
7363;302;7665
2059;6087;8146
7177;4655;11832
742;7135;7877
2533;9395;11928
3524;6265;9789
5505;7934;13439
8746;8287;17033
6016;8982;14998
6298;1188;7486
6697;9833;16530
6393;9377;15770
4363;8298;12661
3666;6975;10641
3353;9546;12899
7799;2921;10720
2395;6579;8974
7026;8179;15205
1955;2541;4496
7341;5706;13047
1909;2933;4842
3206;2422;5628
9941;9156;19097
1549;1574;3123
2168;8834;11002
1011;3293;4304
3404;1689;5093
7419;8719;16138
7813;5208;13021
9244;4556;13800
1908;973;2881
3114;40;3154
5592;1943;7535
9290;1202;10492
5811;4771;10582
1432;4262;5694
7223;7109;14332
351;1447;1798
2232;5851;8083
6727;7906;14633
6092;5497;11589
4443;2874;7317
6619;2521;9140
2864;2212;5076
2903;8333;11236
6265;1305;7570
5404;6827;12231
351;2793;3144
2642;1001;3643
898;2562;3460
384;3402;3786
8691;5135;13826
8382;6582;14964
7437;1599;9036
9574;734;10308
9499;217;9716
1711;3558;5269
1655;5222;6877
9354;1979;11333
7119;2027;9146
1592;4418;6010
2615;9508;12123
9251;2383;11634
7529;6646;14175
746;795;1541
7499;1027;8526
9166;5799;14965
1070;3429;4499
5959;1799;7758
8361;7521;15882
5298;6593;11891
2103;6471;8574
7902;8344;16246
9650;4844;14494
379;8312;8691
2190;3594;5784
3142;1037;4179
9504;8135;17639
505;980;1485
3749;3615;7364
5300;7502;12802
9336;6778;16114
6239;9910;16149
5715;5524;11239
3941;3660;7601
5112;6741;11853
8945;6568;15513
2669;4912;7581
1003;1329;2332
2822;5114;7936
6107;4982;11089
4743;5463;10206
7563;2215;9778
151;2247;2398
2724;2032;4756
1909;2607;4516
8404;9658;18062
6860;1375;8235
3881;1629;5510
1812;3496;5308
7918;8911;16829
994;5109;6103
335;2009;2344
8302;1515;9817
5924;5074;10998
5699;8674;14373
4688;776;5464
9385;6846;16231
5979;6625;12604
9146;6329;15475
148;1341;1489
6899;1826;8725
4035;9830;13865
1901;6748;8649
233;5007;5240
5245;8418;13663
2418;5730;8148
6026;1188;7214
6637;9032;15669
9396;3693;13089
4858;4857;9715
263;7180;7443
6466;6988;13454
8047;4378;12425
3946;5130;9076
2812;6628;9440
6515;7198;13713
5792;286;6078
4194;7746;11940
4844;1149;5993
9627;9717;19344
8456;725;9181
6326;5632;11958
3960;780;4740
9104;2199;11303
396;2400;2796
3987;656;4643
4916;6712;11628
7439;5117;12556
3208;2860;6068
5567;5851;11418
2351;2587;4938
2469;2443;4912
557;4114;4671
2812;5865;8677
3696;1156;4852
9325;9745;19070
7561;2930;10491
4342;7162;11504
4517;7011;11528
7281;4796;12077
8350;9214;17564
939;6676;7615
1341;9537;10878
9605;1106;10711
3443;6757;10200
2431;5334;7765
8543;9704;18247
2737;9690;12427
8301;5384;13685
94;4683;4777
5742;444;6186
212;3768;3980
3092;4656;7748
6431;8568;14999
9293;873;10166
7249;9698;16947
2570;9656;12226
8911;115;9026
2952;1005;3957
6853;6383;13236
8059;2973;11032
4323;7405;11728
7714;3396;11110
6542;3142;9684
9384;6817;16201
7093;4352;11445
7266;8786;16052
4342;2040;6382
9389;8916;18305
9950;5209;15159
9568;9745;19313
4578;7434;12012
8302;6531;14833
539;6925;7464
8160;9158;17318
1634;4352;5986
9946;4860;14806
7924;4561;12485
8911;3554;12465
5565;9922;15487
7705;8341;16046
4407;8137;12544
1310;9241;10551
5529;9817;15346
7378;5849;13227
8476;1555;10031
2622;4839;7461
6616;9216;15832
6870;2660;9530
138;3458;3596
4754;9873;14627
8654;6654;15308
6035;8582;14617
4863;4180;9043
2143;5621;7764
1246;5651;6897
4606;5202;9808
9207;3148;12355
932;9409;10341
6127;192;6319
6274;1020;7294
7952;2134;10086
2646;9954;12600
5871;4398;10269
7941;4462;12403
8489;9477;17966
640;9175;9815
441;6579;7020
2361;9131;11492
3783;5162;8945
1645;8259;9904
7770;3566;11336
5163;2976;8139
3789;2191;5980
7115;6211;13326
5727;1498;7225
94;1451;1545
8684;9428;18112
1794;9822;11616
8236;331;8567
92;8470;8562
9284;9759;19043
1887;6015;7902
9492;1540;11032
1925;9273;11198
8703;3813;12516
5937;2054;7991
312;3129;3441
3937;41;3978
8823;1257;10080
7352;2858;10210
605;9661;10266
5652;8328;13980
7076;5285;12361
4158;4815;8973
9343;4499;13842
9597;5370;14967
8365;8485;16850
3153;1786;4939
3265;6365;9630
6244;7311;13555
5626;8048;13674
8165;4060;12225
5;8408;8413
5181;7356;12537
3018;9221;12239
713;5358;6071
2217;4704;6921
1927;7611;9538
4413;5046;9459
5929;223;6152
8877;8399;17276
8971;7140;16111
7611;2139;9750
2195;8024;10219
1606;5564;7170
8324;5040;13364
2764;1937;4701
8579;9864;18443
6038;8764;14802
4350;2408;6758
8825;1268;10093
2144;6368;8512
5599;7362;12961
8741;9004;17745
5004;7539;12543
519;3303;3822
1150;2106;3256
6075;4462;10537
6314;9291;15605
9674;9729;19403
1270;5660;6930
8921;5672;14593
2907;522;3429
7175;3253;10428
3999;3;4002
6713;6318;13031
5834;562;6396
4648;1998;6646
7452;4080;11532
9134;4493;13627
1604;9772;11376
4792;107;4899
8884;8735;17619
8699;9557;18256
4736;3931;8667
2970;2823;5793
553;3828;4381
4355;7686;12041
8848;6584;15432
3767;1793;5560
7404;7852;15256
9361;4986;14347
7098;799;7897
8228;9580;17808
2932;596;3528
6996;4275;11271
8825;6269;15094
2360;6173;8533
8337;1062;9399
2514;3338;5852
6486;5355;11841
9491;7471;16962
4660;9872;14532
2970;813;3783
6622;2371;8993
5257;3615;8872
1686;7834;9520
773;9291;10064
342;5389;5731
9589;3089;12678
5671;2234;7905
4138;1357;5495
949;8269;9218
2599;9990;12589
569;1304;1873
3585;4945;8530
6064;4017;10081
4387;4183;8570
4292;5204;9496
7329;6902;14231
7571;3223;10794
8865;2425;11290
1903;9521;11424
5036;1351;6387
5863;6085;11948
4993;1199;6192
6981;1343;8324
34;8757;8791
2348;3864;6212
6672;9086;15758
3948;8141;12089
8614;7129;15743
1814;8823;10637
8523;9729;18252
8507;1474;9981
2571;52;2623
3822;5363;9185
4289;2982;7271
9764;3906;13670
5728;3126;8854
8346;4766;13112
3632;2781;6413
5961;7601;13562
168;4209;4377
2644;732;3376
5157;9265;14422
7839;9738;17577
2906;610;3516
2232;461;2693
6844;7316;14160
1335;8716;10051
9080;2207;11287
5161;2895;8056
5169;5235;10404
4280;6790;11070
925;5003;5928
6466;2365;8831
7781;218;7999
909;3566;4475
6061;1498;7559
7269;5415;12684
3106;198;3304
7685;9124;16809
7894;1764;9658
4636;3008;7644
2794;4580;7374
8192;8729;16921
5070;1102;6172
7804;4550;12354
8418;4363;12781
9365;892;10257
8258;6997;15255
7962;6019;13981
8667;4083;12750
5385;9082;14467
5611;2879;8490
8211;7299;15510
5144;5005;10149
9655;2167;11822
8337;2380;10717
9733;8530;18263
5985;8023;14008
5934;5788;11722
5127;3628;8755
9481;9966;19447
3637;381;4018
9505;5905;15410
6768;7091;13859
8990;6581;15571
8190;2626;10816
5954;8214;14168
176;5605;5781
2675;9557;12232
7296;1396;8692
1714;9763;11477
9971;5740;15711
2132;8268;10400
7666;3296;10962
5977;9096;15073
1477;1669;3146
1095;9329;10424
4753;849;5602
8149;9889;18038
2921;5355;8276
2635;3932;6567
2650;2384;5034
2863;3474;6337
1550;5557;7107
2564;8414;10978
5366;945;6311
2090;565;2655
5922;1363;7285
9793;2812;12605
2820;2688;5508
8656;7071;15727
7565;411;7976
5287;5410;10697
1762;9489;11251
6352;9827;16179
5134;6065;11199
9683;5855;15538
6356;6230;12586
8248;618;8866
2761;3480;6241
3482;1668;5150
8268;825;9093
7287;1020;8307
7314;7409;14723
2880;7370;10250
1365;8579;9944
9332;5425;14757
7464;98;7562
8430;1743;10173
8632;8166;16798
4926;9045;13971
28;2726;2754
4392;9814;14206
1372;7959;9331
9147;610;9757
1927;4113;6040
440;2603;3043
920;5497;6417
1170;2248;3418
7087;2266;9353
692;8298;8990
8600;9676;18276
5216;4143;9359
5920;1582;7502
6523;9722;16245
9838;8524;18362
4833;9869;14702
1640;1362;3002
9334;7047;16381
4393;2127;6520
8452;7297;15749
7084;9073;16157
2407;8910;11317
2473;5483;7956
4693;4770;9463
1274;8544;9818
7428;6890;14318
3705;5194;8899
1048;1586;2634
9859;5100;14959
5729;5884;11613
7533;6436;13969
8687;9272;17959
5300;4145;9445
9551;3454;13005
746;5307;6053
2181;6898;9079
6215;7169;13384
2670;696;3366
2903;3893;6796
2844;1468;4312
7372;5264;12636
4110;8981;13091
723;9116;9839
4278;697;4975
9334;7946;17280
2075;3387;5462
3545;9839;13384
662;7425;8087
1163;3739;4902
3951;4933;8884
33;7373;7406
5929;188;6117
1035;1518;2553
3901;7992;11893
3285;316;3601
5570;5319;10889
3893;7545;11438
9484;9706;19190
5503;4389;9892
3593;5274;8867
868;3881;4749
8247;4378;12625
7903;2475;10378
4356;3470;7826
3003;8067;11070
2310;3992;6302
5555;3106;8661
1120;1727;2847
7386;7419;14805
9285;8667;17952
4029;2337;6366
1724;5251;6975
5825;895;6720
3647;3282;6929
4395;4714;9109
6207;9193;15400
3715;779;4494
4772;6213;10985
250;6320;6570
3018;3091;6109
6258;1847;8105
9202;2487;11689
6378;7224;13602
7716;9611;17327
4456;3676;8132
2998;2610;5608
5566;9633;15199
7847;6259;14106
9107;2381;11488
5080;3508;8588
4274;7951;12225
982;1241;2223
4000;9666;13666
4917;8340;13257
4497;3792;8289
495;8093;8588
623;5504;6127
7274;2596;9870
8857;1791;10648
4575;4168;8743
8724;860;9584
93;8365;8458
9590;2328;11918
9660;5379;15039
7627;6649;14276
3255;8117;11372
4648;8926;13574
8821;5453;14274
4003;4105;8108
4545;7110;11655
2478;2684;5162
1235;9259;10494
7162;6637;13799
3260;4889;8149
8058;9348;17406
478;7432;7910
8622;4842;13464
5285;4601;9886
5914;2896;8810
9691;7557;17248
9261;9995;19256
7087;4601;11688
575;8181;8756
8979;9496;18475
846;8775;9621
2860;2399;5259
843;350;1193
2874;7038;9912
4813;8374;13187
9318;7645;16963
1575;9904;11479
8094;5909;14003
1390;6124;7514
5198;9207;14405
9472;5096;14568
7121;3697;10818
1918;7390;9308
8743;7940;16683
1833;8002;9835
145;860;1005
9490;6602;16092
2433;361;2794
7739;8989;16728
1633;6954;8587
2637;2987;5624
5944;1433;7377
5681;3842;9523
3882;4775;8657
2664;5224;7888
3968;8958;12926
7711;9138;16849
848;1881;2729
1979;8829;10808
500;6325;6825
2967;6574;9541
9136;6222;15358
7851;9074;16925
197;293;490
230;4559;4789
7621;2678;10299
9137;8191;17328
5244;4618;9862
2454;3829;6283
2737;7053;9790
2034;6239;8273
8240;9906;18146
4408;3563;7971
4301;6057;10358
4721;498;5219
3227;7197;10424
1324;277;1601
3565;3137;6702
3474;6992;10466
7763;5033;12796
978;5602;6580
5712;5671;11383
5395;5938;11333
9513;6414;15927
6502;4276;10778
7770;7059;14829
3816;5881;9697
3788;5339;9127
4431;2361;6792
8959;5555;14514
1867;1069;2936
2359;9184;11543
5346;8091;13437
4040;6652;10692
9610;9984;19594
1136;5385;6521
7021;1066;8087
4488;5524;10012
4384;3523;7907
2255;7938;10193
4385;6803;11188
306;5529;5835
4741;795;5536
7786;1293;9079
8526;6726;15252
6839;9444;16283
7150;2188;9338
8799;2484;11283
7108;2589;9697
3477;1091;4568
9209;8157;17366
8298;4951;13249
2764;1960;4724
1837;5925;7762
849;2554;3403
426;6290;6716
6637;4246;10883
2147;3594;5741
1618;6311;7929
6427;6560;12987
1690;9895;11585
2764;8246;11010
8378;1063;9441
5726;2824;8550
9765;5892;15657
2857;1074;3931
9725;8833;18558
832;2012;2844
5533;4269;9802
5961;6753;12714
6405;9905;16310
9528;128;9656
154;1194;1348
9070;2652;11722
2076;7482;9558
308;1872;2180
5294;5406;10700
7844;3592;11436
5758;959;6717
2590;2103;4693
8202;5937;14139
3439;8092;11531
676;2122;2798
3842;948;4790
322;781;1103
1411;1507;2918
1183;9729;10912
6473;6794;13267
3677;9893;13570
2426;2026;4452
8150;1587;9737
7199;4698;11897
3460;6757;10217
9285;5138;14423
5717;5543;11260
6607;8089;14696
7199;5809;13008
6282;9005;15287
5485;4370;9855
8512;5923;14435
9287;5977;15264
4090;2267;6357
642;7521;8163
9471;3125;12596
8924;365;9289
8106;202;8308
9443;8529;17972
7008;8534;15542
55;7920;7975
4503;5865;10368
6891;2654;9545
7616;9281;16897
7661;6133;13794
8718;6528;15246
6634;5714;12348
6273;5460;11733
5091;3793;8884
1484;6861;8345
3986;6105;10091
7084;3690;10774
2444;488;2932
526;9068;9594
8230;8283;16513
8229;5629;13858
9119;3763;12882
7107;8165;15272
6129;8503;14632
1568;1072;2640
4713;8600;13313
2891;9396;12287
1069;4372;5441
9206;9496;18702
79;9068;9147
5364;7516;12880
2674;9264;11938
4524;5489;10013
6763;3574;10337
960;9736;10696
7158;8981;16139
3469;3055;6524
6685;6633;13318
2563;1672;4235
737;293;1030
1322;1119;2441
5016;9257;14273
9628;6883;16511
3984;7830;11814
2684;5962;8646
2824;307;3131
460;9326;9786
6264;3092;9356
8805;2768;11573
7464;1273;8737
9443;6381;15824
6435;4309;10744
1370;7921;9291
8165;2517;10682
1230;421;1651
6169;7726;13895
5975;6563;12538
7644;9767;17411
8202;2498;10700
79;2561;2640
7808;2361;10169
8974;432;9406
3780;5869;9649
3521;9647;13168
5990;803;6793
8522;3050;11572
4700;528;5228
6726;2482;9208
878;4408;5286
6333;5478;11811
7340;4259;11599
747;6843;7590
6730;3206;9936
8377;625;9002
9197;3069;12266
5095;1588;6683
9821;1769;11590
7108;6180;13288
3337;7009;10346
7523;657;8180
6318;4384;10702
918;5531;6449
6463;7256;13719
1492;5191;6683
6965;2538;9503
1609;1630;3239
8917;1057;9974
7566;4150;11716
3894;8692;12586
5810;6651;12461
2076;8945;11021
1032;1967;2999
2542;7869;10411
4856;3629;8485
594;3630;4224
9123;1409;10532
4582;3024;7606
1818;7618;9436
4645;9247;13892
3283;5162;8445
7950;7003;14953
7076;5727;12803
10000;7742;17742
2885;6165;9050
2538;8310;10848
2879;580;3459
7076;7357;14433
8021;3704;11725
6844;6844;13688
2333;5408;7741
2631;1094;3725
3134;7148;10282
7695;454;8149
9828;927;10755
768;1786;2554
6921;6631;13552
2993;4963;7956
5852;139;5991
850;2928;3778
7540;4661;12201
3715;7184;10899
9081;134;9215
6139;1789;7928
7243;8465;15708
28;8637;8665
7409;4917;12326
1326;1885;3211
2432;599;3031
3194;8145;11339
1886;8782;10668
598;8234;8832
7103;4255;11358
5670;2853;8523
6921;5507;12428
1840;703;2543
6190;9340;15530
7459;4489;11948
6408;7244;13652
1474;7714;9188
8840;7916;16756
8899;8213;17112
4799;3956;8755
5340;1533;6873
9131;5035;14166
8997;9476;18473
3205;9280;12485
4314;3412;7726
4534;111;4645
5441;8100;13541
2952;8937;11889
3427;8640;12067
4736;2824;7560
95;9515;9610
2007;7359;9366
1070;7925;8995
3796;1929;5725
671;1850;2521
2913;2043;4956
4061;8432;12493
6298;716;7014
9705;3813;13518
9598;2238;11836
9852;9791;19643
546;2089;2635
1829;768;2597
8148;5930;14078
2616;2518;5134
6403;9644;16047
8955;5232;14187
9550;3770;13320
8658;803;9461
2116;9468;11584
7080;7929;15009
3368;6313;9681
3441;3862;7303
5912;8275;14187
4779;1362;6141
8107;2602;10709
4893;6889;11782
2845;5363;8208
6429;4829;11258
9873;6690;16563
8715;5102;13817
6716;2180;8896
2376;6985;9361
104;7376;7480
4123;2693;6816
6459;1280;7739
1020;998;2018
678;4898;5576
4238;6860;11098
4226;955;5181
7546;5143;12689
6105;8681;14786
3817;824;4641
6286;4522;10808
2547;8730;11277
8519;2269;10788
994;4205;5199
2281;9015;11296
9659;3249;12908
9817;1109;10926
880;3867;4747
3635;1849;5484
2254;3089;5343
3788;7335;11123
5434;7640;13074
8531;4878;13409
685;9070;9755
300;4943;5243
1760;4095;5855
5923;3333;9256
5911;1554;7465
5182;3350;8532
2166;4955;7121
7982;1992;9974
7293;1008;8301
4840;6918;11758
9232;8911;18143
8950;3569;12519
8789;2772;11561
1051;3586;4637
7360;5163;12523
9051;3554;12605
1095;4392;5487
5115;5439;10554
4021;445;4466
7006;7036;14042
7881;1920;9801
7766;1223;8989
3952;6733;10685
1437;1797;3234
2343;8373;10716
9702;1783;11485
1058;6868;7926
8760;1931;10691
476;6816;7292
9336;2305;11641
8635;4194;12829
9295;8280;17575
3553;7204;10757
6659;4792;11451
7174;8923;16097
1800;5571;7371
9981;3760;13741
5086;4950;10036
7568;8109;15677
9928;2988;12916
1677;3040;4717
6032;5898;11930
171;847;1018
4770;4493;9263
429;1256;1685
7808;5093;12901
4647;1648;6295
30;5909;5939
3457;5534;8991
9315;3359;12674
9696;8366;18062
3643;8175;11818
3277;869;4146
6646;5455;12101
212;6136;6348
9046;9899;18945
3334;9240;12574
2242;5697;7939
7088;9838;16926
5422;5349;10771
122;7049;7171
4811;820;5631
9605;90;9695
2351;5616;7967
7908;9422;17330
6306;1830;8136
5353;3981;9334
3073;3929;7002
8986;8922;17908
5995;3212;9207
1408;2128;3536
4402;1174;5576
4984;4670;9654
2713;6595;9308
9458;5049;14507
1411;3639;5050
2159;9536;11695
9975;3558;13533
5348;8245;13593
8161;5146;13307
425;8591;9016
403;3550;3953
6430;7362;13792
7277;3488;10765
384;2413;2797
6280;4698;10978
2270;8132;10402
3914;9565;13479
8664;980;9644
7208;3906;11114
8605;4282;12887
177;9015;9192
4979;8402;13381
526;50;576
2269;7686;9955
2443;5835;8278
6838;533;7371
5553;3206;8759
1763;738;2501
9452;2735;12187
6183;5160;11343
2015;5275;7290
1973;3248;5221
6906;7313;14219
9656;9731;19387
559;8733;9292
2071;3778;5849
57;6952;7009
4416;6944;11360
5679;8768;14447
3416;5150;8566
5674;6204;11878
8754;1281;10035
1861;1712;3573
3414;2494;5908
2743;988;3731
597;306;903
4026;3619;7645
269;2731;3000
5137;7667;12804
4043;2566;6609
5442;2637;8079
9569;8193;17762
1860;8388;10248
3280;7945;11225
2320;809;3129
3333;781;4114
7949;2631;10580
3388;1336;4724
5758;8026;13784
7429;3887;11316
3900;7721;11621
8825;3089;11914
6056;7233;13289
9405;8480;17885
8767;5728;14495
3486;3431;6917
3223;4880;8103
9991;7880;17871
6438;4103;10541
7223;7015;14238
207;7748;7955
5814;3289;9103
8552;5130;13682
7212;5256;12468
574;3825;4399
4995;4434;9429
6144;9159;15303
7401;9138;16539
7166;1523;8689
6773;9342;16115
2540;1259;3799
750;6230;6980
9728;6675;16403
7900;6438;14338
7511;2648;10159
4826;5774;10600
3889;140;4029
6652;6308;12960
3579;7730;11309
8782;9771;18553
9271;2267;11538
5660;1142;6802
5528;6396;11924
372;6890;7262
6999;7286;14285
640;359;999
6409;9168;15577
3986;5730;9716
3946;5331;9277
4868;1777;6645
957;3810;4767
3964;245;4209
3622;3344;6966
4390;2723;7113
6757;9364;16121
5449;216;5665
6735;7341;14076
1620;2196;3816
9638;7393;17031
4574;7902;12476
2319;2496;4815
3367;9295;12662
4600;81;4681
6152;2427;8579
3331;4420;7751
7601;447;8048
7438;5319;12757
3250;4874;8124
2053;3523;5576
9738;9240;18978
9426;1218;10644
9;561;570
3316;7681;10997
1737;7503;9240
3745;2349;6094
239;5468;5707
8694;4125;12819
3624;2906;6530
3985;2359;6344
7430;2900;10330
8422;2158;10580
1765;1175;2940
8487;8599;17086
965;8727;9692
3789;1304;5093
9513;8715;18228
9203;3094;12297
5282;3846;9128
7656;8757;16413
3944;5180;9124
5168;9560;14728
9658;9501;19159
1662;626;2288
797;2805;3602
8760;2816;11576
9544;7452;16996
4121;1224;5345
7388;3995;11383
1232;5735;6967
2268;9761;12029
4521;7969;12490
733;6663;7396
3856;8190;12046
2979;4568;7547
4717;8180;12897
5361;6709;12070
9281;5610;14891
6648;4507;11155
3652;7786;11438
2923;7350;10273
732;2524;3256
3652;8476;12128
649;7381;8030
5976;8900;14876
6552;1636;8188
9462;1593;11055
5809;5115;10924
9763;2306;12069
5502;9561;15063
2021;1127;3148
6893;4163;11056
5417;3782;9199
2100;4195;6295
8615;8697;17312
4053;8140;12193
4197;1174;5371
1731;6093;7824
1132;3047;4179
5504;8481;13985
6684;5460;12144
8312;2559;10871
8363;3818;12181
7268;4028;11296
3494;231;3725
6006;2087;8093
8999;9383;18382
5508;794;6302
6132;6407;12539
9925;2506;12431
1961;2184;4145
6823;5148;11971
4680;6898;11578
9685;6500;16185
7278;5369;12647
4765;2473;7238
5686;5670;11356
4682;6908;11590
5658;9729;15387
5932;7268;13200
5414;2044;7458
8441;842;9283
6049;8550;14599
1572;9826;11398
8619;1787;10406
1231;9660;10891
7547;5226;12773
6319;5831;12150
1167;3227;4394
5774;5537;11311
7169;3925;11094
3563;5770;9333
5355;4008;9363
8294;6909;15203
7477;398;7875
4378;6318;10696
7610;924;8534
2906;1186;4092
2472;516;2988
4905;8571;13476
8970;8542;17512
5498;195;5693
168;4952;5120
7221;8480;15701
650;6271;6921
2392;4462;6854
6266;136;6402
7798;1180;8978
3910;1599;5509
5916;1912;7828
9888;1616;11504
9439;2775;12214
316;7243;7559
7407;1807;9214
340;5086;5426
7413;6991;14404
1439;1390;2829
6624;3945;10569
9648;4019;13667
4390;1167;5557
1815;3648;5463
5578;2438;8016
4017;3804;7821
926;6408;7334
9092;3369;12461
4049;1616;5665
1646;9863;11509
7136;9288;16424
8377;6527;14904
8430;9545;17975
9431;7545;16976
5840;7181;13021
6517;4176;10693
1890;7546;9436
8769;611;9380
2683;3892;6575
7699;8703;16402
2593;2125;4718
9930;9560;19490
3199;3549;6748
77;9680;9757
7986;872;8858
8797;4885;13682
541;1794;2335
8365;4610;12975
9237;1718;10955
5145;35;5180
8320;3247;11567
8063;9390;17453
9750;3425;13175
8977;7755;16732
249;5398;5647
5008;2933;7941
8953;3479;12432
6070;2751;8821
3483;1438;4921
4446;4232;8678
9941;7032;16973
3011;7401;10412
4034;7843;11877
774;4796;5570
3092;9276;12368
1493;5835;7328
6988;5816;12804
935;4706;5641
1550;54;1604
6324;3690;10014
3891;3899;7790
9340;6518;15858
74;4612;4686
6613;780;7393
3198;8540;11738
1344;6828;8172
2697;2240;4937
7943;5037;12980
3959;2511;6470
3791;2294;6085
8920;7878;16798
9008;7272;16280
4424;3175;7599
9478;6234;15712
6407;8213;14620
3346;3901;7247
2255;431;2686
7179;6138;13317
8756;4665;13421
4712;8240;12952
6001;9605;15606
2580;8738;11318
109;6596;6705
5732;9864;15596
9254;7770;17024
773;6310;7083
6607;5714;12321
3856;495;4351
6094;5701;11795
8677;2451;11128
4792;4322;9114
4908;6616;11524
1118;4620;5738
8233;1395;9628
1945;3584;5529
4447;4476;8923
7137;1359;8496
7695;7526;15221
4707;322;5029
3839;9655;13494
5732;407;6139
485;826;1311
4518;9780;14298
1267;9650;10917
7969;9758;17727
455;6729;7184
687;8449;9136
1272;7483;8755
9412;14;9426
8340;6910;15250
1229;9105;10334
2214;5292;7506
2555;9450;12005
6331;2608;8939
7585;2104;9689
4022;4265;8287
327;6291;6618
7907;7371;15278
1511;8946;10457
9786;2122;11908
5592;9380;14972
9912;3878;13790
5146;367;5513
4336;1342;5678
6965;1928;8893
2070;2377;4447
4152;4603;8755
1855;6049;7904
1374;4026;5400
2020;587;2607
8525;1167;9692
2513;5308;7821
7356;872;8228
6001;6306;12307
4270;5387;9657
4032;4172;8204
5299;2714;8013
9632;9872;19504
4690;6162;10852
2305;4107;6412
4898;4805;9703
5348;6791;12139
9315;432;9747
6108;5021;11129
256;7235;7491
1270;8175;9445
3314;3105;6419
8529;6945;15474
4171;5003;9174
1365;2255;3620
4697;6815;11512
8260;3824;12084
6098;3400;9498
2279;9393;11672
3264;6717;9981
5202;3935;9137
6070;7986;14056
5590;867;6457
4369;2874;7243
8522;9264;17786
4998;2074;7072
4132;9427;13559
7754;4792;12546
3567;8395;11962
5504;9268;14772
3441;6710;10151
3438;2911;6349
9261;11;9272
9987;2660;12647
7674;8798;16472
8170;7313;15483
2325;4490;6815
3792;3811;7603
1477;1189;2666
8915;4374;13289
8995;1911;10906
6538;8267;14805
1039;6528;7567
2769;860;3629
8561;3070;11631
1004;7253;8257
9989;9686;19675
6033;6307;12340
4042;8854;12896
1666;9314;10980
2843;6561;9404
7797;9979;17776
6763;8880;15643
549;8390;8939
1663;29;1692
9577;1196;10773
3189;6268;9457
6003;1968;7971
6781;6958;13739
8031;4829;12860
7851;3028;10879
7137;1648;8785
9729;6562;16291
5642;2932;8574
2492;4705;7197
9651;7563;17214
6372;2974;9346
6637;2804;9441
9149;9357;18506
501;5749;6250
50;2699;2749
3705;2691;6396
75;2589;2664
3924;3602;7526
3043;1149;4192
8089;7207;15296
5321;5325;10646
876;7183;8059
8531;6703;15234
1096;378;1474
1874;964;2838
3792;5792;9584
5805;7944;13749
6584;9073;15657
608;7930;8538
9084;5202;14286
713;6413;7126
7171;5172;12343
2182;8553;10735
4687;9024;13711
5138;5696;10834
5726;80;5806
2247;6784;9031
373;9705;10078
9543;7714;17257
5932;6621;12553
2447;8927;11374
8652;9802;18454
8520;9995;18515
6628;2007;8635
7772;5870;13642
9191;3241;12432
7162;2732;9894
1967;6088;8055
6221;8574;14795
6004;6499;12503
5150;6820;11970
3087;5271;8358
7178;9053;16231
4243;1078;5321
2801;5594;8395
9893;3075;12968
2607;669;3276
2963;4389;7352
1213;7524;8737
8800;3054;11854
6472;2904;9376
9556;5603;15159
2237;924;3161
1320;4670;5990
2834;5208;8042
4088;5571;9659
6612;8354;14966
425;5406;5831
3971;6593;10564
7536;5144;12680
3094;4682;7776
2727;3918;6645
7986;9383;17369
4437;2577;7014
8898;3099;11997
809;2081;2890
200;6397;6597
3685;7661;11346
446;9957;10403
5342;9680;15022
6190;7922;14112
3214;3542;6756
812;7984;8796
2023;9557;11580
65;3518;3583
3557;4504;8061
6135;9469;15604
842;1001;1843
7614;7525;15139
5262;685;5947
5262;655;5917
5813;6328;12141
7794;9080;16874
7050;1530;8580
8439;8582;17021
4238;2397;6635
2721;8325;11046
4641;921;5562
9577;5817;15394
5065;5416;10481
306;143;449
8125;1948;10073
9574;2465;12039
5497;3616;9113
6553;4181;10734
2541;9130;11671
7074;6777;13851
3665;5531;9196
904;2711;3615
3280;2727;6007
6917;9083;16000
2340;1806;4146
9738;8330;18068
7007;1754;8761
831;2092;2923
5476;8426;13902
1675;9915;11590
4741;4347;9088
8134;5861;13995
2400;2275;4675
5936;1409;7345
1239;9452;10691
3677;646;4323
6271;1015;7286
7989;5134;13123
1187;3390;4577
8308;5234;13542
6865;3746;10611
6200;5709;11909
7618;3220;10838
8519;5183;13702
2408;7199;9607
5988;7157;13145
6811;6964;13775
357;3937;4294
8295;4223;12518
1763;784;2547
7147;2284;9431
175;2041;2216
7020;8831;15851
3562;8491;12053
3051;2688;5739
3670;1704;5374
423;3502;3925
8953;5314;14267
3630;8552;12182
8713;4846;13559
3351;7714;11065
2404;5521;7925
9471;984;10455
4976;5365;10341
600;5445;6045
7686;8469;16155
6619;2242;8861
5844;1137;6981
9631;8314;17945
7245;9980;17225
8452;6399;14851
7312;5527;12839
3976;6439;10415
321;3339;3660
3653;2822;6475
7722;6128;13850
357;5514;5871
2772;5414;8186
9208;1905;11113
5582;6931;12513
5436;237;5673
5370;7187;12557
8305;9783;18088
1598;2171;3769
62;9541;9603
4301;6027;10328
3729;9563;13292
4954;5618;10572
1433;8462;9895
8401;9897;18298
3152;7414;10566
3468;6272;9740
8418;8721;17139
2258;135;2393
10000;2119;12119
9589;2794;12383
2745;3037;5782
6271;1872;8143
8039;4294;12333
2830;2682;5512
5376;7521;12897
5314;816;6130
2320;6172;8492
1253;8432;9685
4507;3595;8102
9723;7012;16735
3734;656;4390
8983;2562;11545
612;118;730
2466;3982;6448
9540;847;10387
3015;6193;9208
1711;3498;5209
9307;2366;11673
9584;3864;13448
4425;9144;13569
7553;3326;10879
4914;115;5029
7177;939;8116
4716;5574;10290
1483;7735;9218
1799;1485;3284
9251;6303;15554
7809;1983;9792
845;6597;7442
3536;5498;9034
6567;2717;9284
6659;9191;15850
2076;2041;4117
374;8994;9368
4296;8927;13223
3985;3373;7358
9871;9519;19390
1122;1980;3102
8117;5874;13991
1481;2216;3697
8733;4773;13506
7962;4880;12842
597;15;612
9422;3623;13045
8829;3818;12647
6105;8422;14527
5689;4659;10348
3715;4500;8215
2606;5852;8458
7672;2432;10104
17;6129;6146
3636;4711;8347
924;7653;8577
4692;9144;13836
9354;3104;12458
4963;7099;12062
8136;10000;18136
6340;3511;9851
1649;9801;11450
4641;2765;7406
998;4204;5202
4824;913;5737
1640;3839;5479
2286;6103;8389
5257;6262;11519
6549;3919;10468
6594;193;6787
3108;9436;12544
4743;1035;5778
6034;68;6102
4119;7710;11829
1535;9397;10932
2461;2400;4861
8527;1319;9846
9226;1583;10809
6926;6377;13303
1487;4492;5979
3028;9596;12624
2201;3547;5748
412;9155;9567
1074;5635;6709
6756;4813;11569
4990;9547;14537
7791;4007;11798
1775;76;1851
4179;9596;13775
6592;4705;11297
4115;6256;10371
9742;4403;14145
9208;7012;16220
7839;4003;11842
607;5966;6573
8032;4720;12752
2656;8736;11392
2729;4604;7333
570;7167;7737
3404;9705;13109
4730;1451;6181
5601;1352;6953
1437;7702;9139
2593;6346;8939
646;7725;8371
6378;3469;9847
2054;8866;10920
7324;1756;9080
4824;459;5283
6065;3745;9810
5957;137;6094
2511;7388;9899
2784;180;2964
8290;191;8481
9542;7704;17246
9351;2663;12014
8753;5969;14722
2469;3864;6333
4025;6814;10839
1411;2448;3859
1193;739;1932
8754;9157;17911
3156;1131;4287
9459;962;10421
613;4951;5564
1089;7335;8424
7498;1385;8883
1078;3362;4440
7291;2381;9672
8195;4450;12645
8922;5127;14049
4324;6680;11004
1657;530;2187
4120;1229;5349
8258;6901;15159
8605;3419;12024
8460;5214;13674
8660;3786;12446
2674;3012;5686
3298;7691;10989
2702;7892;10594
2101;3829;5930
457;9949;10406
1024;8641;9665
6270;6353;12623
1261;5602;6863
2348;1301;3649
644;2204;2848
4485;5397;9882
6324;5145;11469
1283;2111;3394
184;9061;9245
7583;187;7770
6898;8265;15163
4602;8413;13015
2820;8779;11599
5650;1216;6866
9989;2101;12090
6154;6836;12990
3442;8731;12173
5471;1538;7009
850;3028;3878
1879;4103;5982
5025;9969;14994
1855;5470;7325
5850;1303;7153
1481;5466;6947
6769;9834;16603
3220;4187;7407
2379;9168;11547
6006;9475;15481
9065;7274;16339
5174;329;5503
5967;9595;15562
6214;1358;7572
133;895;1028
7920;765;8685
4590;7919;12509
5893;502;6395
7120;474;7594
4813;9114;13927
5056;7609;12665
2857;5880;8737
9659;1273;10932
7670;5383;13053
3377;1868;5245
9720;5585;15305
8608;5115;13723
4035;9185;13220
6910;8152;15062
6569;1820;8389
9555;1520;11075
6348;2508;8856
3673;5137;8810
5081;5555;10636
9455;8775;18230
581;4545;5126
8479;402;8881
5061;1172;6233
2821;7001;9822
9065;8059;17124
9991;5152;15143
2938;56;2994
4126;1559;5685
1480;2692;4172
5561;7963;13524
3890;7939;11829
2855;8601;11456
7701;1923;9624
8809;978;9787
4682;4811;9493
9175;6727;15902
6484;4167;10651
5589;4699;10288
5795;5722;11517
8301;4032;12333
310;3199;3509
5983;7463;13446
4135;3926;8061
8370;7004;15374
9050;9645;18695
1664;6430;8094
5926;3659;9585
1295;9118;10413
9815;9153;18968
5840;7111;12951
7509;3683;11192
3521;8413;11934
1452;5247;6699
1642;7430;9072
6570;6457;13027
2015;378;2393
5308;2461;7769
5968;3033;9001
3937;2191;6128
5059;7545;12604
4929;6302;11231
8524;3609;12133
6398;7777;14175
4542;5237;9779
8197;8485;16682
3102;3228;6330
6391;4035;10426
3275;6999;10274
3552;1847;5399
5575;5886;11461
6986;1494;8480
1629;6409;8038
5604;28;5632
7105;9802;16907
3854;8642;12496
4536;6951;11487
6359;162;6521
4214;4764;8978
1033;1510;2543
3206;552;3758
5255;1189;6444
5816;5995;11811
6231;3499;9730
4905;3181;8086
3239;9226;12465
7484;8164;15648
7199;2743;9942
6062;2680;8742
3038;7647;10685
3194;7805;10999
7706;2526;10232
1341;6361;7702
3983;3989;7972
2870;4632;7502
4699;6524;11223
4010;5491;9501
2600;162;2762
7908;259;8167
3998;2217;6215
9888;2463;12351
6414;1234;7648
1634;8448;10082
3326;8414;11740
5054;7702;12756
3717;9748;13465
4373;3255;7628
9242;8810;18052
8828;4625;13453
226;3461;3687
84;7345;7429
5630;9373;15003
4362;6003;10365
3266;8012;11278
1317;3786;5103
3769;1427;5196
3692;9237;12929
9317;7288;16605
9854;8630;18484
4498;9882;14380
1788;3792;5580
5089;7496;12585
9798;8244;18042
2073;417;2490
9167;4408;13575
9144;2497;11641
5345;554;5899
4609;3447;8056
4038;152;4190
4274;8557;12831
122;1296;1418
1971;1599;3570
4469;9323;13792
5364;3640;9004
1804;8153;9957
4477;9975;14452
2388;2674;5062
1294;3368;4662
9556;6735;16291
3012;7170;10182
3983;7064;11047
1945;5812;7757
2197;6651;8848
4648;9076;13724
6569;713;7282
5429;2278;7707
3931;4311;8242
2876;581;3457
6331;9550;15881
7401;6017;13418
8308;8136;16444
5914;8165;14079
8748;3372;12120
660;5237;5897
9591;3067;12658
1627;5932;7559
1946;2414;4360
1273;6048;7321
3903;6771;10674
4508;1295;5803
3054;3386;6440
4255;4975;9230
6742;8138;14880
4408;5557;9965
6856;9743;16599
8499;2823;11322
7779;1764;9543
5112;704;5816
1724;2567;4291
2083;8707;10790
3142;5195;8337
2185;4809;6994
446;2963;3409
1324;9220;10544
8157;8360;16517
520;42;562
9969;745;10714
7050;7595;14645
4435;7866;12301
8831;347;9178
7922;5073;12995
1870;1084;2954
9620;5077;14697
4800;9204;14004
5584;8504;14088
8849;4860;13709
8638;3993;12631
2961;6153;9114
2047;3472;5519
5106;56;5162
5128;7197;12325
6650;358;7008
4121;4386;8507
2807;7748;10555
7132;8576;15708
9373;929;10302
3692;9977;13669
2121;317;2438
2116;4335;6451
9000;7334;16334
5612;5315;10927
8571;8552;17123
6874;1867;8741
484;1717;2201
9383;5353;14736
6669;5483;12152
145;5565;5710
4295;7323;11618
1194;8531;9725
3827;7628;11455
5834;7019;12853
2488;9447;11935
1883;5392;7275
7080;1103;8183
2265;3974;6239
5912;3385;9297
4126;3278;7404
1565;4309;5874
8807;2785;11592
2882;8102;10984
4012;3250;7262
7381;6678;14059
14;2171;2185
427;5731;6158
8725;6502;15227
5413;6981;12394
724;6648;7372
2701;2142;4843
3134;7100;10234
599;2966;3565
7529;7572;15101
6478;4875;11353
9187;8766;17953
5835;7170;13005
6553;9581;16134
9678;5208;14886
5499;8276;13775
5394;4506;9900
1659;1160;2819
326;7186;7512
4897;1753;6650
785;503;1288
2844;7184;10028
2184;388;2572
8929;6776;15705
7380;1020;8400
381;4924;5305
1486;2899;4385
4267;4540;8807
9003;8221;17224
8956;2318;11274
8803;6486;15289
9116;2997;12113
9023;8618;17641
7424;2012;9436
5412;4544;9956
6329;1513;7842
6597;862;7459
5879;5816;11695
5585;46;5631
1112;1835;2947
252;8113;8365
5183;1635;6818
4325;2342;6667
1905;1813;3718
3715;4950;8665
7670;2092;9762
4501;69;4570
7738;973;8711
4102;9791;13893
5480;8517;13997
3966;6205;10171
4064;7634;11698
7514;7633;15147
2949;4844;7793
9279;3564;12843
2133;8314;10447
3155;5911;9066
8137;6900;15037
8730;242;8972
1332;9409;10741
8980;1973;10953
1372;3264;4636
410;4937;5347
9484;9355;18839
7723;3467;11190
2900;1162;4062
9061;4753;13814
5373;1755;7128
9674;2265;11939
4763;9622;14385
6405;9182;15587
1645;5037;6682
1512;8657;10169
7628;1501;9129
2338;3152;5490
3808;4498;8306
5475;9853;15328
3512;4015;7527
4899;7220;12119
770;9604;10374
7017;8543;15560
6179;1166;7345
2034;3883;5917
2395;9383;11778
3717;2233;5950
7712;7318;15030
850;460;1310
2799;1946;4745
3875;2687;6562
4840;4796;9636
1176;4635;5811
1290;2875;4165
803;5285;6088
5140;3716;8856
3801;9090;12891
858;9360;10218
7039;8797;15836
177;5831;6008
4057;3858;7915
6348;977;7325
4063;1952;6015
6659;3943;10602
8194;5655;13849
4701;4039;8740
5858;1722;7580
2489;6481;8970
5494;7299;12793
1777;7130;8907
9634;110;9744
2202;7660;9862
1308;6192;7500
4217;8604;12821
2825;8036;10861
1561;2372;3933
4313;440;4753
2868;1565;4433
5929;6473;12402
946;8791;9737
1008;7852;8860
1655;5317;6972
9125;7774;16899
2756;9550;12306
1105;3993;5098
7455;6233;13688
6867;1047;7914
1337;823;2160
4215;607;4822
1969;3271;5240
7533;616;8149
2120;1004;3124
9160;3705;12865
3657;7710;11367
6650;7115;13765
3938;9158;13096
2569;9481;12050
5644;6703;12347
4629;5324;9953
2327;5997;8324
5816;6025;11841
5796;9046;14842
3637;9155;12792
7457;556;8013
1022;432;1454
9826;7168;16994
4312;5611;9923
5358;2985;8343
646;9626;10272
5669;7378;13047
687;6980;7667
4602;3703;8305
301;6527;6828
7835;6363;14198
9507;3185;12692
212;7788;8000
8911;9465;18376
8007;1442;9449
9338;242;9580
6611;4618;11229
5909;7538;13447
9722;672;10394
3530;3794;7324
6630;1133;7763
9709;4251;13960
2427;6108;8535
6647;8591;15238
5256;4318;9574
2179;3755;5934
170;8417;8587
1169;605;1774
3528;6109;9637
6425;3674;10099
4363;3952;8315
1359;7163;8522
8035;1256;9291
1189;9422;10611
4989;818;5807
7005;2905;9910
1398;9811;11209
3639;6798;10437
9102;5995;15097
175;5203;5378
5777;856;6633
2665;4283;6948
8267;7778;16045
5015;9370;14385
1401;4846;6247
9551;3092;12643
570;4736;5306
8827;4769;13596
8532;6366;14898
2255;1253;3508
6044;8469;14513
4269;4483;8752
9455;4943;14398
8878;5253;14131
6770;8689;15459
1896;4812;6708
5216;2614;7830
3635;6922;10557
59;1990;2049
7402;9697;17099
9114;2109;11223
2158;1914;4072
7670;6096;13766
5431;7292;12723
9689;2862;12551
3713;2309;6022
9443;6986;16429
1746;3114;4860
2368;6072;8440
2891;7363;10254
8144;6019;14163
245;1503;1748
2847;8697;11544
5591;1642;7233
7984;7786;15770
5364;6071;11435
6979;3541;10520
7903;6320;14223
8363;2108;10471
8110;2467;10577
8468;7402;15870
464;9876;10340
5500;9192;14692
9443;5609;15052
6231;2512;8743
2527;7012;9539
4740;1547;6287
6534;7573;14107
2483;849;3332
3063;4111;7174
8450;7005;15455
6005;8164;14169
1115;2521;3636
5776;5170;10946
8676;9150;17826
9193;4395;13588
4939;2871;7810
1920;3332;5252
2624;9805;12429
3316;3628;6944
216;6263;6479
2236;5764;8000
5182;355;5537
4851;9245;14096
5858;4799;10657
3980;5862;9842
6116;6281;12397
5582;9352;14934
9518;7168;16686
3105;4723;7828
607;3235;3842
3012;874;3886
8712;6516;15228
3215;8333;11548
2960;3028;5988
6986;4410;11396
9965;2669;12634
1611;6127;7738
3860;3546;7406
1029;3886;4915
6233;717;6950
1537;5579;7116
3950;5096;9046
6364;5513;11877
4807;2558;7365
7470;5313;12783
7623;7628;15251
1078;6857;7935
5943;7706;13649
9271;3111;12382
8293;6798;15091
1993;8516;10509
7799;4477;12276
8686;2670;11356
1017;4761;5778
7449;9353;16802
6858;6348;13206
5717;5322;11039
7330;6273;13603
7033;825;7858
5343;3776;9119
7790;1623;9413
6479;7429;13908
8712;4952;13664
5998;2082;8080
4779;5489;10268
757;4106;4863
8816;5146;13962
7281;6380;13661
7254;3928;11182
4740;4260;9000
9187;4835;14022
7096;8897;15993
9877;4686;14563
7501;225;7726
5962;803;6765
5493;4483;9976
428;3638;4066
6009;2387;8396
372;334;706
4261;9307;13568
7864;7964;15828
6693;7702;14395
2087;9844;11931
7139;4558;11697
286;1118;1404
3013;6267;9280
3182;1227;4409
6739;2740;9479
7554;3786;11340
7306;6570;13876
68;4138;4206
9035;5388;14423
9742;425;10167
2845;9758;12603
7770;2234;10004
1130;4463;5593
8718;1366;10084
84;5623;5707
8151;1890;10041
3672;8042;11714
5346;1840;7186
9243;1135;10378
6943;7109;14052
7634;7714;15348
2035;4290;6325
4509;4802;9311
1279;5255;6534
2144;4766;6910
4817;8572;13389
7657;5834;13491
4333;8220;12553
2119;5861;7980
3009;2392;5401
9780;3758;13538
1984;4435;6419
4447;9077;13524
6716;8623;15339
3542;8696;12238
9322;7526;16848
2902;5426;8328
9327;1980;11307
201;428;629
4783;8899;13682
805;4890;5695
5163;8012;13175
1867;1738;3605
912;3801;4713
159;3981;4140
3508;4894;8402
752;16;768
8156;6112;14268
7860;4890;12750
8296;1704;10000
9579;8107;17686
3113;8354;11467
3433;8097;11530
6875;5063;11938
7251;4074;11325
5051;9124;14175
5529;7577;13106
5432;8665;14097
2701;1693;4394
6663;1356;8019
4905;387;5292
2133;3791;5924
2783;6196;8979
5711;4714;10425
3621;7329;10950
3035;5990;9025
9469;2638;12107
7198;2015;9213
953;9243;10196
5307;9106;14413
5785;4144;9929
1387;1071;2458
5562;8631;14193
465;58;523
4080;943;5023
4820;19;4839
1492;4631;6123
6217;7831;14048
2290;6767;9057
6406;5548;11954
6803;8115;14918
1351;4968;6319
1244;5446;6690
6069;3998;10067
9990;4479;14469
3398;2313;5711
1886;5568;7454
4300;4025;8325
980;8233;9213
8854;1338;10192
9336;2351;11687
2730;6015;8745
8194;3123;11317
8458;6176;14634
8179;1636;9815
1691;8787;10478
9138;6251;15389
8512;2006;10518
6437;9328;15765
9635;4327;13962
2200;9009;11209
3303;5769;9072
3388;920;4308
3119;6697;9816
7576;2219;9795
6222;901;7123
1862;1490;3352
3346;7171;10517
6399;6550;12949
6345;8629;14974
7405;7446;14851
8845;9661;18506
7944;8148;16092
144;7193;7337
2197;1049;3246
2832;2960;5792
5070;7653;12723
2270;8522;10792
236;52;288
4988;5857;10845
6999;7741;14740
3549;7249;10798
9092;7853;16945
5925;469;6394
6727;9371;16098
5371;5129;10500
6337;991;7328
9740;4042;13782
6266;118;6384
9184;5458;14642
9802;6905;16707
5364;4995;10359
9093;6256;15349
9676;5142;14818
2308;7229;9537
3613;7960;11573
5849;6672;12521
6286;6983;13269
8254;2844;11098
3704;8312;12016
1318;214;1532
2291;6686;8977
2795;9138;11933
9296;4359;13655
2992;2170;5162
252;8078;8330
7685;4405;12090
3348;970;4318
7994;5738;13732
9326;7784;17110
2730;2072;4802
6950;9826;16776
9710;9235;18945
1514;6956;8470
4750;672;5422
4646;5134;9780
4484;790;5274
2670;5707;8377
7417;7056;14473
7251;6173;13424
9957;3703;13660
1929;5052;6981
3615;3936;7551
324;3493;3817
4044;3867;7911
6888;2210;9098
4808;6336;11144
3124;7887;11011
3589;9077;12666
1666;98;1764
3975;2560;6535
784;5442;6226
2798;6840;9638
6809;5909;12718
2759;7151;9910
5049;3014;8063
3878;716;4594
6533;2224;8757
3179;3544;6723
7119;6551;13670
32;1665;1697
1790;3363;5153
9191;3434;12625
2482;634;3116
2665;7264;9929
3246;5412;8658
5887;2509;8396
9328;9304;18632
6798;233;7031
5698;5947;11645
8642;9112;17754
6748;1227;7975
867;8120;8987
1091;1426;2517
4693;1656;6349
8998;9660;18658
1636;5138;6774
2853;8838;11691
4455;1339;5794
5425;768;6193
388;1617;2005
5295;8795;14090
7935;126;8061
5267;6687;11954
1140;8789;9929
6119;5805;11924
3539;8318;11857
5777;8998;14775
9854;3716;13570
2830;8284;11114
687;2994;3681
7673;5875;13548
2417;863;3280
5015;4864;9879
1023;8322;9345
438;476;914
882;9106;9988
3451;716;4167
6484;2578;9062
3223;8635;11858
3483;8995;12478
3307;584;3891
3481;405;3886
5026;1758;6784
6165;5701;11866
9568;4872;14440
6211;6345;12556
4855;660;5515
4959;2633;7592
265;1014;1279
7180;9877;17057
2974;5189;8163
5346;9529;14875
5594;8979;14573
1933;8208;10141
4127;6422;10549
3910;8789;12699
9115;1073;10188
4783;3029;7812
9506;5092;14598
9247;9711;18958
7419;3395;10814
1101;4838;5939
1253;536;1789
3483;1453;4936
294;4482;4776
3685;4151;7836
1240;2952;4192
3537;9213;12750
6036;9254;15290
1914;2879;4793
7946;6362;14308
9023;3574;12597
2812;881;3693
910;2446;3356
2300;4179;6479
1937;3323;5260
7725;5046;12771
3285;3951;7236
3904;674;4578
3107;8572;11679
1136;5993;7129
875;4059;4934
7952;8792;16744
2362;7870;10232
458;1687;2145
5976;9269;15245
8296;6478;14774
5150;1709;6859
7336;2838;10174
2458;8690;11148
8805;9044;17849
475;4755;5230
9094;1817;10911
1450;8077;9527
9522;2221;11743
2482;2798;5280
3127;8135;11262
6257;534;6791
8697;4166;12863
7415;3939;11354
8835;5654;14489
8923;9421;18344
7269;9398;16667
895;3348;4243
4407;6657;11064
2407;4107;6514
6210;9616;15826
321;28;349
1525;4136;5661
5552;3396;8948
5150;5898;11048
7568;9453;17021
6699;4249;10948
2793;2812;5605
6904;8698;15602
661;1088;1749
1252;8757;10009
556;4937;5493
6721;9432;16153
6606;3642;10248
8012;3762;11774
9352;6217;15569
301;5151;5452
8657;8363;17020
1506;1200;2706
1128;9150;10278
3355;4440;7795
1020;5052;6072
1984;4968;6952
5474;5399;10873
3316;9830;13146
8697;5226;13923
5661;4203;9864
8830;5286;14116
9723;9259;18982
436;4358;4794
4491;3348;7839
66;8581;8647
3236;2979;6215
9189;9103;18292
4557;3952;8509
8655;9401;18056
3230;3036;6266
3664;3567;7231
6659;2261;8920
2807;8413;11220
525;3043;3568
2817;5210;8027
8395;9296;17691
2241;4994;7235
1421;445;1866
4398;2862;7260
9684;8312;17996
9423;3622;13045
7995;7190;15185
1859;4182;6041
4146;6364;10510
6848;6012;12860
5602;4729;10331
5298;5375;10673
1748;9275;11023
9333;3548;12881
9558;4145;13703
1283;769;2052
3205;4036;7241
3131;8529;11660
4864;9908;14772
6870;4649;11519
7407;4798;12205
1075;2393;3468
8550;7131;15681
6929;2326;9255
8565;8923;17488
9565;8781;18346
5196;3851;9047
4167;8719;12886
6744;790;7534
6266;4401;10667
1866;4111;5977
1903;6991;8894
8200;313;8513
6228;894;7122
5515;6567;12082
4546;7203;11749
7413;8758;16171
8673;758;9431
1228;54;1282
5267;590;5857
6942;9999;16941
8669;8119;16788
2919;1601;4520
1102;8049;9151
9224;1520;10744
4477;9435;13912
9510;4394;13904
465;2903;3368
7232;3129;10361
6929;2400;9329
3159;6524;9683
3890;5971;9861
6930;7871;14801
6017;2412;8429
8442;4795;13237
5123;4987;10110
5768;7046;12814
1933;5866;7799
4853;1134;5987
3680;7226;10906
2981;3593;6574
9620;3125;12745
4669;9334;14003
8456;1746;10202
9059;1721;10780
1368;6450;7818
3938;9798;13736
3543;1784;5327
4997;9701;14698
1484;5304;6788
3300;8862;12162
6488;8907;15395
4155;4938;9093
6302;8226;14528
1537;2503;4040
7957;8000;15957
2943;26;2969
335;2071;2406
5966;1388;7354
4492;3755;8247
5650;7485;13135
5134;5331;10465
6355;8679;15034
6913;944;7857
3190;1210;4400
2495;2706;5201
6059;4889;10948
6376;3851;10227
873;4290;5163
8649;2176;10825
8054;2925;10979
1303;5786;7089
643;5977;6620
1766;8851;10617
6756;3646;10402
3369;9304;12673
6348;6966;13314
476;2905;3381
4786;8378;13164
1621;8395;10016
8259;3418;11677
7023;1700;8723
1003;9234;10237
6880;8503;15383
9359;1581;10940
8327;1086;9413
5381;548;5929
2601;1101;3702
1985;6531;8516
3764;7645;11409
8003;3892;11895
1718;4285;6003
2211;4500;6711
875;3067;3942
6521;7526;14047
753;2548;3301
8594;1492;10086
8299;2816;11115
5860;2709;8569
5606;7965;13571
7799;9776;17575
5854;3904;9758
1514;1217;2731
4848;789;5637
9939;7001;16940
8618;4891;13509
309;7636;7945
8249;4183;12432
9265;710;9975
8506;8408;16914
7587;5553;13140
6685;199;6884
5434;6167;11601
3842;9483;13325
5005;9091;14096
8900;7291;16191
6550;4397;10947
4227;701;4928
6693;2048;8741
7356;1901;9257
4103;6376;10479
6019;9193;15212
1973;4308;6281
6059;1561;7620
1199;8299;9498
255;1974;2229
7976;629;8605
8029;671;8700
6833;8367;15200
9033;4694;13727
1051;6685;7736
5253;289;5542
7837;4683;12520
3003;9956;12959
3465;9950;13415
1090;6655;7745
90;8172;8262
2685;8256;10941
2095;805;2900
4654;964;5618
1518;6504;8022
2699;7340;10039
6676;4806;11482
9903;4609;14512
5908;2066;7974
8009;6125;14134
6347;4704;11051
6556;3542;10098
7740;7689;15429
5311;6339;11650
5845;5607;11452
1524;4152;5676
8178;517;8695
1995;9906;11901
5104;8586;13690
7767;7747;15514
1871;5327;7198
9288;3859;13147
6418;8553;14971
7176;1819;8995
6656;1962;8618
8729;4665;13394
2518;4498;7016
4962;1488;6450
1941;2509;4450
1132;172;1304
1031;5928;6959
743;3941;4684
3997;8262;12259
4163;9468;13631
7600;5744;13344
537;483;1020
8447;3742;12189
1253;8393;9646
8862;9162;18024
3938;6234;10172
9345;8020;17365
8355;9594;17949
8650;25;8675
8346;9565;17911
1958;5990;7948
864;5014;5878
8250;5725;13975
5392;6630;12022
9444;4511;13955
2884;3670;6554
5934;7597;13531
3225;3455;6680
8607;3675;12282
455;468;923
654;4240;4894
4434;4548;8982
7703;837;8540
3411;72;3483
1281;2388;3669
7128;1016;8144
9207;9439;18646
3250;4689;7939
1273;1819;3092
28;9598;9626
5435;4523;9958
2629;1347;3976
2385;558;2943
738;3678;4416
6758;7658;14416
9577;2040;11617
3478;7104;10582
3084;8077;11161
446;7304;7750
1503;2325;3828
9266;2357;11623
4800;9498;14298
3206;7852;11058
4765;6978;11743
301;3072;3373
9381;3317;12698
6767;1636;8403
3386;7247;10633
5522;6378;11900
8160;8460;16620
359;6683;7042
5843;4017;9860
1388;9946;11334
5970;4442;10412
6875;5724;12599
5295;4224;9519
5009;6179;11188
1552;2524;4076
2156;3332;5488
5518;3569;9087
3390;3995;7385
8660;8925;17585
7189;7779;14968
9595;6289;15884
2940;1584;4524
2881;692;3573
9116;1790;10906
2770;2216;4986
1249;6911;8160
5707;3200;8907
7299;1865;9164
2712;1357;4069
9963;72;10035
953;7762;8715
9459;90;9549
953;1126;2079
7509;5916;13425
7281;6675;13956
2080;4620;6700
1237;7049;8286
9843;7566;17409
8293;7874;16167
2548;1478;4026
5102;6026;11128
2115;1936;4051
3937;8260;12197
9641;2840;12481
3700;4016;7716
6692;1950;8642
7902;8061;15963
9358;20;9378
7429;5494;12923
7158;7676;14834
684;9941;10625
8597;7593;16190
7292;5254;12546
2450;7573;10023
5587;5465;11052
7259;888;8147
5878;4905;10783
4164;3659;7823
7532;4099;11631
9256;1077;10333
1724;7037;8761
4959;1387;6346
4543;8825;13368
8002;6599;14601
7761;1583;9344
8455;393;8848
5903;3007;8910
3304;9029;12333
5964;7346;13310
258;8064;8322
2360;9271;11631
9717;7347;17064
4794;2282;7076
2016;1474;3490
3643;1843;5486
4322;5727;10049
7588;531;8119
8471;6736;15207
5649;8297;13946
9753;2686;12439
8182;675;8857
7910;4855;12765
6859;6561;13420
5190;6523;11713
6498;6481;12979
6010;4666;10676
8565;4702;13267
874;6206;7080
5425;3593;9018
8868;3718;12586
8990;1184;10174
1853;3268;5121
8364;7454;15818
4925;5504;10429
5800;7497;13297
2621;4032;6653
2290;4334;6624
2188;6920;9108
7477;9947;17424
4330;9496;13826
5021;8865;13886
7822;4016;11838
7068;9439;16507
2492;9479;11971
8453;3721;12174
4331;8761;13092
4485;6132;10617
7455;302;7757
618;4248;4866
4507;5593;10100
1153;4830;5983
5060;61;5121
6024;7784;13808
708;2740;3448
4986;5233;10219
808;2423;3231
5561;8874;14435
4629;6827;11456
1465;7086;8551
4536;1434;5970
1771;5884;7655
1999;5440;7439
5524;4174;9698
1990;5900;7890
6491;5874;12365
2917;1885;4802
8928;9217;18145
189;6555;6744
9101;9695;18796
5425;6402;11827
9707;4831;14538
8392;3660;12052
2902;4083;6985
7450;6211;13661
1783;2887;4670
9252;3129;12381
3189;1017;4206
1765;3900;5665
6030;9637;15667
5271;4587;9858
6130;3379;9509
7776;6714;14490
58;2555;2613
9267;4009;13276
8870;2822;11692
5046;9733;14779
1361;3902;5263
9377;6743;16120
2819;178;2997
307;6121;6428
6952;2072;9024
3782;1041;4823
6119;2572;8691
6725;7227;13952
10000;59;10059
2638;5809;8447
5185;2689;7874
5059;5080;10139
2935;1191;4126
9716;1121;10837
1683;1100;2783
1589;785;2374
709;3354;4063
5620;2130;7750
2722;1190;3912
9766;1996;11762
2062;2230;4292
7764;3380;11144
4504;5273;9777
4072;5783;9855
6285;551;6836
7329;9872;17201
3747;9222;12969
7579;7010;14589
2485;8827;11312
259;450;709
3057;3240;6297
4375;6692;11067
6389;8791;15180
8819;5839;14658
2660;1285;3945
7612;5081;12693
7925;3341;11266
255;4934;5189
6406;1155;7561
5585;8075;13660
3765;5329;9094
3926;4058;7984
6981;6149;13130
3708;5151;8859
5904;5469;11373
975;7138;8113
9605;9720;19325
8649;6500;15149
3817;9800;13617
5813;580;6393
267;4554;4821
8217;9845;18062
7829;7119;14948
4232;9551;13783
1931;5871;7802
7169;7087;14256
7896;1791;9687
5452;7096;12548
9064;5174;14238
7089;2889;9978
3864;6447;10311
9851;3709;13560
7734;7941;15675
2218;7170;9388
2167;8422;10589
6136;1945;8081
6749;5714;12463
1088;2814;3902
2377;67;2444
2166;6598;8764
8136;8643;16779
9626;1714;11340
6812;9802;16614
5628;2844;8472
7969;4678;12647
3564;2449;6013
9722;537;10259
2041;6725;8766
1700;4517;6217
8771;8650;17421
7828;1317;9145
5870;2576;8446
2911;2399;5310
7182;1125;8307
8069;1675;9744
1017;5765;6782
4264;5626;9890
383;1459;1842
8072;5001;13073
5310;9823;15133
3210;4546;7756
721;1540;2261
51;470;521
6835;7824;14659
5874;4778;10652
4187;3782;7969
7737;8832;16569
5881;9013;14894
7759;3012;10771
8833;7697;16530
6209;1960;8169
944;2171;3115
5882;6217;12099
6175;7324;13499
6950;8713;15663
1344;8329;9673
6422;9986;16408
5023;6101;11124
5090;3784;8874
2604;4708;7312
4473;3410;7883
2261;991;3252
1921;9703;11624
7098;6016;13114
420;6734;7154
6889;2401;9290
8527;6446;14973
9729;8343;18072
9665;5493;15158
6573;3331;9904
9108;747;9855
2014;3581;5595
1021;3907;4928
2526;1953;4479
4492;6514;11006
5020;9477;14497
1617;4814;6431
8727;8764;17491
7672;9364;17036
1057;3001;4058
4766;619;5385
6865;1931;8796
2046;405;2451
6538;9951;16489
3265;2841;6106
7912;2410;10322
424;2470;2894
1644;6194;7838
5542;9858;15400
3224;3271;6495
3311;6179;9490
6413;8878;15291
6548;3484;10032
5461;3622;9083
5113;9754;14867
7749;1606;9355
617;3201;3818
7551;4259;11810
7442;8517;15959
1482;9451;10933
470;5698;6168
8631;8989;17620
8922;9957;18879
998;8529;9527
5662;5717;11379
7692;4391;12083
61;1552;1613
3330;3669;6999
8105;1839;9944
8391;7878;16269
7081;7654;14735
8746;484;9230
507;5314;5821
3968;9939;13907
6483;3755;10238
4895;523;5418
454;1070;1524
9422;5301;14723
7052;5839;12891
4745;6656;11401
3236;6800;10036
6017;5144;11161
7253;9428;16681
9397;355;9752
6645;9306;15951
7888;6386;14274
7064;4746;11810
7501;1778;9279
619;8864;9483
6306;6905;13211
7278;4856;12134
5748;6099;11847
4319;4730;9049
3931;3422;7353
2554;3142;5696
9356;4531;13887
3768;9161;12929
16;6296;6312
8206;3928;12134
2077;8817;10894
6092;7515;13607
7812;9220;17032
5306;9898;15204
79;7630;7709
6447;8814;15261
7095;7000;14095
4514;1672;6186
9941;6669;16610
9855;3080;12935
1294;6162;7456
4807;2247;7054
3199;3633;6832
8439;7124;15563
8566;7691;16257
2049;1693;3742
2061;5547;7608
3707;6897;10604
9913;6923;16836
327;5652;5979
41;1500;1541
3914;6885;10799
2183;7910;10093
6495;1563;8058
1111;3446;4557
863;3897;4760
9432;5924;15356
6533;9318;15851
676;961;1637
3098;4594;7692
3610;964;4574
1433;4701;6134
9917;8928;18845
8696;4672;13368
9258;9312;18570
8201;3659;11860
8346;8369;16715
9920;9233;19153
8915;3455;12370
8352;8748;17100
3380;5393;8773
5779;7004;12783
5983;794;6777
880;2915;3795
3158;7775;10933
4630;2157;6787
4505;7303;11808
7621;9972;17593
7394;2374;9768
8494;6384;14878
2295;6147;8442
9649;7158;16807
9524;8040;17564
875;6451;7326
3817;2515;6332
5008;5757;10765
7366;5604;12970
8316;9097;17413
4060;2756;6816
879;4666;5545
6932;6008;12940
1860;5269;7129
1597;632;2229
5349;9343;14692
7804;9747;17551
3387;9504;12891
9559;4423;13982
6598;97;6695
7741;3984;11725
4941;8951;13892
3582;7464;11046
5875;6482;12357
2054;1152;3206
6813;7453;14266
3808;3024;6832
8897;6051;14948
9676;2650;12326
5542;9538;15080
2239;75;2314
2651;7511;10162
6408;3219;9627
772;3375;4147
1309;6227;7536
5540;7526;13066
3323;4263;7586
5663;9448;15111
8842;6243;15085
392;8201;8593
3298;7934;11232
1788;1165;2953
3876;3311;7187
7727;5813;13540
7924;3952;11876
5989;1829;7818
1527;4949;6476
2281;3319;5600
1221;9855;11076
8169;978;9147
6088;7887;13975
4059;7328;11387
8936;9127;18063
9283;8831;18114
604;9449;10053
2426;6805;9231
6556;9173;15729
2903;7600;10503
7467;5052;12519
8590;5331;13921
2115;4849;6964
1108;345;1453
3665;1895;5560
3579;2472;6051
1069;4495;5564
528;1536;2064
6225;7036;13261
3074;1103;4177
7089;5276;12365
6781;7838;14619
5610;1550;7160
6880;5099;11979
771;9034;9805
295;1929;2224
1892;8486;10378
5458;1762;7220
1368;2794;4162
3168;6112;9280
1407;5599;7006
2870;6488;9358
423;7647;8070
2283;4467;6750
8928;1742;10670
9592;5840;15432
7909;9457;17366
3370;2852;6222
8361;5045;13406
1874;9772;11646
6790;835;7625
7900;4472;12372
4439;9228;13667
9069;2990;12059
2666;405;3071
4178;2939;7117
6853;6686;13539
7831;2933;10764
5935;7700;13635
83;4869;4952
6221;6259;12480
3117;4291;7408
640;3274;3914
119;3405;3524
2069;7306;9375
8850;3220;12070
8518;5433;13951
8033;563;8596
1706;3965;5671
5764;8405;14169
6650;5332;11982
9373;7771;17144
2307;89;2396
8782;4125;12907
8701;5192;13893
1141;917;2058
1595;9564;11159
7658;7820;15478
3824;7072;10896
5652;9612;15264
8578;5497;14075
3240;4033;7273
6945;3127;10072
6527;7569;14096
4604;5959;10563
7114;3697;10811
6784;8688;15472
4336;1669;6005
9793;232;10025
5177;1158;6335
3586;992;4578
317;4318;4635
9106;3190;12296
7940;5525;13465
3208;6251;9459
3066;236;3302
585;3867;4452
6584;5431;12015
7486;1197;8683
6329;3948;10277
8541;834;9375
1071;2457;3528
6237;3139;9376
6925;8565;15490
3899;8385;12284
2714;9581;12295
929;737;1666
4905;4298;9203
2857;1193;4050
2900;1246;4146
4123;1320;5443
119;3229;3348
3216;612;3828
2624;885;3509
1890;9553;11443
2678;9210;11888
9718;2535;12253
2131;6735;8866
4801;7046;11847
1323;7909;9232
2456;5955;8411
7510;1918;9428
7746;9217;16963
2191;3756;5947
5986;1395;7381
2739;2854;5593
9067;6280;15347
167;3269;3436
5134;1926;7060
9326;5862;15188
5726;1863;7589
8600;6632;15232
4065;6785;10850
4800;5651;10451
608;330;938
1152;3161;4313
8010;4986;12996
8932;861;9793
5314;7400;12714
1834;9615;11449
9109;3781;12890
5849;1507;7356
2925;4060;6985
5504;8254;13758
7748;1172;8920
8802;2679;11481
9509;5173;14682
8410;9247;17657
547;5087;5634
8114;5870;13984
5437;580;6017
3904;489;4393
7848;5115;12963
2220;5654;7874
9104;650;9754
2026;2295;4321
4580;1854;6434
1750;308;2058
3463;6509;9972
8539;2529;11068
852;6007;6859
2575;9276;11851
3865;3538;7403
5977;5517;11494
4961;5000;9961
6483;8868;15351
3799;4691;8490
7912;5270;13182
4649;1871;6520
4864;4691;9555
6633;4916;11549
6787;5908;12695
4987;5405;10392
4754;829;5583
3155;2708;5863
7121;1768;8889
176;1422;1598
1156;6609;7765
4266;7517;11783
2606;860;3466
9212;4372;13584
1391;3787;5178
396;4479;4875
4836;9771;14607
431;922;1353
6338;4172;10510
1258;4316;5574
5177;6993;12170
8888;729;9617
5008;9896;14904
8355;3340;11695
3178;6416;9594
8027;7491;15518
3915;8354;12269
2349;1463;3812
4852;4677;9529
9950;9926;19876
3346;400;3746
5108;5647;10755
7520;5128;12648
2322;9102;11424
1973;6065;8038
1792;8366;10158
5451;7692;13143
6850;3628;10478
9;1648;1657
3554;2457;6011
1802;943;2745
9641;2829;12470
1285;8520;9805
9705;7289;16994
632;7971;8603
8811;5379;14190
5386;1159;6545
2845;5037;7882
217;4344;4561
3101;4843;7944
1112;3440;4552
451;6401;6852
1708;5371;7079
6500;3465;9965
625;9894;10519
68;2848;2916
1781;6031;7812
2296;6911;9207
4271;5985;10256
7660;1481;9141
7539;4564;12103
3563;3382;6945
6548;2085;8633
3918;234;4152
4996;7368;12364
6838;2960;9798
1467;9044;10511
9884;7421;17305
9895;473;10368
3554;2287;5841
8785;8607;17392
2870;6553;9423
1999;3794;5793
5414;4993;10407
8277;5772;14049
4052;5786;9838
7445;8189;15634
2642;1666;4308
4968;7326;12294
9862;4798;14660
8963;5990;14953
2713;4835;7548
8693;7892;16585
5393;8064;13457
7051;9969;17020
8694;2233;10927
6935;5749;12684
2085;8817;10902
4926;7283;12209
5821;3990;9811
3070;9673;12743
3782;4556;8338
5804;9592;15396
2243;5918;8161
9067;454;9521
5559;9497;15056
2994;9766;12760
1175;2466;3641
2148;8576;10724
6821;8980;15801
2264;4983;7247
7870;7809;15679
7832;2801;10633
3013;337;3350
3269;3477;6746
3902;2322;6224
2289;3104;5393
752;2955;3707
2519;9191;11710
1085;7447;8532
1397;2525;3922
2913;3711;6624
2681;3401;6082
3296;6484;9780
9893;9690;19583
4811;265;5076
9058;8698;17756
9071;4262;13333
5288;6892;12180
6947;5927;12874
8440;6142;14582
23;4064;4087
6720;7900;14620
225;8391;8616
121;3799;3920
8767;2141;10908
6392;8652;15044
3935;3324;7259
1171;8647;9818
5549;9555;15104
6965;8183;15148
6241;659;6900
6099;5845;11944
7150;230;7380
201;7833;8034
6049;8882;14931
132;5909;6041
8887;5498;14385
5868;7055;12923
120;9063;9183
1221;450;1671
698;3111;3809
8562;8754;17316
8595;24;8619
6998;8304;15302
8092;7101;15193
1170;7734;8904
2020;6011;8031
6330;3535;9865
5959;8538;14497
3342;5736;9078
789;8100;8889
4942;4102;9044
8572;8957;17529
5069;940;6009
8792;7253;16045
4751;9551;14302
948;298;1246
2368;658;3026
2996;6127;9123
6748;504;7252
7413;4987;12400
7296;7165;14461
9025;306;9331
6191;7211;13402
8635;6291;14926
1390;7494;8884
3505;314;3819
3468;9062;12530
2308;4130;6438
1005;1888;2893
7592;9414;17006
9067;8954;18021
7999;7309;15308
9546;3384;12930
5011;9226;14237
6875;5592;12467
9048;1110;10158
9062;628;9690
2621;4783;7404
6098;1332;7430
4788;344;5132
4599;3859;8458
7461;7607;15068
4023;8793;12816
9606;3728;13334
7090;7726;14816
9857;4837;14694
8283;8384;16667
9686;1864;11550
3012;7960;10972
3346;7762;11108
9499;5712;15211
9012;840;9852
9229;7083;16312
4504;746;5250
1533;1608;3141
9809;2707;12516
4664;3347;8011
639;9645;10284
6520;2746;9266
6018;5981;11999
7367;497;7864
4880;3178;8058
600;1402;2002
1165;3698;4863
8901;2671;11572
4162;5922;10084
2027;482;2509
491;2419;2910
6309;2532;8841
1835;9825;11660
145;1690;1835
1056;2770;3826
3617;4406;8023
5130;9611;14741
3901;5486;9387
710;4288;4998
2978;5188;8166
384;2100;2484
4931;6213;11144
1377;3921;5298
6965;1523;8488
4508;3072;7580
2797;934;3731
1124;7361;8485
1006;4231;5237
3226;5116;8342
5365;5529;10894
923;1343;2266
4420;7581;12001
9811;7674;17485
3240;6355;9595
7562;5322;12884
6046;3239;9285
1125;1131;2256
9954;4795;14749
666;4926;5592
4129;6872;11001
7122;3446;10568
3096;4130;7226
9254;2669;11923
1215;1087;2302
9400;4065;13465
2662;608;3270
2557;1597;4154
6919;2485;9404
6086;3831;9917
6651;8338;14989
2932;4127;7059
1736;8837;10573
6759;8233;14992
9131;3243;12374
8026;5354;13380
8125;6491;14616
1010;663;1673
1230;7417;8647
1699;9217;10916
1043;5083;6126
5044;3097;8141
6948;832;7780
9828;4848;14676
1422;6280;7702
5046;1476;6522
6829;3463;10292
1604;7833;9437
586;8193;8779
8457;4293;12750
4932;5722;10654
4655;6256;10911
9884;8969;18853
1304;5525;6829
6290;1553;7843
895;347;1242
4363;7843;12206
2398;3914;6312
1606;9174;10780
4923;1564;6487
22;6140;6162
6674;6114;12788
3056;8183;11239
4069;3091;7160
8272;3558;11830
7566;6799;14365
7225;3428;10653
1458;7900;9358
5570;6849;12419
3803;7252;11055
6630;9393;16023
7771;5373;13144
6640;5396;12036
8379;393;8772
795;5877;6672
1200;9706;10906
6091;4970;11061
9211;3392;12603
6758;8844;15602
9660;8154;17814
9316;434;9750
8633;4094;12727
8317;1694;10011
6343;2347;8690
8681;761;9442
222;1664;1886
7478;792;8270
1873;9405;11278
9632;7013;16645
5612;324;5936
7273;1545;8818
3488;737;4225
7280;1115;8395
8550;633;9183
8068;776;8844
4359;671;5030
1512;7426;8938
9725;4913;14638
7790;9977;17767
4370;2041;6411
8621;5058;13679
1472;1992;3464
8118;646;8764
243;2784;3027
5635;372;6007
8095;4650;12745
4038;4196;8234
1609;4316;5925
9306;7161;16467
533;5998;6531
4857;9444;14301
7164;2737;9901
9216;9819;19035
4379;7669;12048
8701;3633;12334
512;7470;7982
7127;4766;11893
5725;9876;15601
4993;1770;6763
3936;8456;12392
4454;6823;11277
757;9288;10045
3397;6443;9840
8987;589;9576
1738;9418;11156
4655;7198;11853
5758;3922;9680
6845;4385;11230
1207;144;1351
7547;8181;15728
4032;5147;9179
7593;9896;17489
55;7695;7750
7417;8913;16330
4920;5299;10219
9528;3547;13075
4382;1462;5844
8140;1497;9637
2800;1014;3814
7120;5089;12209
7038;5825;12863
9715;8170;17885
3591;748;4339
5286;5382;10668
5435;7962;13397
8307;3386;11693
6079;1511;7590
2450;2813;5263
301;6778;7079
1466;8288;9754
9661;7594;17255
6394;3164;9558
2969;3290;6259
89;7383;7472
5047;77;5124
3417;6924;10341
7009;7284;14293
2991;894;3885
1046;1817;2863
4905;9425;14330
3431;3364;6795
2644;715;3359
6424;4529;10953
2106;4766;6872
1408;3666;5074
1073;86;1159
4978;559;5537
3936;9175;13111
9975;1306;11281
7420;5426;12846
8706;7439;16145
129;6696;6825
5193;4709;9902
1121;9070;10191
5170;4042;9212
6290;4521;10811
5731;9514;15245
549;4330;4879
3959;5385;9344
6422;2644;9066
1006;9194;10200
5110;6106;11216
8143;2862;11005
8867;5298;14165
3270;1194;4464
1674;3011;4685
7336;1985;9321
8899;4578;13477
785;1848;2633
3759;714;4473
7021;3189;10210
9211;7103;16314
5611;9917;15528
382;2670;3052
6475;7445;13920
2219;3545;5764
6273;3840;10113
3753;6478;10231
5432;6595;12027
9604;7609;17213
7959;8908;16867
8512;6691;15203
8702;5223;13925
1340;8442;9782
3092;5710;8802
545;7590;8135
2227;7898;10125
4730;8180;12910
8701;5783;14484
8075;6410;14485
1301;7106;8407
1168;3956;5124
6554;955;7509
5909;8771;14680
3820;9472;13292
1296;1525;2821
4265;6027;10292
2260;4035;6295
7451;7840;15291
8719;3430;12149
2959;4407;7366
7247;8606;15853
6454;1794;8248
2737;1322;4059
7549;5445;12994
3936;6499;10435
4773;9523;14296
4289;8113;12402
4320;1790;6110
2071;3781;5852
2340;3866;6206
5291;944;6235
4552;6281;10833
5268;433;5701
2107;4320;6427
945;7152;8097
2012;6441;8453
2772;8659;11431
3344;356;3700
2426;8889;11315
9783;693;10476
9140;6068;15208
4408;2233;6641
6026;9285;15311
7339;793;8132
934;4641;5575
2131;9667;11798
2961;5987;8948
7853;8798;16651
5677;5845;11522
7449;1695;9144
42;5396;5438
489;2237;2726
3182;5232;8414
6722;1391;8113
6984;9254;16238
7522;3907;11429
4099;5456;9555
5909;6498;12407
1127;2988;4115
6666;4223;10889
5264;8356;13620
2960;9956;12916
1834;4281;6115
6115;1240;7355
7899;7345;15244
7147;3057;10204
4583;3045;7628
6008;6319;12327
7636;2326;9962
7662;6790;14452
3287;7506;10793
7641;108;7749
4172;1836;6008
7228;4640;11868
8026;8344;16370
5658;3806;9464
3193;3770;6963
5892;4590;10482
9610;2634;12244
7698;1634;9332
981;9788;10769
9177;6010;15187
3606;9379;12985
5377;152;5529
294;9111;9405
3619;4348;7967
1451;8593;10044
7145;3391;10536
2469;9589;12058
1938;3026;4964
1264;7107;8371
7030;5524;12554
9960;3803;13763
7287;6794;14081
2425;4629;7054
2693;9778;12471
1252;177;1429
8514;3783;12297
6150;8222;14372
5774;9086;14860
3407;4335;7742
4772;8364;13136
9172;9002;18174
176;9943;10119
5161;1026;6187
8525;4272;12797
7348;4853;12201
6931;3720;10651
6584;6994;13578
2059;8358;10417
4322;9391;13713
9604;6858;16462
7114;4894;12008
6266;6332;12598
36;2855;2891
1661;9675;11336
1566;8023;9589
7509;8670;16179
6736;1153;7889
3853;8413;12266
3183;3686;6869
8421;6983;15404
9102;8006;17108
1083;7857;8940
2452;4986;7438
7915;6225;14140
4796;7778;12574
3892;6495;10387
5585;2825;8410
2655;549;3204
5882;4067;9949
1246;7221;8467
3809;1058;4867
9148;2735;11883
3957;5047;9004
9137;4699;13836
3874;5987;9861
7608;2872;10480
2804;866;3670
9605;7709;17314
6334;3259;9593
2980;5013;7993
8720;1144;9864
1881;5113;6994
2869;9699;12568
5271;355;5626
8115;5109;13224
2109;3631;5740
507;7147;7654
5132;2045;7177
5277;9030;14307
9326;7529;16855
7683;7365;15048
4181;7964;12145
8424;4348;12772
6271;7554;13825
9653;545;10198
3295;5449;8744
1210;2561;3771
578;4298;4876
2444;90;2534
898;3051;3949
5547;5024;10571
9156;1797;10953
9207;1344;10551
1725;2505;4230
9440;2529;11969
5324;8269;13593
9636;9311;18947
6901;3378;10279
4983;4955;9938
4107;5722;9829
7239;6183;13422
4203;5258;9461
1453;260;1713
8338;6810;15148
1093;1737;2830
8322;2372;10694
9282;3643;12925
9778;1932;11710
6967;9312;16279
8981;8293;17274
8910;448;9358
8828;7952;16780
78;3039;3117
4456;4767;9223
1409;3785;5194
701;9340;10041
4885;9821;14706
5975;2643;8618
7139;6303;13442
2481;7250;9731
3354;2378;5732
2281;7374;9655
4735;9098;13833
873;8735;9608
400;3620;4020
2976;1773;4749
4657;1829;6486
171;6495;6666
8409;9300;17709
294;6119;6413
7375;9295;16670
8772;429;9201
8138;3536;11674
9276;6641;15917
4988;946;5934
1005;302;1307
6620;6961;13581
299;5845;6144
6219;8182;14401
312;8532;8844
3824;7627;11451
1896;8360;10256
4407;800;5207
2676;9281;11957
1598;7685;9283
4466;1697;6163
424;6319;6743
1417;7925;9342
3889;7726;11615
5984;8079;14063
8638;902;9540
2296;3551;5847
6496;4230;10726
6502;4546;11048
102;3555;3657
5392;6291;11683
5206;570;5776
1396;6111;7507
4284;7391;11675
7640;469;8109
4140;8440;12580
2445;2239;4684
650;2055;2705
4086;2999;7085
3320;5540;8860
3639;3559;7198
9328;5364;14692
2026;8379;10405
1327;1285;2612
2082;1613;3695
3937;5166;9103
7385;7013;14398
4287;4431;8718
2568;5045;7613
3232;6215;9447
4065;1789;5854
5719;5301;11020
8008;5399;13407
4483;8985;13468
222;5622;5844
9709;8451;18160
7073;4063;11136
7755;1746;9501
9535;2500;12035
2609;1720;4329
7899;5659;13558
7477;2955;10432
9266;4050;13316
1798;4766;6564
3838;9243;13081
741;8196;8937
7400;712;8112
3484;9341;12825
6456;2847;9303
5897;1486;7383
4090;8481;12571
429;3591;4020
6336;4560;10896
4224;1356;5580
5025;3259;8284
8394;517;8911
1396;7826;9222
2729;563;3292
8236;779;9015
9365;4395;13760
4778;8683;13461
5967;9113;15080
1846;6909;8755
8421;8817;17238
2595;780;3375
8912;8650;17562
1564;4692;6256
4407;1558;5965
6265;4957;11222
1321;5296;6617
9377;7852;17229
4951;7723;12674
4859;1714;6573
397;1918;2315
1225;560;1785
7255;9590;16845
8401;368;8769
8672;5097;13769
9059;7900;16959
8337;5130;13467
3709;9087;12796
2208;2752;4960
8364;4099;12463
5454;8440;13894
4932;2835;7767
3833;6311;10144
416;9673;10089
1257;3662;4919
5577;6173;11750
1605;9134;10739
2991;7773;10764
6106;1795;7901
1072;5771;6843
7114;6657;13771
3112;7705;10817
690;9498;10188
7521;3606;11127
7728;8730;16458
4905;594;5499
4495;9195;13690
629;3426;4055
5440;1637;7077
3231;8410;11641
6798;6787;13585
9128;9614;18742
1327;6111;7438
5477;294;5771
1874;9474;11348
9464;7418;16882
6678;1551;8229
5440;451;5891
1863;7813;9676
5564;2383;7947
7278;3230;10508
4662;7532;12194
9666;3004;12670
7315;6714;14029
8027;8355;16382
5500;8979;14479
2893;6347;9240
3460;7679;11139
8393;9254;17647
6808;1740;8548
3341;7031;10372
197;5188;5385
4888;5201;10089
7925;5355;13280
2334;2288;4622
636;5441;6077
7389;7430;14819
3789;4516;8305
6031;7324;13355
2422;4820;7242
5015;7385;12400
9657;4909;14566
8514;3193;11707
7757;2241;9998
7725;2044;9769
4254;87;4341
3474;5087;8561
5468;5372;10840
5958;8643;14601
6114;5568;11682
6459;4973;11432
3879;2908;6787
9256;7823;17079
5978;624;6602
9019;5289;14308
6144;1848;7992
4884;3060;7944
5260;9217;14477
3401;5509;8910
8187;1087;9274
1350;6976;8326
381;9278;9659
6817;2735;9552
3155;8049;11204
8489;6254;14743
6826;3692;10518
7035;1289;8324
5402;755;6157
1051;8167;9218
4715;5554;10269
3778;9093;12871
9728;6923;16651
7661;8861;16522
5185;6246;11431
4575;1824;6399
2039;2348;4387
8448;2572;11020
6645;3468;10113
6436;2445;8881
4848;3060;7908
4450;101;4551
3867;5090;8957
5505;1190;6695
1812;778;2590
4816;12;4828
776;5738;6514
6650;7520;14170
8857;5744;14601
4158;1488;5646
4061;1760;5821
2794;862;3656
920;3946;4866
1861;166;2027
3966;9812;13778
4290;5895;10185
6493;2339;8832
5723;9491;15214
8126;5987;14113
6455;9141;15596
6782;5359;12141
4259;4049;8308
8967;4268;13235
7167;3514;10681
9389;8894;18283
3760;9574;13334
8621;4321;12942
8201;1495;9696
4050;3560;7610
840;8878;9718
3586;4290;7876
3720;6942;10662
3875;4089;7964
3757;4813;8570
9762;8470;18232
2;4999;5001
5203;4825;10028
7051;2710;9761
5012;8210;13222
7297;434;7731
990;5054;6044
9685;8984;18669
6529;3558;10087
5594;4242;9836
9235;1072;10307
1766;398;2164
2017;9783;11800
7336;1312;8648
1958;178;2136
2148;4835;6983
1090;9071;10161
99;3684;3783
245;119;364
1239;9031;10270
9037;2432;11469
9898;7178;17076
5550;4095;9645
7704;2756;10460
1421;6824;8245
5864;9306;15170
4634;4431;9065
4076;5266;9342
6953;6719;13672
3001;298;3299
2166;1121;3287
3079;9944;13023
6126;3664;9790
5675;3616;9291
6916;9709;16625
8958;3168;12126
3610;4539;8149
3172;853;4025
5925;7034;12959
5594;5628;11222
5930;2043;7973
4430;5753;10183
2298;5104;7402
3762;5540;9302
3002;6765;9767
8436;8201;16637
4273;8542;12815
182;9361;9543
8503;3799;12302
8942;3029;11971
4777;5571;10348
2587;5045;7632
3324;7102;10426
5019;6028;11047
310;713;1023
5345;9757;15102
6480;765;7245
8258;4874;13132
9330;1076;10406
9650;7111;16761
9479;7641;17120
962;9264;10226
8716;2471;11187
5673;4270;9943
2637;78;2715
1187;7090;8277
4744;7657;12401
4323;6435;10758
6118;7343;13461
6888;2075;8963
4866;9922;14788
1357;8227;9584
112;1897;2009
2713;6886;9599
666;3382;4048
8413;4422;12835
4805;7977;12782
5318;3724;9042
8001;647;8648
3212;1138;4350
1658;5065;6723
2334;5119;7453
3268;2491;5759
9272;3789;13061
5609;6513;12122
2433;6975;9408
8807;2718;11525
712;2692;3404
7662;9203;16865
4032;2426;6458
862;1862;2724
3216;8423;11639
9192;7279;16471
1932;725;2657
4691;5455;10146
8727;7709;16436
9453;9447;18900
7618;1798;9416
636;4096;4732
2560;4785;7345
8847;3501;12348
3217;6937;10154
220;473;693
912;3456;4368
913;6778;7691
4669;9087;13756
8499;5798;14297
6556;6269;12825
4641;5939;10580
5223;746;5969
1794;6417;8211
8796;4796;13592
8546;7785;16331
1343;3601;4944
4092;4924;9016
7895;1707;9602
9115;1244;10359
5810;7300;13110
2953;1445;4398
8259;1941;10200
987;4822;5809
8384;5760;14144
5677;5469;11146
3289;4844;8133
2152;3134;5286
6870;9529;16399
3081;239;3320
1874;6983;8857
4952;9491;14443
8528;568;9096
9668;9593;19261
7678;2713;10391
128;6968;7096
5203;9498;14701
9063;2025;11088
6429;4432;10861
4465;7535;12000
6390;8130;14520
1428;3388;4816
2052;5010;7062
5292;3426;8718
1896;5707;7603
4311;9554;13865
9206;5876;15082
4255;782;5037
4292;3642;7934
9663;7931;17594
1174;2283;3457
5292;314;5606
6447;3776;10223
3775;6384;10159
7459;8628;16087
3018;6278;9296
7381;4001;11382
9251;6329;15580
8337;6810;15147
709;3140;3849
8522;5781;14303
2421;3770;6191
4889;2601;7490
4339;4167;8506
8150;6512;14662
686;9484;10170
5977;113;6090
6609;9262;15871
9399;3515;12914
1061;7808;8869
4153;3600;7753
5669;4475;10144
5797;5609;11406
2915;7998;10913
7328;7232;14560
3975;6978;10953
4350;2995;7345
4680;6069;10749
9651;8863;18514
4861;3383;8244
6377;7146;13523
7322;9702;17024
1171;3958;5129
750;8869;9619
327;9024;9351
275;3945;4220
8432;4201;12633
7054;1277;8331
2818;3940;6758
4873;8579;13452
100;1167;1267
5871;8139;14010
8674;7014;15688
1137;6715;7852
2029;7374;9403
2531;8556;11087
5835;2907;8742
9997;5664;15661
5361;2191;7552
9624;2373;11997
3918;8956;12874
4880;9324;14204
1456;477;1933
419;5412;5831
2976;9260;12236
5785;3529;9314
5390;6812;12202
9241;4674;13915
9122;3969;13091
3222;3780;7002
8161;7498;15659
206;2661;2867
6080;2916;8996
4149;9891;14040
834;913;1747
1100;5984;7084
6337;619;6956
7581;8989;16570
7511;1618;9129
3367;2674;6041
7007;8157;15164
7259;9277;16536
784;2592;3376
5929;2480;8409
7566;1789;9355
7063;748;7811
6960;3026;9986
5309;8735;14044
6718;6228;12946
8358;6731;15089
1487;5816;7303
8354;2765;11119
5769;3230;8999
7344;5475;12819
6971;7507;14478
9253;6356;15609
5853;3973;9826
3759;4421;8180
130;425;555
4464;6016;10480
2266;382;2648
7402;2629;10031
9124;9975;19099
4016;5615;9631
1759;7580;9339
1815;8691;10506
2740;9291;12031
2133;3552;5685
3872;9462;13334
5014;9065;14079
3299;1584;4883
5400;1604;7004
6604;1011;7615
139;9316;9455
935;3852;4787
2115;5359;7474
2820;2901;5721
5947;2428;8375
5909;102;6011
2444;1884;4328
5090;2473;7563
6693;1229;7922
3648;5191;8839
8651;770;9421
643;931;1574
6473;6953;13426
6437;2661;9098
6003;363;6366
3627;4857;8484
2329;2515;4844
1581;2802;4383
5663;4635;10298
6290;7554;13844
9318;6969;16287
9106;6883;15989
4007;5012;9019
9475;2189;11664
9091;9307;18398
6854;1689;8543
6842;9178;16020
7436;7400;14836
6220;5581;11801
8316;2600;10916
173;9288;9461
1584;8904;10488
3222;443;3665
5070;904;5974
8838;1462;10300
4517;9464;13981
7109;1449;8558
471;6152;6623
6075;6439;12514
721;2199;2920
3810;2733;6543
4331;9392;13723
145;5920;6065
4805;3343;8148
8423;9819;18242
8310;9485;17795
1202;7576;8778
4948;3245;8193
4583;5272;9855
7960;3993;11953
731;6820;7551
7077;9303;16380
2589;2544;5133
9874;4171;14045
1542;9508;11050
6506;2896;9402
6447;4374;10821
5862;751;6613
9933;6854;16787
3403;3063;6466
5528;8890;14418
2094;8524;10618
2082;2204;4286
9798;4758;14556
4363;9452;13815
328;4401;4729
3476;5643;9119
6307;51;6358
7896;3462;11358
5266;5223;10489
8910;3400;12310
6872;7283;14155
5206;4015;9221
797;3131;3928
8299;8428;16727
3850;1461;5311
6689;3964;10653
1931;8715;10646
7635;6889;14524
6027;4666;10693
2598;4542;7140
4847;9733;14580
3870;130;4000
4025;5959;9984
5413;6823;12236
9103;3001;12104
6809;9942;16751
18;4730;4748
5208;7999;13207
2105;4563;6668
1456;2233;3689
331;6294;6625
7144;2651;9795
3108;77;3185
118;1317;1435
6462;6388;12850
2641;9794;12435
9374;7604;16978
5590;1500;7090
3092;2854;5946
7177;8901;16078
6208;8728;14936
1026;3032;4058
9073;7268;16341
5861;5559;11420
3696;9541;13237
1460;7397;8857
1020;8780;9800
5595;7851;13446
1751;3583;5334
1978;2308;4286
7817;4791;12608
88;6635;6723
8690;9279;17969
9453;5584;15037
1399;9549;10948
8710;4181;12891
1097;1453;2550
2362;1348;3710
1834;9592;11426
1426;7449;8875
460;6092;6552
3561;3880;7441
4249;860;5109
9798;780;10578
3402;6305;9707
418;1917;2335
9752;2939;12691
1641;1852;3493
8653;5826;14479
7853;8981;16834
2228;5703;7931
1928;4184;6112
8194;4825;13019
1554;6869;8423
6680;9678;16358
2492;2159;4651
1691;3108;4799
4307;253;4560
9521;7709;17230
2407;5902;8309
6246;1174;7420
7026;7647;14673
7019;7455;14474
8562;755;9317
954;9183;10137
594;3445;4039
4481;3232;7713
7450;6123;13573
7558;5767;13325
1042;1083;2125
4928;7366;12294
2917;348;3265
3244;8555;11799
2337;5105;7442
3101;8995;12096
7995;656;8651
6245;1677;7922
3354;1891;5245
2044;160;2204
963;8947;9910
7960;6597;14557
7445;6577;14022
7295;7055;14350
903;7855;8758
3471;8919;12390
8453;1482;9935
7147;7379;14526
7133;6916;14049
5284;8732;14016
6052;5085;11137
3899;5150;9049
2364;5833;8197
9381;1536;10917
4542;7278;11820
8709;4570;13279
2563;7497;10060
798;5677;6475
3228;45;3273
6025;7870;13895
6214;3408;9622
3811;1442;5253
3496;4684;8180
4677;6582;11259
6363;4144;10507
7708;1121;8829
2305;568;2873
1363;4487;5850
4239;7708;11947
2267;558;2825
2788;1332;4120
2674;2124;4798
6661;8510;15171
4548;7148;11696
8129;5990;14119
7070;8276;15346
5945;9096;15041
7062;7608;14670
311;1885;2196
5061;5214;10275
6973;4004;10977
3209;2130;5339
3060;7883;10943
728;4193;4921
8941;2580;11521
1660;9568;11228
1354;9343;10697
9965;4613;14578
673;5859;6532
8755;5763;14518
5594;5491;11085
643;9755;10398
4543;3755;8298
1946;1389;3335
9668;1651;11319
5809;3498;9307
8891;3924;12815
3240;651;3891
2150;4666;6816
6178;3654;9832
9848;438;10286
7654;1274;8928
6135;6830;12965
2308;654;2962
901;1792;2693
7611;8500;16111
3153;7549;10702
8542;2163;10705
9430;6603;16033
5661;2385;8046
2739;3764;6503
3360;7325;10685
5686;9948;15634
9052;2860;11912
3381;2520;5901
3189;8344;11533
7271;2737;10008
3025;9807;12832
3777;2435;6212
8082;975;9057
2004;41;2045
595;6593;7188
739;917;1656
1399;6932;8331
735;9327;10062
1043;1368;2411
8713;8988;17701
5873;16;5889
992;9557;10549
6187;8855;15042
9102;7931;17033
2848;6173;9021
4514;4067;8581
6766;4475;11241
4265;1107;5372
5655;5516;11171
3489;5692;9181
9582;6106;15688
8840;7095;15935
8451;7665;16116
940;1057;1997
6394;5819;12213
4745;6985;11730
1777;1432;3209
7772;4736;12508
273;414;687
381;7684;8065
1308;2089;3397
4233;3938;8171
32;7153;7185
3456;5040;8496
5242;995;6237
1969;9508;11477
9686;8443;18129
7029;4793;11822
1330;7050;8380
5277;3109;8386
5542;1362;6904
4981;3392;8373
7748;6545;14293
250;6395;6645
3238;1132;4370
1461;4390;5851
7739;6342;14081
8428;7687;16115
4542;9663;14205
6391;8287;14678
6569;574;7143
5526;4980;10506
3269;1843;5112
2800;3906;6706
1512;397;1909
4993;6044;11037
6299;4220;10519
2616;8840;11456
8285;5486;13771
9220;7770;16990
247;3490;3737
8500;5925;14425
3221;6007;9228
2003;3042;5045
6266;8746;15012
9115;5198;14313
6442;4870;11312
3559;1710;5269
8819;1493;10312
7891;5553;13444
9503;1511;11014
3924;8026;11950
9222;3713;12935
8780;5544;14324
7519;3940;11459
3825;8725;12550
6561;6580;13141
7650;8596;16246
9376;6237;15613
2123;3128;5251
7830;3056;10886
6197;4234;10431
401;6442;6843
3919;3804;7723
7736;543;8279
358;6044;6402
9283;6081;15364
9265;2695;11960
2404;8502;10906
7313;2145;9458
6189;3969;10158
9936;8490;18426
3204;2816;6020
4041;6313;10354
448;1536;1984
6347;9014;15361
1594;1827;3421
6912;894;7806
7493;1988;9481
5058;1987;7045
9193;1629;10822
2734;8490;11224
9704;7793;17497
3823;3217;7040
6769;6909;13678
7847;6742;14589
4578;8558;13136
1565;5852;7417
4999;1954;6953
4999;8610;13609
4652;9327;13979
4542;5040;9582
1504;2244;3748
9133;86;9219
754;890;1644
9251;8940;18191
151;9628;9779
2087;7629;9716
2365;8921;11286
686;4476;5162
9106;3000;12106
8292;1574;9866
3642;3849;7491
4719;4965;9684
4977;4105;9082
9441;579;10020
7643;8847;16490
4073;3521;7594
7519;4084;11603
8487;2286;10773
58;527;585
9185;1750;10935
2051;2483;4534
9866;4659;14525
8656;1643;10299
2199;3816;6015
2815;2622;5437
9537;9625;19162
2092;3200;5292
7388;3036;10424
7994;9104;17098
2144;9848;11992
1130;6331;7461
9121;2981;12102
5305;502;5807
7629;8099;15728
1830;2221;4051
361;3297;3658
9534;4706;14240
4333;8642;12975
9047;6103;15150
6014;4180;10194
8026;2109;10135
23;1856;1879
317;6237;6554
2610;4935;7545
8783;7207;15990
97;6596;6693
2720;9478;12198
5687;6697;12384
6356;4267;10623
5466;5187;10653
4110;2177;6287
8782;5392;14174
2919;5579;8498
1222;6532;7754
3023;5270;8293
9856;121;9977
5712;7585;13297
8946;8081;17027
7978;5213;13191
7031;6277;13308
1550;1308;2858
8777;9284;18061
5855;556;6411
518;4270;4788
7963;7135;15098
1730;250;1980
5537;2802;8339
8776;6996;15772
790;8357;9147
5228;5131;10359
8046;8122;16168
8611;7048;15659
4859;9310;14169
553;6660;7213
6837;6781;13618
6836;7639;14475
6008;1449;7457
8887;1901;10788
6617;1079;7696
4745;1937;6682
6905;8048;14953
7360;5465;12825
694;1832;2526
7324;7127;14451
539;6502;7041
3032;6174;9206
7367;8381;15748
2579;9503;12082
9011;6956;15967
5137;9236;14373
3299;6550;9849
6515;501;7016
2682;3785;6467
2771;4290;7061
663;7337;8000
3382;1511;4893
274;5608;5882
8759;5740;14499
4271;3839;8110
5175;4144;9319
4888;5898;10786
8325;4718;13043
1223;3589;4812
727;7700;8427
7947;6729;14676
5031;4428;9459
8868;2313;11181
5766;9391;15157
9293;8835;18128
2008;6657;8665
2316;9906;12222
4958;9086;14044
1573;5213;6786
4525;9111;13636
613;8944;9557
1506;4781;6287
480;3872;4352
9267;7641;16908
3880;40;3920
4511;7161;11672
5248;1109;6357
8864;2160;11024
4240;1282;5522
3754;1367;5121
7078;6454;13532
3822;9375;13197
1374;283;1657
6898;8895;15793
9499;4773;14272
9124;5667;14791
4160;636;4796
9255;7307;16562
5468;550;6018
938;946;1884
446;8168;8614
2442;4496;6938
4653;5518;10171
6414;2274;8688
2742;9572;12314
8997;7792;16789
8363;7480;15843
9581;5686;15267
1503;8936;10439
9768;1181;10949
5443;3687;9130
2084;8182;10266
7473;8602;16075
9887;7294;17181
5766;3756;9522
5660;5570;11230
5034;7600;12634
8657;1778;10435
6997;5057;12054
6318;3112;9430
8198;3099;11297
3961;3974;7935
9380;5679;15059
2851;840;3691
8188;6420;14608
4694;4099;8793
5439;6923;12362
5248;6198;11446
6338;7454;13792
5522;3745;9267
5514;8302;13816
3387;2085;5472
6641;373;7014
2077;2707;4784
9237;4339;13576
5256;7165;12421
1352;1184;2536
3237;1247;4484
8374;8800;17174
752;9651;10403
2523;182;2705
7361;924;8285
5069;6367;11436
1530;549;2079
3742;3041;6783
7833;5569;13402
121;3570;3691
2260;7383;9643
9036;8381;17417
3184;6241;9425
5969;5248;11217
9180;3185;12365
3184;7624;10808
7136;9953;17089
1264;8751;10015
3081;8295;11376
1266;3995;5261
1470;7858;9328
391;7457;7848
3758;4276;8034
4727;5411;10138
189;9829;10018
8151;3228;11379
9022;2324;11346
8765;4186;12951
8489;2134;10623
991;635;1626
731;1788;2519
3188;4460;7648
4908;1573;6481
7867;7083;14950
9842;8968;18810
5860;5286;11146
8234;2396;10630
2934;1167;4101
6734;4883;11617
7438;2735;10173
5949;9077;15026
803;3259;4062
8498;300;8798
5100;6572;11672
2357;6821;9178
5733;7138;12871
4680;4131;8811
4104;4884;8988
1587;675;2262
2907;3006;5913
6744;816;7560
1883;6677;8560
6862;5629;12491
6927;2079;9006
1256;2227;3483
2609;4498;7107
7451;910;8361
3743;8883;12626
64;5686;5750
1296;6345;7641
4654;1732;6386
3187;1069;4256
4175;6930;11105
7112;1705;8817
6551;6480;13031
3691;3840;7531
2253;6578;8831
1219;5291;6510
5105;6601;11706
8409;8643;17052
4280;6292;10572
7919;6952;14871
9742;4288;14030
5492;2728;8220
4463;7249;11712
3369;1268;4637
1534;4750;6284
1884;3002;4886
310;6884;7194
5903;5340;11243
5786;3926;9712
2093;3604;5697
6537;9509;16046
9258;2360;11618
2124;1544;3668
7187;7515;14702
5192;1138;6330
5440;5186;10626
2458;6255;8713
5816;4953;10769
2449;2278;4727
546;6156;6702
1247;944;2191
6775;7321;14096
8828;4110;12938
4130;971;5101
3654;873;4527
6206;7505;13711
1916;2717;4633
4824;1803;6627
5013;916;5929
5630;2699;8329
6902;1572;8474
9478;1604;11082
2474;8275;10749
5003;976;5979
7123;1393;8516
6416;8146;14562
7143;8029;15172
9158;4583;13741
9391;9243;18634
7289;5657;12946
9332;1918;11250
742;4907;5649
7138;5198;12336
2970;688;3658
9563;7602;17165
2312;7265;9577
2266;4119;6385
5208;7324;12532
3249;4888;8137
8599;7390;15989
7823;3357;11180
48;2792;2840
4513;9844;14357
3174;7003;10177
4870;1085;5955
9339;7414;16753
2097;8791;10888
7490;5862;13352
4917;6766;11683
9246;4527;13773
4449;5290;9739
5157;9446;14603
2365;6413;8778
9051;9050;18101
7173;4237;11410
7242;5736;12978
8110;6393;14503
3712;8130;11842
837;3211;4048
5846;5878;11724
342;3079;3421
7101;9659;16760
2012;9274;11286
3456;7295;10751
4793;5987;10780
5422;8092;13514
7803;866;8669
9846;3;9849
8643;276;8919
3335;9271;12606
2894;3859;6753
1895;55;1950
1187;6571;7758
5819;417;6236
1818;3837;5655
4229;1623;5852
2757;4073;6830
116;6601;6717
4509;7656;12165
3155;3881;7036
1363;5641;7004
2751;2212;4963
1576;167;1743
3487;9957;13444
6686;50;6736
7158;7823;14981
999;1230;2229
3758;3687;7445
4159;937;5096
9927;9480;19407
8609;5470;14079
1974;4940;6914
9007;609;9616
5319;3958;9277
2204;7159;9363
4439;7222;11661
6609;9551;16160
9497;7478;16975
2558;3149;5707
2204;3420;5624
748;4308;5056
9097;9258;18355
3583;478;4061
9011;9017;18028
9538;4381;13919
114;469;583
1150;5655;6805
8322;5567;13889
5394;4814;10208
6591;4425;11016
6230;3489;9719
140;2792;2932
6142;4604;10746
2929;2742;5671
850;7595;8445
2969;466;3435
8906;6409;15315
3653;1358;5011
3154;6289;9443
4140;8220;12360
6375;5739;12114
5061;9490;14551
9203;1176;10379
170;5396;5566
4325;3196;7521
8688;7451;16139
8628;2933;11561
2814;7640;10454
6810;2908;9718
8307;5808;14115
5818;4882;10700
5865;5834;11699
4660;5794;10454
674;748;1422
7892;8445;16337
2601;6586;9187
5220;1418;6638
2838;9491;12329
3871;7903;11774
4521;463;4984
9276;2899;12175
5206;6627;11833
3968;4488;8456
9056;7827;16883
7860;9393;17253
3026;3885;6911
9832;2236;12068
2208;1597;3805
7656;9334;16990
9399;7743;17142
919;5505;6424
6809;7955;14764
5018;576;5594
3364;2249;5613
1574;2389;3963
66;5235;5301
6361;4134;10495
3546;6317;9863
6527;8537;15064
4389;9294;13683
1237;1641;2878
8692;3249;11941
5156;6932;12088
2998;6574;9572
5596;6088;11684
1637;4366;6003
7717;3914;11631
3680;8020;11700
9641;797;10438
9190;571;9761
8322;2615;10937
3956;4856;8812
918;3798;4716
8441;6031;14472
5351;9560;14911
3741;8264;12005
9312;9869;19181
3038;3325;6363
6978;8149;15127
8318;6696;15014
1863;3187;5050
5635;5657;11292
7457;9220;16677
600;4160;4760
7637;9732;17369
4609;1417;6026
2677;7423;10100
8296;4499;12795
5894;2174;8068
7426;7264;14690
1709;1801;3510
4444;7969;12413
9924;4083;14007
9887;1647;11534
7831;2991;10822
440;9559;9999
5432;9742;15174
6348;3416;9764
451;4551;5002
7342;4709;12051
3454;1103;4557
2915;5105;8020
8617;3112;11729
3780;8447;12227
5865;6170;12035
2894;140;3034
9066;5415;14481
5322;782;6104
3497;2312;5809
2710;6948;9658
2919;816;3735
2840;4506;7346
3606;8542;12148
8429;9896;18325
6793;5192;11985
8529;3245;11774
4366;2672;7038
1427;8895;10322
9717;4870;14587
1337;6139;7476
6561;8966;15527
6101;7753;13854
7807;6725;14532
2680;5116;7796
8023;998;9021
8922;5830;14752
1850;9611;11461
5280;4900;10180
9190;5916;15106
2130;6402;8532
208;1758;1966
5063;4877;9940
6845;7716;14561
5357;8960;14317
9468;468;9936
4299;1858;6157
3984;4004;7988
4115;6486;10601
9452;1717;11169
1788;8024;9812
4779;5683;10462
2975;8748;11723
8077;6042;14119
9913;4741;14654
5148;8897;14045
8373;974;9347
5256;3079;8335
9685;3074;12759
9339;7376;16715
6132;8066;14198
4058;6939;10997
9983;4531;14514
2889;6249;9138
5437;7558;12995
6535;5984;12519
2242;3107;5349
8030;5505;13535
9847;395;10242
134;4958;5092
6313;6518;12831
9460;1638;11098
4445;4714;9159
4439;9207;13646
9624;1696;11320
1177;1766;2943
3754;598;4352
5422;9941;15363
8787;2220;11007
3423;1348;4771
3712;3489;7201
3020;8894;11914
1765;5195;6960
330;4882;5212
1314;9431;10745
5350;4153;9503
4109;7902;12011
8548;1286;9834
2735;5752;8487
7549;7768;15317
3218;9359;12577
3461;1555;5016
4781;9339;14120
8547;432;8979
3607;3534;7141
130;2093;2223
4938;3106;8044
7614;6824;14438
5001;8043;13044
6084;1738;7822
2253;272;2525
5587;3739;9326
1381;7705;9086
7671;4593;12264
9516;6163;15679
1296;1058;2354
4429;9431;13860
4463;6439;10902
4069;8217;12286
5239;6431;11670
4581;6893;11474
2020;2536;4556
3732;4783;8515
3895;5319;9214
3176;9306;12482
4668;5192;9860
5740;3583;9323
6109;1668;7777
5400;3011;8411
7256;7010;14266
8265;2612;10877
256;7650;7906
3096;5814;8910
9090;8356;17446
9844;2372;12216
1196;2103;3299
8515;8067;16582
4561;8862;13423
209;5496;5705
1047;9031;10078
7046;4838;11884
2397;7903;10300
1880;3608;5488
2834;6032;8866
6609;5214;11823
3641;7275;10916
6214;1111;7325
874;3144;4018
9882;3281;13163
1644;1176;2820
8268;4476;12744
3211;5441;8652
3230;1225;4455
1055;5471;6526
4564;2690;7254
6094;5765;11859
4876;4765;9641
6502;5576;12078
2623;1732;4355
6111;7070;13181
3405;301;3706
8724;486;9210
7051;8472;15523
3779;3259;7038
4373;6678;11051
5038;2106;7144
6317;613;6930
1977;4763;6740
9578;9691;19269
4154;3475;7629
7251;4144;11395
834;4218;5052
3727;4689;8416
6686;4873;11559
7682;3629;11311
7307;6794;14101
2912;3567;6479
1923;2611;4534
1386;9560;10946
9129;181;9310
1010;8885;9895
8468;1934;10402
3873;902;4775
4254;1750;6004
6780;6000;12780
8591;6112;14703
8528;4392;12920
8826;677;9503
1501;9699;11200
201;4249;4450
1884;468;2352
2600;1348;3948
3691;90;3781
1868;6827;8695
5451;7255;12706
2886;6001;8887
761;3279;4040
5438;5652;11090
9592;8264;17856
3273;2376;5649
2754;2514;5268
42;8728;8770
4097;1709;5806
1515;9681;11196
2737;25;2762
6663;1527;8190
5626;9048;14674
5794;8546;14340
3010;1730;4740
7392;1159;8551
4615;9804;14419
7593;1184;8777
8971;2211;11182
4300;426;4726
8864;6653;15517
7629;2791;10420
7407;8530;15937
7541;6886;14427
7829;7885;15714
9350;7170;16520
1514;7750;9264
8864;236;9100
500;4254;4754
8351;2732;11083
9986;7045;17031
2467;9851;12318
808;1656;2464
9368;955;10323
5549;9228;14777
2557;8362;10919
2530;9586;12116
839;4364;5203
9397;6854;16251
9999;5930;15929
9472;7738;17210
9478;2972;12450
2650;8201;10851
5078;4841;9919
7862;4874;12736
4312;2476;6788
4231;4031;8262
1417;6372;7789
324;5625;5949
9430;3220;12650
5885;3097;8982
6035;5944;11979
8042;1587;9629
6622;8713;15335
5246;591;5837
4714;8549;13263
4193;897;5090
5097;9116;14213
3629;5221;8850
4;628;632
4928;7167;12095
6711;1340;8051
9604;93;9697
9795;1334;11129
2533;469;3002
4271;1460;5731
5399;6172;11571
6967;2435;9402
349;7669;8018
5058;3190;8248
8024;3489;11513
1566;5789;7355
1105;6011;7116
1177;5755;6932
1531;7129;8660
4097;311;4408
7149;607;7756
5399;872;6271
6517;5818;12335
5380;407;5787
1270;6870;8140
3162;3536;6698
3182;5847;9029
4041;77;4118
4424;3934;8358
5706;6876;12582
7361;7392;14753
7183;3934;11117
9020;8498;17518
7049;7141;14190
822;3258;4080
5565;2764;8329
4556;540;5096
2539;2428;4967
6256;4006;10262
922;258;1180
7445;9823;17268
6514;5381;11895
3101;8382;11483
7014;5665;12679
7719;2428;10147
8548;9510;18058
1623;941;2564
1793;2014;3807
8482;3101;11583
469;8323;8792
4898;9058;13956
9659;3045;12704
6122;3737;9859
5782;1928;7710
9606;6764;16370
8739;3013;11752
361;5191;5552
4081;8727;12808
7712;7575;15287
8378;3962;12340
5569;630;6199
5151;6175;11326
2863;6075;8938
2753;3710;6463
4359;1660;6019
3743;8228;11971
6415;5740;12155
6777;4768;11545
6943;6197;13140
884;2653;3537
4352;9125;13477
4110;7976;12086
7804;1150;8954
7872;4079;11951
5745;6955;12700
2271;1600;3871
1010;9758;10768
1977;5948;7925
9609;4743;14352
9106;8936;18042
7098;2555;9653
4790;7824;12614
9159;7577;16736
2455;1240;3695
3125;5899;9024
7806;2985;10791
953;5989;6942
4494;4464;8958
739;1534;2273
5563;7362;12925
6262;9099;15361
8505;8291;16796
2163;6353;8516
3243;8818;12061
2401;1187;3588
7456;2162;9618
2492;7518;10010
6197;8262;14459
8655;8275;16930
1795;9477;11272
7652;7920;15572
5577;3127;8704
7954;1836;9790
4951;4345;9296
1002;9107;10109
178;4820;4998
1729;9612;11341
4051;9074;13125
1814;1641;3455
6226;6069;12295
9936;4070;14006
7513;9565;17078
2309;8797;11106
1767;1894;3661
794;3275;4069
8087;9044;17131
7856;8325;16181
1281;7204;8485
5789;1863;7652
6489;8268;14757
5845;8160;14005
4310;3791;8101
2634;5193;7827
9894;6758;16652
7056;5489;12545
598;3986;4584
455;618;1073
4247;1828;6075
913;8200;9113
592;2879;3471
2367;9568;11935
7488;2859;10347
7424;1650;9074
75;432;507
2359;4045;6404
2911;878;3789
2990;6453;9443
603;4451;5054
9826;5312;15138
999;8173;9172
765;6362;7127
9559;8771;18330
6870;4117;10987
4583;6982;11565
7691;8810;16501
964;6504;7468
4462;9146;13608
1865;3526;5391
573;6024;6597
1944;9273;11217
8964;6866;15830
6472;4247;10719
4777;2442;7219
3863;2959;6822
6420;6339;12759
5163;3766;8929
9575;55;9630
6954;2625;9579
7883;481;8364
7631;2037;9668
2285;2909;5194
5347;7161;12508
8319;5400;13719
6772;6967;13739
1542;8360;9902
5766;8857;14623
278;2393;2671
2089;6000;8089
6328;3073;9401
4963;5579;10542
1306;3215;4521
8633;6121;14754
6124;82;6206
3744;465;4209
7894;7114;15008
5220;6150;11370
3948;6734;10682
3664;8771;12435
7176;1248;8424
8430;8919;17349
6195;9258;15453
3103;3717;6820
3093;2665;5758
5806;5644;11450
4813;7890;12703
2923;4667;7590
3834;4998;8832
7735;8447;16182
4314;3945;8259
3799;2654;6453
2757;2841;5598
8641;2336;10977
8398;6095;14493
788;9353;10141
8544;8789;17333
3660;5673;9333
6895;4733;11628
269;176;445
7668;3692;11360
4183;83;4266
5670;4919;10589
288;8897;9185
3468;7518;10986
1892;9900;11792
2094;8605;10699
1729;981;2710
8459;9229;17688
4975;4435;9410
2647;1131;3778
4648;736;5384
4173;9088;13261
1289;2797;4086
2346;8468;10814
6558;7393;13951
2938;2662;5600
8247;1486;9733
7056;9964;17020
6420;8642;15062
282;9695;9977
3583;7499;11082
942;1547;2489
6580;8877;15457
7108;2050;9158
2424;9660;12084
4515;3476;7991
5257;1543;6800
3455;684;4139
6527;630;7157
1901;1906;3807
9642;7855;17497
6754;8933;15687
9804;4618;14422
3982;1256;5238
6193;5842;12035
9657;8807;18464
9550;8550;18100
532;4115;4647
7168;649;7817
8221;4179;12400
6366;1675;8041
3662;4631;8293
6258;8471;14729
836;3783;4619
1420;9207;10627
9805;6634;16439
4314;2991;7305
8784;7912;16696
6046;6643;12689
1629;9508;11137
9902;5867;15769
3078;3340;6418
627;2296;2923
3608;436;4044
8099;5652;13751
7764;3766;11530
8628;8633;17261
7598;2342;9940
1237;1870;3107
3598;4400;7998
7720;1760;9480
8063;7436;15499
8494;9976;18470
1928;9861;11789
9806;8922;18728
938;8267;9205
711;6125;6836
4307;7285;11592
2727;9639;12366
1157;4198;5355
7257;9973;17230
1767;7699;9466
5527;7936;13463
3926;2825;6751
1598;9240;10838
6515;3288;9803
3323;325;3648
5914;9338;15252
4443;3189;7632
94;8493;8587
4526;6607;11133
5273;4768;10041
2603;8536;11139
3952;8134;12086
6634;2875;9509
2300;3367;5667
902;9894;10796
1408;6877;8285
9635;8245;17880
4726;9322;14048
3395;9042;12437
6016;8864;14880
3001;2881;5882
1815;6575;8390
7932;961;8893
2105;9341;11446
9328;733;10061
3077;4051;7128
4830;6914;11744
5707;7645;13352
9775;8148;17923
1742;5721;7463
8037;6995;15032
4070;2624;6694
4859;5915;10774
9584;9776;19360
6700;2235;8935
8093;7470;15563
6624;9583;16207
7932;6134;14066
2111;3584;5695
3243;843;4086
1119;6009;7128
8604;4146;12750
9923;7322;17245
9327;3251;12578
7144;9887;17031
2372;9380;11752
4702;6759;11461
1423;2905;4328
5782;3470;9252
2026;7540;9566
3343;7760;11103
9880;2652;12532
1306;8182;9488
5967;5382;11349
8800;6069;14869
8974;7514;16488
2705;4632;7337
2961;9609;12570
8522;1818;10340
488;3034;3522
758;3003;3761
3747;6963;10710
6964;3508;10472
9380;6541;15921
6789;6559;13348
2249;4371;6620
3105;3414;6519
9464;1439;10903
844;6197;7041
3296;3566;6862
9924;7163;17087
431;4091;4522
4450;7273;11723
2551;2142;4693
4864;672;5536
5797;7463;13260
3002;4908;7910
1904;2952;4856
521;4285;4806
5455;4875;10330
7864;5344;13208
7424;2237;9661
8618;1761;10379
501;2724;3225
7408;6582;13990
805;5131;5936
7209;1481;8690
7520;9178;16698
7513;369;7882
893;9038;9931
4397;8441;12838
1001;6856;7857
1845;8648;10493
6595;9254;15849
7052;6118;13170
6584;7770;14354
7447;2017;9464
3834;4602;8436
4892;6201;11093
2073;3846;5919
4836;3164;8000
2889;4905;7794
7331;711;8042
3173;1560;4733
5800;2714;8514
4713;91;4804
4384;9724;14108
6362;2639;9001
9465;3203;12668
2195;961;3156
385;5196;5581
6155;3144;9299
5950;5734;11684
7616;9897;17513
9861;2743;12604
9833;5110;14943
4775;395;5170
9301;3415;12716
1594;1848;3442
8470;1823;10293
1549;6452;8001
3134;3136;6270
9416;7133;16549
8247;2237;10484
5940;2200;8140
8607;1176;9783
7367;3216;10583
3198;6794;9992
6909;1944;8853
9311;6606;15917
5722;6194;11916
1218;9948;11166
9112;8369;17481
9408;2486;11894
7714;3258;10972
9766;1976;11742
7290;6860;14150
363;7091;7454
4745;2002;6747
6575;9320;15895
8017;3472;11489
4342;9662;14004
8979;7355;16334
3598;8730;12328
519;4615;5134
3329;2480;5809
3157;1443;4600
66;4637;4703
686;7518;8204
9131;2101;11232
2254;1565;3819
9279;4808;14087
6375;3408;9783
2912;1640;4552
1047;78;1125
530;8659;9189
5813;2902;8715
954;3724;4678
3821;8678;12499
2121;4610;6731
1240;1371;2611
1000;4240;5240
5532;4378;9910
4774;7650;12424
5340;8802;14142
7942;6120;14062
9942;1162;11104
7779;2904;10683
9235;3602;12837
9583;4505;14088
6473;1055;7528
8357;1609;9966
2772;4551;7323
7580;7892;15472
695;8707;9402
5354;5238;10592
8849;4812;13661
7214;731;7945
9737;3753;13490
1100;9950;11050
5649;6819;12468
4690;3489;8179
6793;6751;13544
2639;8211;10850
190;7193;7383
2213;7494;9707
6327;5312;11639
9510;1095;10605
2728;4335;7063
6386;2801;9187
6786;8570;15356
2761;381;3142
9017;8232;17249
8618;4818;13436
8733;3119;11852
888;5544;6432
9674;9421;19095
4899;6269;11168
5432;6933;12365
4204;2089;6293
5832;7447;13279
8784;9184;17968
8913;9542;18455
7162;7581;14743
1708;44;1752
1089;8205;9294
3285;8775;12060
6769;9957;16726
8572;8102;16674
451;4476;4927
3042;6274;9316
5361;5420;10781
7812;9101;16913
1527;4532;6059
3967;5429;9396
7056;8210;15266
5877;9519;15396
8097;9975;18072
7634;8934;16568
7151;9164;16315
1791;7635;9426
8148;6092;14240
4338;3290;7628
3257;4269;7526
5047;1888;6935
8881;3037;11918
9662;3308;12970
1416;7385;8801
8169;5738;13907
1020;8499;9519
7719;7877;15596
8184;9385;17569
5408;1783;7191
7947;2171;10118
7235;5533;12768
8984;9401;18385
9297;4634;13931
7198;4040;11238
5851;9502;15353
5285;8027;13312
148;462;610
4246;6538;10784
355;3895;4250
4301;2860;7161
4482;9693;14175
4041;286;4327
6840;2568;9408
2595;5148;7743
746;2539;3285
8188;9716;17904
354;7216;7570
7651;8669;16320
8191;5060;13251
5304;1137;6441
8371;7603;15974
6148;8669;14817
9627;4549;14176
7545;5643;13188
8155;9762;17917
7007;403;7410
9929;4272;14201
6925;240;7165
2384;8841;11225
7896;478;8374
9438;8578;18016
603;748;1351
6101;8858;14959
5164;9951;15115
6607;1080;7687
2324;4571;6895
6538;9297;15835
8579;333;8912
238;7831;8069
3731;3723;7454
9848;3711;13559
8596;8593;17189
7604;420;8024
9104;2666;11770
5491;5412;10903
99;694;793
423;7133;7556
8424;8219;16643
9806;4242;14048
6014;3492;9506
440;6694;7134
4416;1547;5963
23;1896;1919
5711;957;6668
7297;7955;15252
1270;9509;10779
6429;6717;13146
8543;8044;16587
2817;449;3266
8147;734;8881
8667;5326;13993
3387;8240;11627
827;2272;3099
1694;6914;8608
5141;1487;6628
1997;3723;5720
2280;9895;12175
4709;1002;5711
6391;9308;15699
3310;4964;8274
4048;8735;12783
1682;2871;4553
6987;3662;10649
4824;713;5537
2631;1409;4040
8974;1085;10059
6476;6971;13447
768;1925;2693
2082;1999;4081
4478;1919;6397
6730;8765;15495
4302;4936;9238
7129;5129;12258
3006;3154;6160
3747;3952;7699
320;593;913
4250;4483;8733
7430;6854;14284
5426;2891;8317
8987;7193;16180
1906;8664;10570
5241;450;5691
5864;394;6258
3854;6099;9953
2967;9374;12341
5582;2535;8117
3124;5411;8535
1435;2559;3994
5607;2728;8335
4446;4723;9169
7837;7235;15072
7877;7179;15056
4730;8698;13428
7468;7270;14738
1079;7643;8722
3327;2473;5800
4459;7897;12356
7409;4632;12041
6729;8933;15662
2706;886;3592
6090;6628;12718
6961;6275;13236
5049;4604;9653
4835;9074;13909
4644;8526;13170
5429;9544;14973
2214;9353;11567
4974;5655;10629
1382;5220;6602
8295;7237;15532
8634;646;9280
8651;9112;17763
7174;6784;13958
3776;7765;11541
3579;8042;11621
8790;1476;10266
6543;6577;13120
2300;6092;8392
2184;4925;7109
5787;1112;6899
9190;2398;11588
1625;4882;6507
6002;7014;13016
7583;6934;14517
3533;271;3804
6740;4328;11068
8280;810;9090
5493;1355;6848
2809;9709;12518
2985;2627;5612
8965;9918;18883
8643;1941;10584
6882;7804;14686
9851;8022;17873
8561;1094;9655
4639;4566;9205
8370;6429;14799
2397;6113;8510
7684;842;8526
5734;7474;13208
249;1738;1987
5062;5570;10632
137;48;185
8751;971;9722
5059;7460;12519
1378;8710;10088
6056;3417;9473
4130;7140;11270
9241;4105;13346
3166;7866;11032
5729;3639;9368
6082;985;7067
6523;2877;9400
6573;6932;13505
5561;6604;12165
636;6313;6949
5342;6789;12131
9741;5559;15300
4802;6962;11764
4412;3986;8398
7730;1608;9338
3545;6282;9827
8673;5635;14308
2748;8084;10832
5654;4753;10407
5402;8754;14156
2116;4556;6672
7017;3781;10798
3095;8632;11727
3592;9022;12614
5872;7044;12916
3371;8241;11612
5144;2151;7295
3058;5338;8396
6970;2823;9793
7015;6683;13698
9449;1806;11255
4263;1398;5661
9675;679;10354
1689;1683;3372
6289;1498;7787
9496;7095;16591
2118;6900;9018
959;4803;5762
4433;5129;9562
1098;3227;4325
3702;6502;10204
6664;4918;11582
7146;1593;8739
5318;5620;10938
5978;4152;10130
735;9394;10129
2921;5501;8422
2489;7949;10438
6045;1384;7429
9382;8761;18143
6553;2267;8820
6501;1997;8498
4404;2639;7043
8511;7927;16438
9292;9407;18699
148;3627;3775
2136;7969;10105
5880;2886;8766
5488;246;5734
9432;434;9866
1314;6023;7337
2617;2652;5269
4258;9245;13503
5669;8183;13852
1278;6471;7749
4358;8653;13011
9602;3931;13533
6441;8817;15258
5106;9814;14920
2145;1643;3788
6627;4106;10733
9385;8609;17994
7183;1079;8262
9133;2377;11510
8293;1352;9645
1952;6779;8731
2817;8477;11294
8834;1880;10714
9838;6063;15901
8982;1151;10133
7145;4167;11312
8429;235;8664
5644;154;5798
6948;9241;16189
9345;8483;17828
2689;9641;12330
4021;4209;8230
9115;1779;10894
3229;2970;6199
4660;1347;6007
4943;8734;13677
6677;2721;9398
6571;2873;9444
9101;5732;14833
7778;2814;10592
324;9241;9565
8903;6810;15713
8364;4816;13180
9207;626;9833
602;6244;6846
2635;8997;11632
158;6381;6539
4676;3796;8472
5340;2290;7630
1934;9960;11894
1692;3960;5652
8094;7813;15907
8511;7743;16254
7339;6371;13710
339;4875;5214
8883;2710;11593
1905;6905;8810
1777;4621;6398
9554;4840;14394
1557;5194;6751
4100;9280;13380
8013;3908;11921
420;409;829
6666;2038;8704
4322;7173;11495
7275;7633;14908
5640;9467;15107
749;8464;9213
5083;6871;11954
8212;6746;14958
7055;5166;12221
3860;7576;11436
568;5266;5834
7940;2156;10096
7008;3325;10333
7767;7578;15345
6689;3909;10598
7526;3985;11511
4;7073;7077
587;9204;9791
4416;5977;10393
9890;7531;17421
9758;2060;11818
9226;7589;16815
7925;2758;10683
2520;8001;10521
9590;1001;10591
2755;3050;5805
2428;6647;9075
2715;748;3463
8880;5706;14586
4158;3284;7442
2219;584;2803
4784;2743;7527
2877;2154;5031
7715;8225;15940
7010;9109;16119
8747;4636;13383
8197;5671;13868
5112;646;5758
4236;6832;11068
8640;8353;16993
3176;878;4054
8223;3126;11349
9381;5914;15295
1974;7249;9223
4565;7494;12059
7035;1590;8625
7215;485;7700
2965;7639;10604
3479;671;4150
5245;6084;11329
6948;2163;9111
8249;3968;12217
4293;2635;6928
3571;8174;11745
7108;4452;11560
9519;7622;17141
3442;8040;11482
3474;2127;5601
2120;8132;10252
5020;3498;8518
7362;9168;16530
7654;7774;15428
5619;1807;7426
3759;7352;11111
3682;4818;8500
4611;7370;11981
6071;3422;9493
9363;5516;14879
2635;4805;7440
9400;7679;17079
9611;3316;12927
2823;2439;5262
5897;9226;15123
652;315;967
611;8072;8683
7177;5787;12964
7967;4076;12043
2444;3451;5895
1983;6933;8916
3129;1493;4622
871;7148;8019
4546;7110;11656
5987;5859;11846
4974;9831;14805
486;9262;9748
6650;1017;7667
6009;3543;9552
4098;1305;5403
5155;5925;11080
1031;3597;4628
3828;5088;8916
967;9759;10726
6352;2493;8845
8542;6765;15307
3164;9827;12991
4180;3068;7248
9140;9995;19135
2195;2777;4972
5624;2863;8487
5978;8468;14446
3881;2702;6583
9088;2072;11160
1008;6529;7537
3716;7792;11508
3745;239;3984
5549;1867;7416
6202;3871;10073
3232;6958;10190
821;3792;4613
33;548;581
3363;2999;6362
3257;1507;4764
5010;5181;10191
1661;2423;4084
1932;4597;6529
4617;6804;11421
344;7977;8321
8511;8757;17268
6103;2971;9074
1263;6944;8207
749;1255;2004
9646;3841;13487
7394;8285;15679
5944;8996;14940
4440;9928;14368
3696;6519;10215
3800;4663;8463
6693;6919;13612
525;1842;2367
7067;1982;9049
9584;5165;14749
9370;6558;15928
5986;6109;12095
8882;5962;14844
5566;7257;12823
9317;3671;12988
7942;1758;9700
9619;1018;10637
7109;1222;8331
1396;988;2384
3049;1083;4132
7981;496;8477
2999;6222;9221
2264;6139;8403
9726;1371;11097
6136;8938;15074
2981;3100;6081
695;5937;6632
5123;4517;9640
6598;3477;10075
5180;8635;13815
8575;8385;16960
8784;9570;18354
7847;5357;13204
7902;5286;13188
4918;5691;10609
4260;2570;6830
3010;5191;8201
8316;8287;16603
3884;246;4130
9801;9158;18959
3065;5430;8495
9567;5760;15327
9019;6440;15459
625;7385;8010
6724;9213;15937
3491;620;4111
7281;4225;11506
8928;8367;17295
6242;9096;15338
4239;5461;9700
5146;5972;11118
3639;8652;12291
2593;9724;12317
9084;3085;12169
7665;3017;10682
5548;2267;7815
1215;2026;3241
1413;2793;4206
8494;7983;16477
9324;8861;18185
5491;2527;8018
4156;9631;13787
4609;5929;10538
535;1842;2377
6162;7038;13200
8311;8850;17161
9070;7055;16125
9072;8336;17408
691;7748;8439
1064;6584;7648
9675;4642;14317
6014;7736;13750
2537;9037;11574
8040;2837;10877
2409;7252;9661
1088;8440;9528
2879;913;3792
673;5794;6467
438;6955;7393
4350;8429;12779
4531;7239;11770
6175;8139;14314
7507;6805;14312
5846;4573;10419
7778;1069;8847
753;1535;2288
3570;8189;11759
5426;1393;6819
892;4852;5744
9629;7634;17263
6990;6557;13547
7191;9415;16606
7763;991;8754
7310;1868;9178
7643;1924;9567
9116;9787;18903
4564;9989;14553
8259;1237;9496
2954;2026;4980
4582;515;5097
8976;5600;14576
5710;1575;7285
9147;3116;12263
9593;4999;14592
5449;2633;8082
104;8143;8247
3566;3498;7064
5506;7932;13438
2491;8157;10648
2904;3747;6651
4947;536;5483
5910;3718;9628
898;6896;7794
5679;2621;8300
9442;8356;17798
216;5033;5249
7353;121;7474
9966;749;10715
1509;7974;9483
2167;7556;9723
1805;3735;5540
762;4759;5521
2371;4396;6767
523;9527;10050
7679;2241;9920
8162;9741;17903
8602;1762;10364
1517;1098;2615
5447;4941;10388
6202;8899;15101
1805;4691;6496
477;3469;3946
7780;9583;17363
3749;3821;7570
3897;9598;13495
2194;2858;5052
877;9244;10121
733;1704;2437
3045;6185;9230
4328;1884;6212
1247;4178;5425
6692;6492;13184
908;4154;5062
3059;4016;7075
908;740;1648
4776;3288;8064
2659;8792;11451
9362;4148;13510
9423;1328;10751
9880;1739;11619
2515;2248;4763
9195;9782;18977
4481;1495;5976
4294;9800;14094
8033;3211;11244
4188;4320;8508
2041;9435;11476
7436;8055;15491
273;3399;3672
1951;6215;8166
3022;6368;9390
216;8883;9099
6905;2230;9135
4199;174;4373
4362;5598;9960
9058;7697;16755
59;307;366
665;7631;8296
4987;567;5554
9778;8086;17864
3415;2011;5426
8833;5674;14507
5312;2410;7722
1245;6144;7389
5804;4850;10654
7282;5504;12786
3815;1446;5261
6423;7777;14200
712;9571;10283
235;8155;8390
4304;2435;6739
3342;7770;11112
19;5742;5761
5737;5892;11629
4954;4130;9084
9551;2292;11843
1895;8962;10857
3319;8818;12137
6243;7249;13492
2648;951;3599
7271;1923;9194
1902;5828;7730
3836;3205;7041
7224;3228;10452
5580;5370;10950
4130;374;4504
9538;8361;17899
3720;6113;9833
7310;3061;10371
6726;1789;8515
749;4065;4814
9833;7860;17693
8015;1867;9882
2724;8219;10943
3863;3789;7652
4888;1261;6149
3483;5921;9404
5701;528;6229
8586;3151;11737
6890;9317;16207
3796;3151;6947
720;7145;7865
8269;9368;17637
1248;9185;10433
952;5229;6181
3157;8448;11605
9453;5459;14912
7428;4942;12370
6971;1723;8694
7304;6684;13988
7579;5256;12835
7596;2016;9612
1136;7889;9025
9046;9627;18673
1797;2881;4678
9350;1418;10768
2545;9554;12099
3114;4131;7245
5026;1298;6324
329;5746;6075
9265;3740;13005
3899;5675;9574
4692;5596;10288
5072;9035;14107
7479;2599;10078
7207;5256;12463
3958;4313;8271
5694;9682;15376
6703;5219;11922
224;7616;7840
7116;9587;16703
4436;9427;13863
4988;4467;9455
2310;8019;10329
7930;6813;14743
4640;3252;7892
6452;3898;10350
3592;3537;7129
4376;7432;11808
5899;7441;13340
7020;8910;15930
8995;7629;16624
4317;9506;13823
1453;9260;10713
214;6195;6409
4773;2079;6852
8389;2636;11025
4542;9283;13825
1121;9752;10873
6234;2251;8485
5346;3752;9098
2803;7925;10728
4671;9039;13710
714;8042;8756
3987;8451;12438
4800;3505;8305
7355;7227;14582
5787;4524;10311
1975;1436;3411
9805;183;9988
1700;4464;6164
6509;9244;15753
471;8951;9422
5200;3745;8945
4900;9979;14879
4742;1286;6028
8544;1085;9629
3935;8656;12591
7747;9427;17174
657;2025;2682
8803;1359;10162
1728;1910;3638
8570;7474;16044
3841;1868;5709
7548;8571;16119
4615;7679;12294
3498;4389;7887
989;5058;6047
9414;1071;10485
8330;9602;17932
7988;2148;10136
6794;3037;9831
8346;3802;12148
9231;696;9927
790;5209;5999
5693;264;5957
8784;3796;12580
3935;3116;7051
975;9539;10514
7638;367;8005
792;677;1469
8955;559;9514
7291;3818;11109
2683;1979;4662
3242;4040;7282
6192;3607;9799
6969;9275;16244
9703;2171;11874
4572;8068;12640
2473;7523;9996
7396;627;8023
93;7084;7177
8755;4180;12935
8032;5021;13053
6378;2718;9096
722;6063;6785
7824;3725;11549
4445;6393;10838
4354;5624;9978
5125;5585;10710
821;2505;3326
2583;2145;4728
9940;2247;12187
3847;6095;9942
6974;3400;10374
1157;3069;4226
4484;6592;11076
5321;5345;10666
4897;9433;14330
4802;6666;11468
3495;6508;10003
7692;2939;10631
6295;4428;10723
790;5109;5899
999;5102;6101
8821;8528;17349
4376;7543;11919
6821;9848;16669
8518;7691;16209
4018;8445;12463
781;8613;9394
5427;686;6113
5471;2933;8404
1534;4242;5776
2618;4964;7582
235;2854;3089
3598;523;4121
6016;1668;7684
5005;528;5533
1566;9000;10566
8056;9551;17607
4433;7050;11483
2931;2307;5238
7246;3640;10886
2490;6089;8579
691;2892;3583
2055;527;2582
9227;184;9411
5478;2218;7696
9432;5571;15003
2111;3948;6059
446;5345;5791
3562;4647;8209
5989;2282;8271
5474;2240;7714
4381;4336;8717
507;673;1180
6405;4142;10547
7192;1154;8346
3811;8024;11835
1225;3015;4240
1904;1989;3893
1138;8076;9214
637;9328;9965
2950;7941;10891
8801;4280;13081
4633;393;5026
4382;7204;11586
9863;1483;11346
6567;4834;11401
1785;6743;8528
5688;2366;8054
5882;4830;10712
8285;347;8632
1561;3512;5073
5559;483;6042
8257;6234;14491
4840;4467;9307
4776;2312;7088
854;5429;6283
6127;1533;7660
4977;9044;14021
2141;3699;5840
2790;6310;9100
6547;2464;9011
8911;2181;11092
5088;727;5815
5005;6514;11519
2481;3875;6356
3861;6679;10540
9639;9394;19033
283;4392;4675
5482;9804;15286
4075;4071;8146
2164;7891;10055
4892;2281;7173
1799;9488;11287
4714;4758;9472
3707;1719;5426
6230;1673;7903
8774;5884;14658
4159;7452;11611
1902;5129;7031
8695;3534;12229
9182;8032;17214
5219;164;5383
4693;2568;7261
1724;206;1930
3474;7042;10516
1277;147;1424
4526;8456;12982
682;9780;10462
3908;9952;13860
9834;8985;18819
7577;7458;15035
7648;6566;14214
7492;226;7718
2073;2437;4510
3172;8696;11868
2982;6918;9900
6906;6931;13837
5542;5742;11284
1415;4089;5504
526;9303;9829
7008;5465;12473
1532;8944;10476
2534;4873;7407
3756;6843;10599
3666;6005;9671
5726;3796;9522
4125;8211;12336
3733;7058;10791
5091;2888;7979
9075;8208;17283
8408;515;8923
6207;201;6408
815;9469;10284
8677;8006;16683
2772;2475;5247
3364;5998;9362
5169;1102;6271
5729;1937;7666
1395;929;2324
8647;4337;12984
2187;4342;6529
9222;4442;13664
7154;3467;10621
892;9228;10120
4531;9573;14104
525;3054;3579
1114;6861;7975
1372;9372;10744
1667;1325;2992
3118;5616;8734
6073;9842;15915
4760;6550;11310
3489;5545;9034
5091;4644;9735
2108;1182;3290
1013;9809;10822
4831;9898;14729
4618;3728;8346
458;2887;3345
2873;2817;5690
1760;9299;11059
1905;5727;7632
2705;178;2883
6449;2502;8951
1762;9441;11203
530;2953;3483
2396;511;2907
1378;8192;9570
1255;4755;6010
5835;5419;11254
3885;8375;12260
8192;3680;11872
9682;1485;11167
7020;4720;11740
2942;7064;10006
2289;7900;10189
4843;1236;6079
7934;8394;16328
7702;6200;13902
4640;920;5560
8015;1091;9106
8451;6998;15449
4170;5392;9562
824;9207;10031
7357;9749;17106
1526;6767;8293
850;4034;4884
4209;5368;9577
1157;9500;10657
4704;7966;12670
1208;3037;4245
8812;9981;18793
1814;176;1990
8;7045;7053
1108;9260;10368
3416;4016;7432
3436;1086;4522
3736;8853;12589
6445;706;7151
9087;4256;13343
2357;3248;5605
8196;9278;17474
304;4337;4641
7962;7220;15182
8316;6506;14822
4062;8407;12469
3954;8056;12010
4376;2206;6582
2627;7150;9777
6971;7418;14389
3525;9105;12630
7625;3402;11027
7600;58;7658
5209;4636;9845
3465;4296;7761
7936;6156;14092
5863;6760;12623
1223;4990;6213
2946;4428;7374
4287;5706;9993
4816;6087;10903
6825;9012;15837
4682;181;4863
518;8349;8867
3562;6563;10125
2020;6113;8133
6762;9966;16728
8690;9295;17985
1129;3529;4658
9788;4753;14541
6363;3020;9383
5520;2371;7891
5874;5216;11090
8333;2860;11193
9040;9852;18892
2023;7159;9182
4345;6711;11056
510;7696;8206
9454;731;10185
2828;8329;11157
382;5953;6335
5997;2912;8909
9747;3530;13277
2759;2265;5024
1472;4304;5776
8978;3284;12262
1607;1621;3228
3135;5560;8695
3893;5801;9694
925;4949;5874
7749;9021;16770
9713;3049;12762
2139;3860;5999
4247;7370;11617
4402;3316;7718
814;9019;9833
1345;9298;10643
135;8349;8484
6307;9098;15405
1735;1290;3025
1815;6517;8332
8483;6737;15220
5213;4719;9932
1044;3400;4444
47;842;889
155;4160;4315
4154;5573;9727
123;7321;7444
8963;3078;12041
7993;4358;12351
3156;7088;10244
4407;716;5123
8893;2846;11739
7703;2906;10609
4593;4967;9560
5887;6807;12694
8703;5267;13970
4479;3780;8259
9458;6771;16229
5429;159;5588
3419;679;4098
4206;4408;8614
1571;6333;7904
5848;2837;8685
7515;5177;12692
7412;5176;12588
6241;4306;10547
2554;6398;8952
1034;977;2011
8178;101;8279
6769;6818;13587
4031;1408;5439
2781;41;2822
3846;7478;11324
8;9959;9967
4536;4782;9318
9993;4797;14790
5643;2102;7745
7536;441;7977
7594;2356;9950
9377;2546;11923
7484;6537;14021
861;8056;8917
7814;3522;11336
1942;1381;3323
4643;7237;11880
4702;5844;10546
8554;6387;14941
8051;1126;9177
5692;5911;11603
1966;7006;8972
6738;9196;15934
2576;7790;10366
6120;7874;13994
8693;3921;12614
7108;8020;15128
3058;657;3715
5702;718;6420
6110;6617;12727
303;5753;6056
4493;5030;9523
2002;7612;9614
8545;6443;14988
4178;7538;11716
7446;1616;9062
1164;3431;4595
8949;8067;17016
2060;615;2675
6351;7755;14106
2658;8750;11408
7639;7560;15199
4437;4020;8457
7231;4036;11267
3532;382;3914
8543;4520;13063
4553;6612;11165
7725;7627;15352
8946;805;9751
3331;4003;7334
8927;1619;10546
3196;7133;10329
6209;3334;9543
8087;6758;14845
6501;9219;15720
997;564;1561
4653;6674;11327
2892;8325;11217
2379;7461;9840
5869;582;6451
929;8479;9408
6615;6659;13274
575;3863;4438
883;3597;4480
5366;4770;10136
502;3791;4293
6739;2897;9636
570;3197;3767
7672;7488;15160
4005;7461;11466
9976;6158;16134
5989;6460;12449
6371;4334;10705
1585;8727;10312
4808;1756;6564
3604;5994;9598
334;9343;9677
3820;8469;12289
8643;9003;17646
6217;4006;10223
2766;1297;4063
676;2908;3584
1373;6472;7845
809;6789;7598
2043;9092;11135
4653;2146;6799
3046;9973;13019
8079;2586;10665
1005;6766;7771
8156;9787;17943
2566;648;3214
7400;6246;13646
748;7521;8269
868;2366;3234
4936;799;5735
4363;7418;11781
9090;6914;16004
9059;1558;10617
4274;1302;5576
4897;6970;11867
1935;8402;10337
6893;8584;15477
6166;1413;7579
8942;3348;12290
6586;8529;15115
1886;795;2681
9400;646;10046
5711;6520;12231
5253;1574;6827
9956;4857;14813
3119;8679;11798
2317;342;2659
6469;7046;13515
9882;8277;18159
4768;222;4990
2689;2418;5107
9265;3981;13246
3645;8884;12529
7610;9888;17498
617;4570;5187
7627;3979;11606
5207;2931;8138
6422;218;6640
787;1966;2753
7268;5311;12579
9431;1318;10749
4518;1147;5665
6379;6625;13004
329;3257;3586
2472;7199;9671
5845;9713;15558
2718;9048;11766
8016;4076;12092
4625;2764;7389
5447;1232;6679
8716;7963;16679
2594;3870;6464
1155;2417;3572
6494;8979;15473
3525;7455;10980
6211;4856;11067
2803;6674;9477
4868;1084;5952
7899;1171;9070
7314;6197;13511
1125;1889;3014
7394;7139;14533
6201;101;6302
9900;4480;14380
7064;5809;12873
3217;6395;9612
8590;6927;15517
7422;698;8120
7782;2920;10702
6964;8641;15605
6736;8125;14861
7333;8511;15844
3606;5726;9332
9998;9940;19938
293;1958;2251
7110;4107;11217
38;9649;9687
955;82;1037
8235;9428;17663
8296;1192;9488
6630;8394;15024
2009;8882;10891
960;4576;5536
872;1015;1887
7666;1164;8830
7584;850;8434
8136;3215;11351
1820;5286;7106
1660;1742;3402
2167;4225;6392
6798;2048;8846
9300;6115;15415
7800;344;8144
335;1783;2118
6005;9129;15134
2102;9164;11266
1383;9102;10485
5987;1568;7555
8191;684;8875
3748;8119;11867
9716;5104;14820
9004;2247;11251
1866;5187;7053
7896;4044;11940
5929;3318;9247
5135;7706;12841
2278;4632;6910
3906;5206;9112
1110;948;2058
296;7093;7389
806;3760;4566
3643;4975;8618
609;5330;5939
8465;964;9429
8876;3702;12578
1237;7378;8615
5852;8363;14215
1477;410;1887
3322;3802;7124
1022;4978;6000
7046;982;8028
2483;1923;4406
4147;9580;13727
1631;1959;3590
5769;6539;12308
7950;7271;15221
2304;2235;4539
2845;3120;5965
9193;1220;10413
3566;9608;13174
8576;8634;17210
4322;3518;7840
6350;1598;7948
7859;950;8809
8473;7099;15572
7555;2957;10512
2616;6847;9463
4560;9353;13913
5101;6260;11361
2490;2805;5295
9022;5425;14447
4980;4557;9537
4049;3027;7076
9947;587;10534
6515;7551;14066
1592;8706;10298
8511;5446;13957
3121;9789;12910
890;7845;8735
4464;3076;7540
7426;1915;9341
2544;1460;4004
3438;7851;11289
3590;3061;6651
2661;4757;7418
5617;6501;12118
7217;4818;12035
1441;2163;3604
7814;9265;17079
4388;1328;5716
5406;1611;7017
3017;1813;4830
3962;822;4784
9528;8396;17924
640;9882;10522
4093;8001;12094
1596;4994;6590
6029;3928;9957
1897;124;2021
3711;5547;9258
9183;9255;18438
5936;2805;8741
1251;4833;6084
7661;285;7946
239;5730;5969
8757;8789;17546
1102;8879;9981
2396;3864;6260
9857;8927;18784
3598;1882;5480
8860;1310;10170
1411;2191;3602
5604;4020;9624
3285;172;3457
9689;975;10664
4152;698;4850
2060;5210;7270
145;2024;2169
7281;7122;14403
2995;453;3448
3747;1463;5210
2511;8987;11498
4789;1334;6123
983;2169;3152
5343;8374;13717
1704;3813;5517
2350;7509;9859
4610;1649;6259
5331;9445;14776
4310;2902;7212
5640;6955;12595
6213;6649;12862
7637;9460;17097
877;5287;6164
61;6857;6918
6036;4796;10832
9131;4123;13254
7395;7180;14575
6968;9565;16533
6360;9147;15507
3206;6876;10082
1725;2311;4036
4171;1356;5527
3672;5572;9244
3971;1531;5502
3159;4689;7848
4886;3284;8170
3565;579;4144
9670;3364;13034
8495;7149;15644
4276;7679;11955
6487;8795;15282
7277;1651;8928
6869;289;7158
3771;2696;6467
5757;8534;14291
1889;6090;7979
5828;273;6101
10;6477;6487
2453;4536;6989
3329;3646;6975
9706;3326;13032
1083;7404;8487
2210;9242;11452
8373;5549;13922
5267;4965;10232
1163;2561;3724
4864;6196;11060
8975;5083;14058
1419;5552;6971
546;3983;4529
4249;1758;6007
9632;103;9735
3969;2713;6682
224;2037;2261
811;5182;5993
1208;9986;11194
5099;7892;12991
881;8890;9771
131;4837;4968
696;4422;5118
4181;2750;6931
222;2259;2481
7225;2674;9899
5952;5059;11011
6120;9263;15383
5069;8024;13093
9603;5641;15244
4654;6865;11519
2709;6991;9700
9082;5224;14306
9220;8991;18211
2091;4526;6617
2;9007;9009
9811;301;10112
7829;3243;11072
7199;6720;13919
4346;8189;12535
8277;2528;10805
3499;1296;4795
5369;247;5616
7965;2633;10598
2368;4670;7038
2375;2210;4585
2202;5488;7690
2734;3956;6690
6009;1489;7498
9377;3891;13268
4590;9188;13778
4606;9622;14228
8244;7471;15715
2110;2970;5080
8415;7492;15907
5131;1489;6620
6593;9922;16515
6938;6679;13617
2686;372;3058
9688;5485;15173
4453;573;5026
8945;1058;10003
7650;6631;14281
3319;4436;7755
6318;685;7003
6778;1824;8602
4828;7167;11995
719;8878;9597
2205;5063;7268
3947;1037;4984
8147;7964;16111
7163;7600;14763
6543;4882;11425
828;2505;3333
3853;3526;7379
480;3988;4468
3520;2803;6323
6173;7468;13641
1696;6008;7704
4170;4009;8179
3280;8414;11694
2832;5942;8774
1803;5665;7468
899;8903;9802
5608;6550;12158
9700;4468;14168
7495;7111;14606
4051;1135;5186
1300;8808;10108
8755;4970;13725
8941;80;9021
5109;3560;8669
4164;3025;7189
7190;9455;16645
4793;7087;11880
8323;2017;10340
6023;2422;8445
6980;7677;14657
8274;4859;13133
6611;4788;11399
6707;3382;10089
1233;9051;10284
7842;2955;10797
8808;1341;10149
7466;9719;17185
9220;7700;16920
6808;8783;15591
8990;7942;16932
2835;4903;7738
8142;6401;14543
794;6718;7512
5856;4016;9872
2206;4913;7119
3839;1047;4886
1817;7955;9772
9490;7817;17307
9394;3895;13289
4988;284;5272
7554;3623;11177
7765;6534;14299
7542;6308;13850
3323;4339;7662
7612;6074;13686
4754;6985;11739
4648;7728;12376
162;4867;5029
9001;6046;15047
9543;3129;12672
4920;2419;7339
9049;6593;15642
9670;3743;13413
9394;5797;15191
8119;7121;15240
5234;7525;12759
8942;7677;16619
6296;7391;13687
1562;6423;7985
2116;415;2531
3514;7980;11494
4937;3498;8435
9115;6929;16044
3460;286;3746
2690;1995;4685
858;9333;10191
5859;1743;7602
2746;6304;9050
1610;8946;10556
298;8704;9002
8498;46;8544
5883;2255;8138
1433;5628;7061
6164;4017;10181
4418;2689;7107
5639;931;6570
5141;1038;6179
2618;3815;6433
409;8804;9213
8996;6851;15847
5988;8825;14813
4682;6122;10804
1120;8748;9868
5390;1633;7023
8752;4013;12765
4153;9348;13501
2321;7256;9577
3103;9376;12479
9049;3519;12568
4926;1731;6657
34;8340;8374
6428;4150;10578
4379;2051;6430
652;7560;8212
7382;4252;11634
4267;8806;13073
8540;6986;15526
8322;563;8885
7671;4885;12556
6809;8301;15110
4192;3688;7880
7212;5327;12539
6824;1407;8231
9016;622;9638
525;4777;5302
2001;6298;8299
4259;5971;10230
2081;9398;11479
69;9665;9734
3457;1062;4519
2456;3638;6094
2325;6486;8811
8056;8458;16514
8575;2860;11435
9859;4191;14050
1919;339;2258
3997;8192;12189
9749;8137;17886
3238;1071;4309
7129;3058;10187
9466;8294;17760
4761;4060;8821
8518;2088;10606
3051;3662;6713
4076;4575;8651
9853;806;10659
6935;9603;16538
3729;2384;6113
431;6428;6859
6490;4007;10497
1152;544;1696
9183;9604;18787
9125;8301;17426
7969;8226;16195
8342;2751;11093
6643;6505;13148
6811;5078;11889
5327;448;5775
6025;1067;7092
6885;7524;14409
8993;2470;11463
9698;1380;11078
8716;2822;11538
2912;7581;10493
3788;556;4344
8586;546;9132
9394;1702;11096
2207;4765;6972
4434;793;5227
9017;5345;14362
826;4064;4890
8568;8448;17016
3160;364;3524
8265;4918;13183
7037;8970;16007
1666;5072;6738
8302;321;8623
8368;5517;13885
8925;1598;10523
5504;6913;12417
5191;2374;7565
4639;5254;9893
6050;6868;12918
9439;5640;15079
9414;3548;12962
2029;4595;6624
8982;2529;11511
5618;2420;8038
5203;2511;7714
2392;8828;11220
293;4949;5242
1598;263;1861
5876;2692;8568
906;4846;5752
4051;6737;10788
1159;6171;7330
4709;5552;10261
9940;1259;11199
1201;8645;9846
529;8569;9098
3881;8602;12483
112;9644;9756
7141;4009;11150
1315;184;1499
3370;9754;13124
2007;5777;7784
2087;5276;7363
1568;9049;10617
8931;42;8973
642;5909;6551
8703;9205;17908
1867;6113;7980
6102;8068;14170
551;1625;2176
8099;5884;13983
6988;3004;9992
2756;3055;5811
6506;7371;13877
8550;1403;9953
2514;6865;9379
4669;5470;10139
4672;4850;9522
1331;9335;10666
6984;3746;10730
5904;8869;14773
1212;4658;5870
7962;9356;17318
2702;1878;4580
8707;8808;17515
9966;9967;19933
9761;7474;17235
9271;5091;14362
8941;6410;15351
9512;6795;16307
2958;3727;6685
1922;5528;7450
3516;8445;11961
2914;7166;10080
1143;3806;4949
1175;3292;4467
5352;2737;8089
6929;1734;8663
6779;4030;10809
8251;6709;14960
4732;416;5148
5093;5620;10713
4959;8462;13421
51;3938;3989
1156;2478;3634
523;8803;9326
7938;9603;17541
620;4007;4627
1759;4190;5949
4667;8687;13354
5676;2278;7954
1664;8886;10550
875;4331;5206
4272;212;4484
4672;9830;14502
7201;6315;13516
6856;5439;12295
8591;8933;17524
4449;2435;6884
8806;9075;17881
933;8659;9592
2197;6349;8546
5129;5319;10448
4833;2062;6895
689;4087;4776
8264;9342;17606
9661;7770;17431
3410;6779;10189
6297;7934;14231
5778;750;6528
3813;287;4100
9234;2727;11961
3599;3541;7140
1056;7501;8557
1101;183;1284
1990;921;2911
7896;2361;10257
5479;1463;6942
9061;9547;18608
9421;8077;17498
819;6858;7677
8492;2321;10813
3601;4615;8216
4321;3909;8230
6633;8763;15396
2900;8847;11747
3653;3676;7329
9765;6429;16194
4751;8040;12791
4663;8401;13064
8893;5977;14870
7049;9909;16958
8998;9566;18564
4498;6680;11178
5965;1073;7038
8054;9620;17674
2986;9916;12902
6556;2616;9172
3403;8986;12389
1840;7112;8952
2161;6800;8961
3678;4517;8195
6592;5610;12202
2489;5740;8229
5862;3872;9734
2014;9321;11335
5527;2401;7928
1250;982;2232
3934;5142;9076
8820;470;9290
7972;298;8270
7119;533;7652
3449;8585;12034
4582;6625;11207
6811;1681;8492
8131;9759;17890
7323;6855;14178
1343;7996;9339
5954;1050;7004
444;6142;6586
6180;7402;13582
6969;3197;10166
9922;6503;16425
5901;7041;12942
3598;159;3757
143;3065;3208
8491;8026;16517
6997;1491;8488
5308;4209;9517
8223;2701;10924
3029;211;3240
8198;435;8633
4075;620;4695
9195;886;10081
6894;3681;10575
8028;1249;9277
5931;6165;12096
4890;1457;6347
8429;2079;10508
5188;9605;14793
9494;1791;11285
482;201;683
3105;3131;6236
1304;1328;2632
1176;6916;8092
7283;6075;13358
9058;8999;18057
5457;5860;11317
1995;371;2366
2539;3647;6186
1309;2185;3494
6882;6446;13328
1710;503;2213
2285;4817;7102
3910;7007;10917
7527;7783;15310
3990;1984;5974
7367;4535;11902
6715;5652;12367
1456;3423;4879
5889;4129;10018
1642;5752;7394
459;321;780
2093;5292;7385
22;9287;9309
7285;1446;8731
2278;1;2279
1087;5732;6819
8891;1583;10474
341;1682;2023
781;9434;10215
9216;499;9715
2951;4935;7886
910;2052;2962
6467;5732;12199
4973;5967;10940
2157;7314;9471
7656;2737;10393
3024;1966;4990
8053;3181;11234
441;8867;9308
4143;9111;13254
7209;593;7802
7701;9566;17267
4782;3441;8223
2599;4665;7264
4154;4791;8945
7031;4862;11893
5168;6219;11387
4601;3364;7965
404;3167;3571
8806;9901;18707
6931;7286;14217
1111;8970;10081
7568;137;7705
6104;603;6707
78;8260;8338
6182;2084;8266
4206;3392;7598
5153;5924;11077
8860;9546;18406
5627;3842;9469
6786;3418;10204
7460;2759;10219
8153;2608;10761
8173;3451;11624
6259;986;7245
1712;5094;6806
5902;867;6769
7101;6727;13828
5687;7822;13509
986;6969;7955
3698;5326;9024
3339;8729;12068
3691;6689;10380
7062;8686;15748
4567;3111;7678
4363;7580;11943
3277;2577;5854
4678;1440;6118
7171;8746;15917
2596;2464;5060
7611;3619;11230
1117;6228;7345
2938;7624;10562
2762;6041;8803
9162;9737;18899
2908;765;3673
4678;9156;13834
9105;2462;11567
982;7501;8483
2756;4880;7636
7012;889;7901
7176;1551;8727
8579;456;9035
346;7128;7474
4571;9585;14156
1169;6194;7363
6357;4386;10743
4092;4175;8267
7231;286;7517
2506;7938;10444
2762;2636;5398
9841;2013;11854
6006;2544;8550
3986;2532;6518
7725;8304;16029
4098;1101;5199
8034;2583;10617
7472;8300;15772
6604;4459;11063
570;3087;3657
1875;4777;6652
4147;5002;9149
9958;4896;14854
9627;6549;16176
208;6308;6516
2136;825;2961
4265;5800;10065
8173;9653;17826
9291;9501;18792
4569;920;5489
5928;8365;14293
8236;4762;12998
5390;9911;15301
6718;211;6929
8135;7098;15233
4949;7554;12503
7029;1114;8143
1706;4576;6282
2711;476;3187
3306;9903;13209
8640;777;9417
4584;552;5136
465;275;740
6857;663;7520
4662;4974;9636
65;6357;6422
8837;8728;17565
4632;1079;5711
6601;2551;9152
8713;3231;11944
1207;4774;5981
2769;4767;7536
6928;6761;13689
8503;2838;11341
1012;2792;3804
7503;2943;10446
5853;3228;9081
1475;7214;8689
2941;6057;8998
7610;3920;11530
7204;7914;15118
5005;2620;7625
5046;3045;8091
2082;7407;9489
8935;1670;10605
2457;1824;4281
7307;1878;9185
9582;3903;13485
8582;4770;13352
5015;3835;8850
151;9415;9566
6380;2504;8884
6562;7368;13930
6445;4529;10974
6560;8885;15445
525;4355;4880
9139;3875;13014
2108;601;2709
4434;420;4854
4087;91;4178
9865;9965;19830
8775;5436;14211
7172;8871;16043
1310;5377;6687
2378;6624;9002
8285;6417;14702
8102;1390;9492
8062;9718;17780
4936;1581;6517
6682;465;7147
475;3069;3544
9259;9655;18914
2852;9350;12202
780;9386;10166
9572;5327;14899
3301;157;3458
7021;3990;11011
3314;269;3583
3471;7333;10804
6834;574;7408
648;1132;1780
319;1131;1450
3116;3488;6604
2119;2835;4954
4845;9556;14401
6359;4473;10832
6627;7233;13860
5145;2157;7302
4716;7899;12615
9465;1650;11115
2347;7638;9985
3116;2673;5789
3869;2711;6580
2163;8422;10585
2456;5264;7720
932;2680;3612
4035;4436;8471
8108;4344;12452
4797;7561;12358
2315;6060;8375
405;3430;3835
802;5172;5974
3182;6950;10132
1100;536;1636
8041;9373;17414
1762;7909;9671
6815;7386;14201
9420;3857;13277
9521;6750;16271
7949;1213;9162
5533;6395;11928
4401;1088;5489
7809;1659;9468
8257;9398;17655
4548;8884;13432
9573;3994;13567
1364;5685;7049
5820;1628;7448
898;497;1395
7836;5587;13423
2182;2076;4258
3998;5889;9887
7815;5349;13164
2505;6373;8878
8694;1490;10184
2637;1804;4441
3726;9215;12941
7598;5733;13331
8115;1945;10060
1497;4331;5828
8486;5416;13902
2573;607;3180
7648;4727;12375
3837;7496;11333
4965;243;5208
4900;7877;12777
6775;742;7517
1826;6182;8008
1598;9764;11362
3516;188;3704
7836;9258;17094
8650;1248;9898
7328;729;8057
7605;2412;10017
3433;2634;6067
1162;4679;5841
8173;1324;9497
4155;5815;9970
5976;632;6608
166;5557;5723
3515;6779;10294
6217;3049;9266
6705;7167;13872
118;474;592
5025;7366;12391
5589;1767;7356
2369;5820;8189
1418;5036;6454
2346;5429;7775
3480;5920;9400
4687;8378;13065
9259;6749;16008
482;5806;6288
6866;3561;10427
7091;1547;8638
2019;3817;5836
6907;3855;10762
1437;1414;2851
479;3359;3838
3779;2389;6168
6524;5425;11949
2130;3677;5807
9432;232;9664
1432;8483;9915
7235;8010;15245
1148;3083;4231
939;6300;7239
4427;7160;11587
1071;6849;7920
2101;2890;4991
2076;2009;4085
8153;6279;14432
9464;7493;16957
7095;1418;8513
4609;8665;13274
4558;4034;8592
1597;1171;2768
9570;8127;17697
6881;8777;15658
7294;7802;15096
7943;3929;11872
8762;9414;18176
3319;3680;6999
1187;8454;9641
7076;7756;14832
9774;8782;18556
7703;7564;15267
3828;2177;6005
8593;1881;10474
6918;882;7800
2924;6983;9907
3854;1770;5624
4385;2600;6985
5433;1220;6653
7944;2466;10410
9002;7888;16890
1089;5614;6703
8681;9052;17733
719;1244;1963
3090;4620;7710
5847;5247;11094
3617;7887;11504
7131;2096;9227
2887;1968;4855
8125;5162;13287
390;8073;8463
883;2352;3235
1464;8203;9667
5573;2695;8268
156;1310;1466
7509;412;7921
4784;159;4943
2311;1798;4109
9052;305;9357
5800;5518;11318
6286;5608;11894
5208;5623;10831
1225;9978;11203
9191;9654;18845
3155;4930;8085
1454;4580;6034
2411;3175;5586
6396;1047;7443
7810;1559;9369
7168;3869;11037
9810;3656;13466
331;6875;7206
9874;8288;18162
1351;4195;5546
806;3163;3969
8345;5059;13404
5027;143;5170
5647;6092;11739
2061;5872;7933
1830;7355;9185
4493;4245;8738
4548;2153;6701
7664;1882;9546
3730;1069;4799
6200;4700;10900
4369;1220;5589
5169;1286;6455
7657;2998;10655
9205;4585;13790
4052;4220;8272
1702;2453;4155
5418;4322;9740
9621;5570;15191
1678;4219;5897
3165;4452;7617
2347;4756;7103
1397;2409;3806
2624;7380;10004
5121;8209;13330
6430;3243;9673
9828;2558;12386
1123;1206;2329
962;1338;2300
5807;3781;9588
4500;8960;13460
628;2034;2662
991;9051;10042
4054;8911;12965
4965;3089;8054
1596;1252;2848
6582;1932;8514
4266;9285;13551
9106;7160;16266
262;9649;9911
3752;2021;5773
8494;7845;16339
3118;7846;10964
6314;3997;10311
5214;7957;13171
5777;3727;9504
3555;8986;12541
6111;2196;8307
8959;1402;10361
5268;2221;7489
89;705;794
1402;4855;6257
3750;7954;11704
3266;8170;11436
885;5686;6571
4206;4811;9017
5586;8745;14331
3024;5829;8853
7687;4644;12331
5980;3661;9641
5979;3992;9971
5516;7104;12620
9144;6104;15248
7763;8035;15798
9646;5620;15266
207;8591;8798
5026;593;5619
9336;2493;11829
8823;1440;10263
2469;199;2668
9610;3854;13464
9;8416;8425
1512;7612;9124
5025;8734;13759
5456;3455;8911
379;2256;2635
4880;2506;7386
3344;7673;11017
6779;5121;11900
3766;1191;4957
2159;6461;8620
4223;6084;10307
4041;2541;6582
6131;4560;10691
4324;1359;5683
4946;7246;12192
6837;731;7568
8466;8598;17064
5371;5213;10584
1899;8906;10805
6577;1549;8126
683;8330;9013
5286;8703;13989
20;9387;9407
9876;4613;14489
617;8796;9413
6615;6712;13327
6074;2721;8795
9513;8860;18373
2537;2879;5416
1760;2564;4324
7045;8515;15560
9781;8905;18686
9656;3477;13133
6867;9874;16741
8733;2762;11495
9801;4265;14066
384;7069;7453
3246;1812;5058
6914;5719;12633
2506;5171;7677
6745;3625;10370
6587;5974;12561
1992;2824;4816
4985;370;5355
6408;1217;7625
8344;6192;14536
2031;9720;11751
2980;3096;6076
4724;7370;12094
5261;2791;8052
72;3879;3951
8208;2246;10454
1197;7231;8428
6791;2252;9043
4182;1902;6084
7301;9493;16794
1871;3175;5046
1899;5124;7023
5372;2321;7693
3963;6820;10783
2336;4784;7120
7875;3698;11573
2670;8686;11356
6434;5415;11849
5197;6736;11933
5002;9367;14369
3781;3544;7325
6810;2197;9007
7462;2565;10027
3494;8941;12435
8785;1643;10428
2520;1772;4292
7114;2060;9174
4562;3145;7707
3026;6772;9798
1077;7574;8651
4976;1489;6465
8743;5949;14692
2472;7777;10249
1178;8582;9760
1500;6850;8350
9515;1123;10638
8830;7007;15837
2609;5142;7751
2873;2700;5573
8194;999;9193
6620;6374;12994
6698;8741;15439
2700;1803;4503
9223;2873;12096
7288;687;7975
4081;3161;7242
296;6576;6872
6026;1890;7916
7533;535;8068
653;3441;4094
9721;7720;17441
5418;8679;14097
2932;3032;5964
8819;4626;13445
4962;8640;13602
3615;3050;6665
7878;9092;16970
9302;4041;13343
7522;6278;13800
8653;6824;15477
3490;8889;12379
2128;1273;3401
2375;4191;6566
747;7020;7767
203;5021;5224
6859;9452;16311
2657;5433;8090
5893;9875;15768
4168;4562;8730
2204;4685;6889
4844;4684;9528
749;1143;1892
883;7079;7962
4547;3062;7609
6367;2639;9006
9075;352;9427
9031;7937;16968
5666;7063;12729
5433;884;6317
1523;550;2073
247;2757;3004
7763;4024;11787
4625;9595;14220
23;3493;3516
2020;7226;9246
545;7051;7596
6689;5222;11911
8687;5644;14331
2007;9167;11174
3688;8889;12577
5863;1668;7531
3132;3860;6992
8980;7444;16424
2197;8545;10742
3582;9517;13099
4926;3907;8833
6682;2083;8765
1814;8373;10187
301;8400;8701
4765;4511;9276
4340;4361;8701
5713;8105;13818
4481;1992;6473
9041;416;9457
2032;1903;3935
1031;113;1144
1140;7406;8546
3135;2316;5451
7794;9296;17090
1971;5354;7325
7115;5859;12974
833;2768;3601
4998;3289;8287
9836;5259;15095
1020;1485;2505
1914;5629;7543
6401;4467;10868
3413;2755;6168
6132;5822;11954
6977;5095;12072
9383;2359;11742
7470;3558;11028
1227;3921;5148
3251;9621;12872
5123;1798;6921
6328;5716;12044
3763;2631;6394
6180;7110;13290
9425;1049;10474
4420;8020;12440
5157;2205;7362
634;4123;4757
7200;3144;10344
6480;9537;16017
996;7291;8287
6173;3061;9234
7372;5954;13326
1505;27;1532
8686;704;9390
5224;1931;7155
1844;9271;11115
4238;4784;9022
4183;4829;9012
7502;1835;9337
6269;7501;13770
5452;1352;6804
4539;8091;12630
4229;5846;10075
3815;8150;11965
7440;4541;11981
1868;1446;3314
6955;7613;14568
1655;2560;4215
547;6862;7409
5880;4795;10675
6231;7559;13790
3704;8744;12448
3310;1336;4646
8593;5532;14125
8675;1976;10651
1327;9068;10395
8749;4686;13435
2819;5312;8131
883;4822;5705
9430;9324;18754
5571;1212;6783
5071;7727;12798
4354;5791;10145
1697;599;2296
7634;3207;10841
1157;7324;8481
2137;2732;4869
5500;9072;14572
4576;1752;6328
3645;6658;10303
4239;6909;11148
9195;5961;15156
6299;4027;10326
2726;3244;5970
4384;891;5275
5343;8986;14329
337;4000;4337
9961;8276;18237
6190;4696;10886
8591;9893;18484
4379;3552;7931
6785;4725;11510
5509;4049;9558
7163;1186;8349
9700;985;10685
7175;5548;12723
7124;3391;10515
2395;6724;9119
119;7306;7425
3192;473;3665
5683;5413;11096
2601;3267;5868
1161;2100;3261
5606;3037;8643
8058;2184;10242
425;7677;8102
7494;3719;11213
5728;9287;15015
5809;6279;12088
8408;3815;12223
7781;8970;16751
9869;1191;11060
9725;1478;11203
9522;7744;17266
8970;4190;13160
8180;2701;10881
6823;857;7680
300;5303;5603
8739;1128;9867
9738;50;9788
7159;2294;9453
6686;1815;8501
3502;4510;8012
2772;2319;5091
6628;7746;14374
5743;9375;15118
5563;4428;9991
3128;8067;11195
4963;7209;12172
4375;2520;6895
7026;9454;16480
4881;1773;6654
306;8591;8897
1521;9468;10989
3452;9040;12492
5479;2345;7824
793;2;795
9050;4338;13388
2271;9962;12233
4440;6227;10667
8146;2436;10582
8116;6525;14641
518;6105;6623
1462;2482;3944
697;4916;5613
7242;6580;13822
6410;661;7071
4201;723;4924
2097;9571;11668
2918;2816;5734
2971;9666;12637
832;3738;4570
174;8373;8547
3033;8751;11784
5036;3156;8192
6712;1384;8096
8372;5059;13431
380;9200;9580
3928;2354;6282
5009;849;5858
5335;4026;9361
9431;4002;13433
7663;1773;9436
1288;8618;9906
4289;9226;13515
7873;1061;8934
4715;8841;13556
7219;9232;16451
7253;9684;16937
7083;8606;15689
2976;5388;8364
9746;1897;11643
5090;9592;14682
5155;8944;14099
7372;6518;13890
8579;205;8784
2725;831;3556
5925;3756;9681
2546;5695;8241
7473;1121;8594
7129;9657;16786
6870;6847;13717
5665;3949;9614
6838;3254;10092
1913;7633;9546
7930;1157;9087
9911;8972;18883
3526;6467;9993
5862;2968;8830
2122;609;2731
5904;3111;9015
43;3322;3365
5762;5849;11611
2577;1129;3706
8233;9305;17538
1891;3591;5482
995;6152;7147
8103;3911;12014
227;6630;6857
6668;5559;12227
1696;143;1839
9247;6738;15985
8980;7828;16808
4861;1440;6301
8286;6936;15222
3884;9761;13645
1549;8708;10257
4031;5502;9533
844;4982;5826
6994;5966;12960
541;6741;7282
2053;3347;5400
6816;2622;9438
1437;7085;8522
240;7076;7316
2544;4965;7509
8837;3139;11976
1744;5644;7388
2512;4130;6642
7417;4605;12022
2177;7873;10050
6043;2219;8262
6324;4109;10433
3229;6270;9499
1594;7090;8684
9457;7859;17316
7929;5865;13794
7430;4086;11516
1202;2562;3764
4299;6681;10980
849;5347;6196
381;460;841
8734;2197;10931
6298;4376;10674
743;1587;2330
1045;8645;9690
8711;4278;12989
3241;3578;6819
8427;5265;13692
8970;1524;10494
3719;5784;9503
4878;2407;7285
325;5925;6250
4444;5618;10062
8150;2322;10472
5250;5444;10694
6508;6415;12923
7482;4445;11927
2025;6077;8102
9637;9248;18885
7758;8502;16260
7706;8237;15943
1482;1469;2951
8239;3790;12029
1711;8185;9896
4634;8842;13476
3653;6836;10489
7597;1084;8681
6718;2792;9510
716;6090;6806
7284;934;8218
8481;4976;13457
4191;5058;9249
1598;8823;10421
3431;8948;12379
1555;6519;8074
7023;9825;16848
6112;5266;11378
2413;398;2811
1054;9027;10081
9064;4487;13551
3935;7671;11606
4430;6613;11043
6136;1783;7919
3823;319;4142
4402;3008;7410
9144;280;9424
4906;1149;6055
1540;9758;11298
8855;7793;16648
1311;5205;6516
9508;9865;19373
9586;4913;14499
5141;2304;7445
8461;768;9229
9405;6071;15476
7940;5166;13106
6811;8130;14941
3302;7994;11296
2634;6546;9180
7675;8246;15921
9637;24;9661
8040;2923;10963
8458;825;9283
6620;3010;9630
8348;4987;13335
6773;2140;8913
682;601;1283
3218;9491;12709
2362;3076;5438
3662;4410;8072
9282;1466;10748
667;1287;1954
1187;1040;2227
1575;823;2398
8880;99;8979
1670;8918;10588
444;4039;4483
9956;6248;16204
308;5550;5858
1550;9287;10837
2410;6143;8553
2172;2523;4695
4455;2139;6594
8915;5939;14854
7051;2405;9456
8040;6601;14641
8684;8295;16979
3973;5165;9138
8919;3989;12908
4217;9082;13299
8981;6732;15713
5435;7553;12988
2874;4406;7280
7119;2235;9354
8680;8576;17256
5923;5657;11580
1177;4660;5837
6421;1249;7670
4552;8416;12968
1668;3352;5020
4618;2593;7211
5610;5721;11331
8591;6700;15291
5865;2850;8715
6842;46;6888
3443;9347;12790
3647;5848;9495
7447;7372;14819
4162;8700;12862
938;673;1611
5332;3;5335
641;6542;7183
8165;5305;13470
6243;2584;8827
6696;8583;15279
8688;5520;14208
8134;7853;15987
8433;6451;14884
8743;4496;13239
968;7678;8646
927;2727;3654
8785;7586;16371
2519;4126;6645
6016;7529;13545
9028;8400;17428
5339;1657;6996
7783;9410;17193
7919;9792;17711
6061;3296;9357
6617;484;7101
2922;3943;6865
3623;375;3998
1048;910;1958
4002;3403;7405
2162;2218;4380
4781;4002;8783
8068;7021;15089
1189;3980;5169
7774;4094;11868
5526;344;5870
5764;7185;12949
7632;4396;12028
3042;4013;7055
2730;8326;11056
5013;2013;7026
9249;6739;15988
8189;2832;11021
9861;1071;10932
211;4810;5021
5095;4502;9597
9616;5468;15084
7443;9092;16535
5132;3766;8898
8049;466;8515
809;6075;6884
5229;2736;7965
9638;6981;16619
4000;6213;10213
2094;7751;9845
9193;5777;14970
1852;7009;8861
4892;671;5563
4544;9636;14180
8177;5061;13238
2286;7512;9798
7903;6218;14121
3487;7370;10857
9831;1668;11499
3831;4783;8614
8249;4292;12541
6732;3318;10050
6999;5461;12460
7003;8410;15413
3058;3548;6606
3053;2547;5600
6017;715;6732
8527;6833;15360
6708;6741;13449
9787;997;10784
8425;5332;13757
888;4926;5814
4884;5665;10549
8976;756;9732
9363;5020;14383
5812;5753;11565
4075;1258;5333
5896;223;6119
3204;9327;12531
7427;8860;16287
3272;663;3935
3592;1286;4878
8442;1761;10203
5348;6504;11852
7990;8286;16276
2468;5034;7502
6480;8186;14666
9813;2097;11910
3396;9579;12975
7349;9227;16576
478;3926;4404
2552;2605;5157
3413;605;4018
2326;804;3130
3165;2583;5748
9711;69;9780
7899;6648;14547
8511;5070;13581
9501;6955;16456
190;3163;3353
9687;9221;18908
6883;9407;16290
6735;398;7133
3258;3652;6910
3130;239;3369
3824;8881;12705
4210;1244;5454
6836;1259;8095
9098;865;9963
1675;3497;5172
2261;1422;3683
322;8483;8805
4669;8955;13624
4152;8195;12347
7840;7421;15261
9422;9148;18570
7130;4418;11548
2028;4099;6127
8993;2406;11399
2187;5189;7376
262;119;381
593;7793;8386
5265;9360;14625
9645;1363;11008
6303;9027;15330
4347;1476;5823
5268;8192;13460
5035;171;5206
5910;5106;11016
360;5756;6116
5210;9138;14348
4104;6629;10733
4593;1799;6392
3707;8002;11709
4947;2695;7642
5505;4557;10062
6924;4688;11612
6596;713;7309
2859;1340;4199
623;1589;2212
2586;7463;10049
4906;7905;12811
6582;7065;13647
8423;8791;17214
1431;6601;8032
5323;6489;11812
1927;3918;5845
226;3683;3909
9383;7613;16996
4275;9285;13560
3626;2711;6337
1155;505;1660
5475;9901;15376
3062;5571;8633
7666;6959;14625
4070;9151;13221
2695;1243;3938
3720;766;4486
6105;7800;13905
8232;2353;10585
9146;8959;18105
8079;4194;12273
3809;9153;12962
198;895;1093
8708;3542;12250
9001;2761;11762
1821;576;2397
6601;8770;15371
5067;3543;8610
3237;6209;9446
5136;8847;13983
2259;4491;6750
8919;4305;13224
6029;4207;10236
1036;1852;2888
6142;2612;8754
1820;9364;11184
120;4585;4705
2494;4619;7113
2256;8627;10883
2144;5223;7367
2295;6742;9037
4776;9829;14605
8779;5976;14755
1967;3387;5354
69;6867;6936
4820;4358;9178
2729;5612;8341
1581;3347;4928
2958;1213;4171
6976;5783;12759
7281;2944;10225
6501;4692;11193
3879;4436;8315
2945;9652;12597
2489;2164;4653
2388;8174;10562
4394;1358;5752
103;801;904
2858;9141;11999
7855;7738;15593
384;6373;6757
1825;7926;9751
3175;795;3970
9315;3115;12430
9358;334;9692
7925;9229;17154
4974;4333;9307
7101;1630;8731
5532;6611;12143
8187;6094;14281
7453;8012;15465
8535;4797;13332
9975;8961;18936
3386;2041;5427
1123;1608;2731
2300;7509;9809
2492;4513;7005
4844;2937;7781
4799;8063;12862
184;4961;5145
998;7238;8236
589;7879;8468
6470;7533;14003
1252;2559;3811
5320;2606;7926
6409;9242;15651
4615;1897;6512
2809;4956;7765
2974;8421;11395
105;7910;8015
7645;1276;8921
9894;9792;19686
2312;4824;7136
356;2278;2634
8639;1680;10319
3820;8239;12059
8370;764;9134
5135;5778;10913
4756;4738;9494
1974;3953;5927
2147;5734;7881
4031;6822;10853
1717;9306;11023
5793;9685;15478
3096;8333;11429
7840;4028;11868
9909;7205;17114
2774;6777;9551
6109;3110;9219
3562;6218;9780
5646;980;6626
7586;3885;11471
6886;2072;8958
5329;194;5523
4791;7644;12435
9642;7983;17625
5870;89;5959
7357;7386;14743
3699;9193;12892
9277;6473;15750
577;1157;1734
8217;1073;9290
6477;2771;9248
83;9335;9418
9235;3392;12627
6693;5268;11961
6514;7591;14105
6309;1916;8225
4465;2654;7119
556;2748;3304
231;8088;8319
6232;7364;13596
2596;3800;6396
8842;6034;14876
8783;4549;13332
534;32;566
1176;1839;3015
5390;3880;9270
526;8714;9240
4668;6302;10970
6210;2937;9147
2946;4677;7623
4123;6848;10971
2136;1006;3142
2410;9522;11932
5120;9337;14457
3321;948;4269
9146;3822;12968
4359;5886;10245
1644;7841;9485
3887;1971;5858
7334;6947;14281
7496;20;7516
1;9145;9146
8449;3162;11611
4821;5556;10377
6201;1121;7322
6108;6735;12843
5240;7684;12924
2577;790;3367
5019;440;5459
438;280;718
7238;6533;13771
1053;2241;3294
6919;6837;13756
3106;577;3683
8753;7298;16051
118;164;282
9931;7836;17767
6495;4324;10819
417;4267;4684
5610;5344;10954
8546;4216;12762
2350;1527;3877
513;733;1246
1362;377;1739
3263;6030;9293
7641;8551;16192
188;4293;4481
7343;6315;13658
5293;6235;11528
3424;8851;12275
6124;7036;13160
5775;4544;10319
8938;1843;10781
6482;372;6854
5683;6661;12344
1926;3591;5517
1938;7669;9607
421;2775;3196
1656;7288;8944
7741;6743;14484
921;4262;5183
2118;9090;11208
4817;4094;8911
1152;6470;7622
3431;835;4266
5262;4900;10162
9645;6446;16091
4931;8707;13638
9280;2950;12230
4018;9194;13212
7645;296;7941
9209;8913;18122
173;4231;4404
6966;4471;11437
2581;6327;8908
2149;4474;6623
2751;394;3145
7201;5043;12244
9714;6454;16168
274;6677;6951
5991;6335;12326
7882;5324;13206
2177;8149;10326
4189;3888;8077
8116;1990;10106
4625;7324;11949
5315;9702;15017
9052;3048;12100
3718;7708;11426
1601;5998;7599
7758;6786;14544
43;8559;8602
9491;1662;11153
3232;192;3424
4102;4620;8722
7123;8699;15822
8682;911;9593
6330;2987;9317
8972;3201;12173
3854;6632;10486
2021;526;2547
7387;7754;15141
4136;7018;11154
641;9250;9891
2254;719;2973
5276;9404;14680
7266;9373;16639
8775;1959;10734
5531;567;6098
1682;423;2105
14;7176;7190
9199;4596;13795
867;4262;5129
882;2415;3297
2515;7922;10437
9705;6664;16369
6863;279;7142
8511;1864;10375
6894;9713;16607
6695;6049;12744
5251;6980;12231
4060;2412;6472
3128;6988;10116
1529;3711;5240
4919;4523;9442
6007;7041;13048
4591;3477;8068
448;5965;6413
5251;7834;13085
8240;2196;10436
3871;6563;10434
5197;3763;8960
5549;3147;8696
4759;1572;6331
5650;61;5711
5902;5372;11274
6888;5880;12768
1098;6206;7304
3151;696;3847
7418;8806;16224
9333;516;9849
7082;9181;16263
6437;4773;11210
5325;3516;8841
9743;9723;19466
5260;1908;7168
3378;9135;12513
8168;1157;9325
5582;2062;7644
2712;1415;4127
8134;5693;13827
676;2458;3134
2490;1390;3880
8781;7340;16121
5402;5263;10665
7130;1187;8317
5945;6056;12001
2792;5268;8060
9242;458;9700
4530;9775;14305
5842;5491;11333
3649;779;4428
5139;3835;8974
6096;3069;9165
1468;3011;4479
9360;6711;16071
95;3919;4014
964;5544;6508
6680;4503;11183
8737;5026;13763
4445;1614;6059
3767;683;4450
3016;487;3503
4104;1628;5732
8903;6846;15749
3815;3256;7071
501;6651;7152
5136;1799;6935
3474;49;3523
7891;8153;16044
4277;4008;8285
2005;1512;3517
9685;5861;15546
4328;2565;6893
4889;9125;14014
6041;5115;11156
8258;6265;14523
9782;2702;12484
5889;1002;6891
8782;810;9592
616;6281;6897
8294;2629;10923
2824;4106;6930
1094;6921;8015
3125;2847;5972
8958;5733;14691
9495;7371;16866
3562;1533;5095
7611;5187;12798
5262;5074;10336
7875;478;8353
2028;912;2940
3166;3499;6665
4874;5571;10445
2572;8891;11463
4865;3904;8769
4987;5951;10938
7011;9053;16064
734;3307;4041
125;7513;7638
668;7985;8653
9328;299;9627
2003;7894;9897
6791;3449;10240
359;5835;6194
2932;4542;7474
2358;662;3020
5205;595;5800
2478;3387;5865
4092;6733;10825
3315;5576;8891
4212;9792;14004
8488;4025;12513
1171;51;1222
7537;2874;10411
6484;7856;14340
4571;1611;6182
9216;8302;17518
1342;4359;5701
6860;6871;13731
4884;9983;14867
4171;9777;13948
2959;6832;9791
4680;7057;11737
7738;9811;17549
4652;5177;9829
9975;7361;17336
6794;4249;11043
6220;5541;11761
1322;796;2118
4196;4892;9088
8015;1361;9376
7694;4017;11711
4561;4491;9052
3344;7348;10692
4608;7635;12243
7167;2712;9879
3124;7657;10781
5015;7727;12742
6903;8429;15332
3460;1851;5311
764;5532;6296
5038;3093;8131
6491;4394;10885
5235;4917;10152
9710;4267;13977
3669;9584;13253
644;7615;8259
8937;4105;13042
2760;7802;10562
8008;5454;13462
3419;9897;13316
3779;6002;9781
834;2663;3497
8766;7435;16201
6022;5878;11900
200;3707;3907
8309;4484;12793
2686;1045;3731
334;5699;6033
2712;2433;5145
6001;3451;9452
8564;4691;13255
1837;3247;5084
5708;6819;12527
2449;1341;3790
6670;7530;14200
129;5612;5741
6999;9686;16685
5096;2998;8094
2098;2853;4951
6958;4159;11117
6814;9237;16051
8617;3410;12027
4718;6749;11467
7345;1326;8671
1067;1039;2106
2563;1631;4194
2614;2006;4620
186;3492;3678
3696;156;3852
9997;3716;13713
4828;7514;12342
8314;3216;11530
225;5495;5720
2788;525;3313
7359;250;7609
1623;4463;6086
6172;3283;9455
5064;5913;10977
5104;1431;6535
7556;6794;14350
4997;4590;9587
4745;9433;14178
85;9976;10061
2941;3535;6476
1122;4472;5594
458;2050;2508
8656;2602;11258
9256;1019;10275
3002;7433;10435
8822;70;8892
7360;6298;13658
2154;2026;4180
32;5438;5470
9169;7059;16228
5064;1901;6965
723;9831;10554
3708;6774;10482
9375;4555;13930
4441;5553;9994
7333;5976;13309
9924;6266;16190
307;3679;3986
2492;3797;6289
4016;7819;11835
4348;9288;13636
632;9617;10249
3985;2570;6555
4933;4502;9435
9132;2499;11631
7575;4538;12113
3845;1795;5640
5007;8094;13101
760;3616;4376
6841;2752;9593
976;760;1736
3069;7720;10789
4313;8068;12381
4242;140;4382
7334;1683;9017
628;9264;9892
8314;4004;12318
2849;9861;12710
5271;5421;10692
7859;6631;14490
7903;7073;14976
3131;5951;9082
9648;4534;14182
281;4981;5262
2556;4673;7229
6838;1581;8419
1292;8366;9658
9248;7748;16996
2113;9401;11514
9918;2222;12140
3448;8700;12148
9077;4848;13925
7766;2070;9836
4608;4958;9566
2305;7886;10191
3000;2145;5145
4490;3648;8138
929;2224;3153
839;7695;8534
1953;5047;7000
7840;2677;10517
7670;7177;14847
942;9639;10581
8870;4566;13436
3898;9236;13134
2536;107;2643
1617;8350;9967
8946;3696;12642
6886;37;6923
215;6406;6621
8398;2577;10975
4556;4064;8620
1326;775;2101
2971;1382;4353
3014;6057;9071
9049;7325;16374
3213;1999;5212
9290;3141;12431
6818;34;6852
4229;8896;13125
1403;2839;4242
2601;4774;7375
6326;5563;11889
8695;3047;11742
7854;5622;13476
9112;3154;12266
1573;8030;9603
9726;8017;17743
3132;6759;9891
9929;5022;14951
5648;7095;12743
9611;7539;17150
9636;7186;16822
7238;2704;9942
3948;9778;13726
6985;4719;11704
56;6745;6801
1506;1041;2547
6138;1018;7156
2683;5029;7712
9647;2549;12196
7331;3344;10675
8689;342;9031
2880;9718;12598
2476;5006;7482
2802;798;3600
1142;8655;9797
1894;9446;11340
8175;4944;13119
4613;3962;8575
6596;1341;7937
9713;186;9899
2293;1855;4148
22;9830;9852
8140;2521;10661
1259;597;1856
8171;7048;15219
5050;7072;12122
5201;3158;8359
7456;3185;10641
9267;5305;14572
6180;6671;12851
6341;3894;10235
4651;4293;8944
3646;9111;12757
834;226;1060
7654;8257;15911
6102;7265;13367
2864;8247;11111
7348;4874;12222
702;1155;1857
4758;2720;7478
7338;7623;14961
1286;220;1506
7198;7133;14331
5855;5217;11072
2805;4167;6972
4641;7264;11905
1951;6418;8369
7717;5210;12927
2879;8620;11499
1072;4650;5722
3025;5695;8720
8637;1152;9789
8749;8355;17104
298;7401;7699
8276;8383;16659
9212;2635;11847
2552;6389;8941
587;4421;5008
6074;3086;9160
9322;4103;13425
8974;7067;16041
1181;6510;7691
7359;3472;10831
9118;7915;17033
9261;1978;11239
3811;1213;5024
4117;4262;8379
7109;9209;16318
8135;343;8478
5113;1674;6787
9695;8223;17918
9740;1111;10851
6155;3890;10045
253;5491;5744
3755;874;4629
2797;1762;4559
3406;1068;4474
8060;6672;14732
515;4928;5443
4021;6967;10988
6632;1031;7663
5397;8692;14089
7225;4492;11717
6007;6212;12219
5091;4606;9697
215;1465;1680
7301;4232;11533
6696;9103;15799
8767;1573;10340
9569;3338;12907
2176;2664;4840
1030;640;1670
2277;99;2376
3563;4429;7992
2650;4073;6723
9463;5205;14668
1804;1339;3143
3278;2767;6045
4327;1576;5903
151;9774;9925
5661;2872;8533
8301;1999;10300
2045;5081;7126
650;5066;5716
692;685;1377
7841;9060;16901
3957;1680;5637
9935;3653;13588
2488;5864;8352
4017;3446;7463
3990;8705;12695
3174;2049;5223
7758;6204;13962
9006;1449;10455
2202;2853;5055
4421;5166;9587
9659;9504;19163
1888;2184;4072
1268;6795;8063
3459;212;3671
9710;109;9819
5144;9523;14667
7561;6784;14345
3135;5709;8844
3055;528;3583
2109;9663;11772
5668;8315;13983
1164;8307;9471
285;9202;9487
6737;3655;10392
7108;9256;16364
8054;8718;16772
8799;4344;13143
2621;9186;11807
5888;1020;6908
207;9483;9690
7227;8155;15382
7063;2086;9149
3842;9185;13027
599;2766;3365
7065;2964;10029
3178;8979;12157
3943;5583;9526
8424;1975;10399
5798;9959;15757
1998;872;2870
6215;3403;9618
1942;7368;9310
3573;7889;11462
6529;9499;16028
9282;9013;18295
9487;1089;10576
4165;3333;7498
5004;5379;10383
1825;3542;5367
5610;9002;14612
5784;8032;13816
4371;3389;7760
9597;7792;17389
2281;7207;9488
5880;972;6852
6190;9384;15574
7967;4212;12179
202;683;885
4788;970;5758
8539;360;8899
9948;4937;14885
915;1939;2854
6726;3415;10141
4602;1323;5925
9431;2084;11515
4828;9518;14346
1712;9745;11457
2660;8765;11425
7802;2815;10617
2120;9526;11646
5921;1003;6924
8389;2880;11269
8289;5318;13607
4017;4745;8762
83;9482;9565
4191;1946;6137
6877;6270;13147
9108;4157;13265
5719;1206;6925
1183;2460;3643
5201;783;5984
6889;8211;15100
4893;7061;11954
3594;6450;10044
7993;7160;15153
1737;3922;5659
1653;2581;4234
7000;5428;12428
9499;4715;14214
9435;553;9988
9383;2655;12038
8275;9401;17676
8270;781;9051
5235;2198;7433
7649;2926;10575
4811;1654;6465
7711;290;8001
7975;733;8708
8118;2835;10953
3679;9020;12699
7949;8732;16681
5904;943;6847
7281;7605;14886
2140;2327;4467
3249;18;3267
4274;3110;7384
3035;1216;4251
3227;6958;10185
9436;5392;14828
3656;2990;6646
183;5050;5233
670;9529;10199
7133;9351;16484
741;5430;6171
1105;9232;10337
1877;2668;4545
8944;3021;11965
2271;6191;8462
6342;4056;10398
4437;3726;8163
3783;1897;5680
4869;3032;7901
1513;1553;3066
6772;3023;9795
3936;7544;11480
6536;4023;10559
9993;8906;18899
7276;1;7277
1973;737;2710
8082;9181;17263
8242;9212;17454
9228;5591;14819
2562;2569;5131
8800;9001;17801
7062;1037;8099
7648;7988;15636
9939;5165;15104
4428;2038;6466
1665;7466;9131
8155;8942;17097
5653;4756;10409
7391;1025;8416
8453;7611;16064
523;7996;8519
3206;3689;6895
8881;6627;15508
4036;3453;7489
7995;1708;9703
4972;7132;12104
9782;9432;19214
2088;6755;8843
3014;2286;5300
7207;7997;15204
5789;7515;13304
5242;6088;11330
8763;3976;12739
8921;1834;10755
9598;301;9899
4905;8053;12958
4817;9488;14305
7459;5135;12594
1478;3322;4800
5532;2348;7880
2646;6890;9536
8070;3716;11786
8274;6636;14910
3910;7653;11563
5019;7906;12925
1296;7168;8464
6918;2646;9564
229;9545;9774
1710;9423;11133
9683;8431;18114
8580;310;8890
509;5461;5970
4100;6486;10586
2374;1614;3988
9716;9859;19575
5006;5826;10832
3343;6110;9453
572;4623;5195
5648;9036;14684
3770;9088;12858
1607;6530;8137
6212;4026;10238
5768;6605;12373
1642;4970;6612
4907;5457;10364
512;7948;8460
8147;5415;13562
9772;6252;16024
6997;5299;12296
2269;7620;9889
5120;6174;11294
8593;3100;11693
6568;3223;9791
1777;6356;8133
7433;1279;8712
1480;2749;4229
381;9093;9474
3927;2909;6836
937;3586;4523
3755;2769;6524
3254;8298;11552
8613;9728;18341
67;820;887
6604;4635;11239
7789;3702;11491
2288;6142;8430
8362;4270;12632
8223;693;8916
1402;40;1442
8336;2221;10557
3285;558;3843
7439;3591;11030
9345;5119;14464
8304;9737;18041
9021;6402;15423
4004;7125;11129
4478;8301;12779
8955;4020;12975
9204;8391;17595
3595;3232;6827
9921;7266;17187
6913;9517;16430
9665;2264;11929
559;9272;9831
9339;6515;15854
2423;7003;9426
280;457;737
6665;1184;7849
1289;8764;10053
5155;6065;11220
1426;8620;10046
9871;2428;12299
3241;5453;8694
9531;8224;17755
8250;1770;10020
7364;8066;15430
6573;8237;14810
9049;1282;10331
9149;4;9153
8729;5415;14144
2575;7305;9880
3497;3260;6757
559;7665;8224
59;9836;9895
3377;5749;9126
2736;2586;5322
9957;5686;15643
5357;5766;11123
4501;260;4761
490;9482;9972
501;6788;7289
1541;3713;5254
3629;4032;7661
9078;7245;16323
3222;2516;5738
4826;5794;10620
5905;778;6683
4552;807;5359
1174;854;2028
4689;5026;9715
3209;5201;8410
4568;2024;6592
2815;2813;5628
6900;7304;14204
7078;4110;11188
1439;6112;7551
2482;2210;4692
9198;1703;10901
6915;2035;8950
7572;5405;12977
1755;290;2045
9827;6824;16651
1199;7679;8878
1462;7341;8803
9035;5162;14197
521;9779;10300
5875;8388;14263
1510;4943;6453
6491;544;7035
3127;784;3911
5874;3900;9774
4518;3773;8291
5320;4319;9639
6857;3774;10631
4935;6086;11021
8679;2249;10928
1639;4591;6230
5812;5063;10875
5109;970;6079
128;4237;4365
6672;9913;16585
2430;8824;11254
6725;7023;13748
1532;6547;8079
8311;5293;13604
2658;4474;7132
5197;369;5566
4618;4853;9471
3483;2480;5963
3663;738;4401
1105;2349;3454
6251;5743;11994
8940;4553;13493
8745;7330;16075
8929;9950;18879
2792;5793;8585
5552;1959;7511
3243;9092;12335
3423;2300;5723
3651;8276;11927
304;2519;2823
7852;9374;17226
5832;9948;15780
7602;1685;9287
9068;2943;12011
2882;5992;8874
9231;7062;16293
2860;638;3498
9533;441;9974
3710;690;4400
8182;8380;16562
5287;6957;12244
9977;8379;18356
7126;8500;15626
6878;2836;9714
2642;3321;5963
5273;9465;14738
8655;9029;17684
4990;8874;13864
6399;1867;8266
6927;5343;12270
6914;6402;13316
1420;382;1802
8700;6700;15400
6829;9972;16801
7451;720;8171
191;3738;3929
7785;6733;14518
9491;5958;15449
3743;2911;6654
7133;1471;8604
4048;8772;12820
7900;4161;12061
849;3113;3962
2437;4008;6445
4504;4811;9315
4492;9445;13937
9079;5008;14087
3719;5398;9117
6081;2255;8336
1263;6587;7850
679;2446;3125
454;5928;6382
4164;2553;6717
5330;4933;10263
620;3233;3853
3546;2969;6515
686;7459;8145
8807;1480;10287
9808;3954;13762
1340;9779;11119
5527;2590;8117
7041;5537;12578
7100;6757;13857
9448;193;9641
358;2545;2903
3073;3391;6464
622;3663;4285
5194;8698;13892
2670;2914;5584
1242;4913;6155
7029;8227;15256
1566;8417;9983
2711;58;2769
4255;6278;10533
7968;4904;12872
5216;9407;14623
1819;5409;7228
9085;3399;12484
3232;2438;5670
7224;4649;11873
4738;2633;7371
9412;4828;14240
8676;7927;16603
4079;2179;6258
2602;331;2933
9936;2087;12023
8080;1662;9742
3985;3260;7245
4439;2845;7284
7401;6807;14208
1491;1779;3270
8924;178;9102
7209;7319;14528
8821;4335;13156
961;7357;8318
346;3114;3460
1228;2250;3478
6681;1913;8594
6532;8893;15425
6638;4402;11040
2253;4206;6459
8550;3032;11582
2391;7348;9739
3117;6503;9620
3705;2937;6642
4094;4245;8339
3730;5397;9127
6247;6518;12765
7308;768;8076
1923;9010;10933
6302;6450;12752
4633;3767;8400
6508;6714;13222
9202;1064;10266
5471;3984;9455
4812;5063;9875
2341;8002;10343
2793;7993;10786
6392;3923;10315
5652;9290;14942
5926;9869;15795
1472;7401;8873
2115;5802;7917
1770;8004;9774
8810;3637;12447
1791;2511;4302
4616;9776;14392
501;2427;2928
9636;5765;15401
8199;6890;15089
8233;4017;12250
9872;8575;18447
5361;3728;9089
6012;1046;7058
5314;7776;13090
9955;445;10400
4478;9704;14182
2528;6317;8845
2136;5611;7747
9667;4880;14547
3203;8560;11763
5714;8343;14057
8272;5342;13614
2223;29;2252
4561;9100;13661
6125;7363;13488
1252;4795;6047
8061;7912;15973
6231;8479;14710
7182;1841;9023
5352;7139;12491
1765;5398;7163
4173;8533;12706
246;1112;1358
452;4243;4695
9972;3077;13049
2642;2020;4662
5240;1966;7206
1249;5053;6302
283;1659;1942
3216;5889;9105
6153;3519;9672
7491;7766;15257
2543;5019;7562
2187;8156;10343
1549;1581;3130
4271;3394;7665
7290;8327;15617
9088;548;9636
6696;9997;16693
7342;530;7872
2020;4874;6894
4347;6687;11034
6311;9993;16304
3001;7358;10359
7976;1537;9513
1393;109;1502
8690;3513;12203
2412;8169;10581
3841;2721;6562
8637;9299;17936
965;7480;8445
6871;2667;9538
9451;8783;18234
5418;6343;11761
8535;3554;12089
3390;823;4213
9448;4152;13600
7925;3027;10952
3248;3841;7089
4792;7250;12042
815;8465;9280
8014;6191;14205
12;9796;9808
7316;1321;8637
3102;923;4025
1911;9861;11772
7840;7949;15789
6715;5312;12027
416;4247;4663
7735;8111;15846
5053;8065;13118
5112;9070;14182
5734;5176;10910
8689;5792;14481
9052;6197;15249
7536;4332;11868
6772;8520;15292
744;5183;5927
1695;4158;5853
6956;1762;8718
8600;7381;15981
5034;7039;12073
4105;5334;9439
959;4636;5595
1778;4360;6138
2261;1047;3308
2578;4879;7457
1165;3944;5109
3236;4755;7991
2483;5597;8080
1461;4294;5755
4381;3893;8274
8208;8437;16645
5339;9642;14981
3973;8779;12752
3907;5914;9821
963;7010;7973
6887;196;7083
1477;963;2440
8095;9470;17565
4195;489;4684
2065;8509;10574
4098;4654;8752
1269;1932;3201
5713;2890;8603
6520;501;7021
6316;3953;10269
186;1969;2155
7411;8881;16292
5544;1695;7239
8453;1245;9698
5779;2851;8630
5067;788;5855
7871;1923;9794
2827;6651;9478
8732;8889;17621
7558;1684;9242
2317;1501;3818
2384;647;3031
4784;1406;6190
3236;8446;11682
247;4311;4558
2586;460;3046
7629;7688;15317
1222;7929;9151
2418;7827;10245
4645;2129;6774
8269;895;9164
5247;4304;9551
222;8008;8230
728;8681;9409
4703;98;4801
4061;929;4990
5842;1532;7374
4805;1166;5971
7129;1361;8490
6090;8139;14229
624;8360;8984
6414;4431;10845
6048;1594;7642
2378;7484;9862
7384;555;7939
2546;6954;9500
1578;3284;4862
1921;8703;10624
7198;4149;11347
512;2865;3377
1409;2614;4023
1224;2709;3933
5294;6749;12043
4055;8654;12709
8303;9174;17477
4947;3441;8388
2278;1296;3574
1487;8582;10069
520;1519;2039
25;6939;6964
7629;8217;15846
9749;6927;16676
1735;5213;6948
9703;6152;15855
9538;5477;15015
2155;2056;4211
1556;8069;9625
895;4934;5829
9128;858;9986
2048;4768;6816
4809;9166;13975
2732;6399;9131
2205;8773;10978
9451;7541;16992
6956;1546;8502
7392;6001;13393
1288;8794;10082
7624;6965;14589
4509;765;5274
7512;2572;10084
8209;7011;15220
9105;8688;17793
8189;6420;14609
9952;2704;12656
3722;6128;9850
8851;4766;13617
4740;9967;14707
6957;2742;9699
5666;8212;13878
5156;610;5766
7776;2182;9958
7051;5280;12331
2358;3072;5430
8009;4466;12475
6066;9538;15604
2707;1046;3753
2006;4440;6446
2136;3507;5643
8101;6746;14847
1871;9478;11349
4713;5286;9999
2810;7392;10202
4086;8168;12254
2833;5800;8633
2616;7403;10019
4085;9584;13669
6001;8565;14566
432;1655;2087
4808;4978;9786
3116;9497;12613
8205;9950;18155
5444;5464;10908
6829;3711;10540
6598;6992;13590
2659;9534;12193
6220;2768;8988
8853;8200;17053
2725;571;3296
2639;2474;5113
9442;5361;14803
2415;7080;9495
6118;7741;13859
7400;3684;11084
6973;2397;9370
2498;5143;7641
9176;9481;18657
2163;4540;6703
1536;44;1580
6013;2024;8037
7431;7962;15393
171;1029;1200
6260;9870;16130
8370;3863;12233
73;7450;7523
6128;8564;14692
3189;974;4163
109;9888;9997
2784;6934;9718
6761;3834;10595
4967;7244;12211
7611;5383;12994
4924;344;5268
7480;73;7553
9307;3771;13078
7529;7267;14796
4467;26;4493
251;1616;1867
3431;9517;12948
2651;7880;10531
2039;3384;5423
431;9905;10336
3393;276;3669
5949;8287;14236
3365;706;4071
8624;5277;13901
9819;4885;14704
6483;9313;15796
2953;3338;6291
5451;265;5716
6324;3052;9376
8219;1327;9546
7779;3578;11357
9989;5693;15682
1035;4386;5421
196;8584;8780
5114;2215;7329
9307;7322;16629
5493;4508;10001
4020;2786;6806
5550;3537;9087
4183;1755;5938
890;1905;2795
8666;759;9425
1033;9425;10458
5176;7350;12526
3796;9486;13282
5352;8213;13565
8108;203;8311
3735;2310;6045
5235;4612;9847
6079;2891;8970
7986;7178;15164
2186;2315;4501
7912;767;8679
9942;9623;19565
2235;7302;9537
6985;3704;10689
7780;1353;9133
2964;9870;12834
8963;2080;11043
1539;5947;7486
3290;3051;6341
3437;6618;10055
5760;4138;9898
1286;221;1507
2444;4065;6509
6380;6445;12825
4876;7361;12237
1675;5954;7629
8326;7137;15463
8560;4487;13047
479;6074;6553
6678;1509;8187
3756;1343;5099
8472;525;8997
2836;3994;6830
9152;6195;15347
7642;6839;14481
9135;6903;16038
9060;7334;16394
7755;8787;16542
7312;4774;12086
4597;2806;7403
1643;5249;6892
6866;9061;15927
395;6393;6788
1998;359;2357
7597;8266;15863
5276;6535;11811
1393;195;1588
2561;8982;11543
5912;4241;10153
8974;2165;11139
8273;5607;13880
6734;3749;10483
9037;2317;11354
3942;7217;11159
4586;9125;13711
9783;1756;11539
3090;3019;6109
8922;6670;15592
7639;4675;12314
7319;1593;8912
3330;4078;7408
8246;6886;15132
9684;5591;15275
7250;9106;16356
1861;8734;10595
6014;7028;13042
1679;1320;2999
7486;3058;10544
8217;4023;12240
8925;3400;12325
8677;1472;10149
6109;6035;12144
4319;4356;8675
9012;3502;12514
9435;8454;17889
4522;1311;5833
7898;4291;12189
3406;7544;10950
8335;4782;13117
7749;4978;12727
3830;3831;7661
2610;3486;6096
6650;2610;9260
8122;3692;11814
7660;3381;11041
1588;277;1865
1187;5827;7014
4891;6539;11430
2089;68;2157
4557;2858;7415
321;2133;2454
9113;7009;16122
4556;4586;9142
1036;1768;2804
1379;9299;10678
3790;4312;8102
1681;7137;8818
8894;6912;15806
3316;8335;11651
8900;8736;17636
8242;661;8903
9577;2612;12189
5541;2298;7839
2698;757;3455
9708;9076;18784
9569;7562;17131
7337;5164;12501
9978;2973;12951
4317;4949;9266
7334;3031;10365
7491;1588;9079
953;4544;5497
6658;4416;11074
4756;4385;9141
9149;7748;16897
4654;9037;13691
142;9288;9430
6339;3539;9878
6056;5142;11198
4555;2038;6593
971;4315;5286
1751;6037;7788
4327;852;5179
4696;5374;10070
8518;3046;11564
3920;3241;7161
2510;2179;4689
4386;3759;8145
1380;6201;7581
3192;150;3342
1594;9553;11147
4327;9877;14204
431;1960;2391
2829;7324;10153
6212;2698;8910
8179;7111;15290
1609;9425;11034
5699;4600;10299
6272;27;6299
4780;5289;10069
581;9938;10519
8522;4614;13136
6271;3428;9699
1456;3019;4475
8139;7524;15663
6698;2709;9407
680;6058;6738
3131;5102;8233
5847;3781;9628
5660;3261;8921
8915;5529;14444
9963;4129;14092
7353;4097;11450
1280;6480;7760
3910;1852;5762
4268;5268;9536
8595;7611;16206
5382;3743;9125
9056;1674;10730
3075;4040;7115
471;5690;6161
2562;4805;7367
5550;6122;11672
8189;8936;17125
9026;6268;15294
7868;3034;10902
7344;743;8087
6684;6246;12930
9880;8591;18471
724;5816;6540
6162;6422;12584
9443;6707;16150
227;4251;4478
1402;2242;3644
4602;1625;6227
247;3855;4102
3169;1514;4683
5309;1071;6380
6448;6858;13306
591;4310;4901
5319;6516;11835
1497;2208;3705
3555;7696;11251
1747;2790;4537
9287;566;9853
594;7920;8514
1214;393;1607
599;4558;5157
6268;9118;15386
6084;3967;10051
1713;6356;8069
9249;5022;14271
4782;5607;10389
2984;1568;4552
7726;6680;14406
4220;411;4631
1164;8634;9798
972;1209;2181
681;6916;7597
4933;5763;10696
3974;9644;13618
1476;4196;5672
9983;5826;15809
8336;9027;17363
2682;8200;10882
6917;4226;11143
2264;6543;8807
2728;7574;10302
3986;1373;5359
7333;3721;11054
5673;9070;14743
4625;199;4824
9473;5233;14706
1203;8239;9442
571;1316;1887
8704;3825;12529
8558;2680;11238
1858;6912;8770
5364;8315;13679
7558;6699;14257
9923;973;10896
6051;5548;11599
1045;9476;10521
9103;7542;16645
8129;3666;11795
8422;5369;13791
5349;8311;13660
1199;8937;10136
7226;9461;16687
2497;507;3004
4806;6301;11107
8682;2772;11454
9809;7001;16810
2959;6210;9169
6075;497;6572
7364;1690;9054
4651;159;4810
4592;8838;13430
5753;8131;13884
7787;4664;12451
2561;3342;5903
7366;4446;11812
3514;3623;7137
6675;494;7169
9270;4339;13609
8385;5092;13477
8399;4199;12598
9265;8960;18225
8785;9195;17980
4379;2802;7181
8397;9159;17556
7391;6347;13738
2163;3738;5901
8776;1581;10357
9151;7785;16936
2514;3834;6348
3221;6857;10078
3376;8351;11727
5861;1683;7544
3367;9745;13112
4082;8950;13032
8885;1717;10602
2577;5182;7759
4536;3958;8494
5777;2046;7823
7960;6485;14445
6870;5948;12818
8620;1741;10361
8786;1110;9896
3409;7638;11047
1036;5135;6171
2663;5897;8560
9160;8111;17271
5468;5041;10509
5434;2268;7702
2357;211;2568
5732;949;6681
7800;2206;10006
9085;8556;17641
5682;9632;15314
8747;8926;17673
1687;3168;4855
8827;4971;13798
5568;510;6078
5567;266;5833
9056;7593;16649
2345;3680;6025
9912;4210;14122
1226;2531;3757
7053;4099;11152
2072;3938;6010
8801;2673;11474
8715;3884;12599
493;3730;4223
8984;3617;12601
2580;2307;4887
6363;4884;11247
3252;9955;13207
2702;478;3180
2937;2544;5481
9853;959;10812
3360;1856;5216
4942;3403;8345
2866;6598;9464
6313;8139;14452
453;7845;8298
7838;3432;11270
6584;1739;8323
2260;4393;6653
6416;9608;16024
2091;599;2690
3597;9718;13315
90;8715;8805
6821;2975;9796
237;1972;2209
2734;2858;5592
4580;1935;6515
3714;5523;9237
3278;3931;7209
5951;9754;15705
7458;6265;13723
3141;4844;7985
6347;1498;7845
1278;9282;10560
6471;3329;9800
7283;2203;9486
5612;9188;14800
3779;6980;10759
3465;5325;8790
5438;3618;9056
7227;7737;14964
7282;1065;8347
9800;10;9810
969;49;1018
2950;9509;12459
769;3259;4028
2981;1820;4801
3103;7977;11080
7541;5425;12966
5033;3275;8308
6950;4444;11394
6655;2273;8928
4725;1223;5948
8088;910;8998
2041;9471;11512
1610;9871;11481
9441;371;9812
8274;5675;13949
2757;9119;11876
5819;88;5907
9609;7602;17211
804;4472;5276
8444;6775;15219
8842;2001;10843
631;2482;3113
8612;1084;9696
9337;6828;16165
1594;2306;3900
8219;5091;13310
2287;6246;8533
3253;4100;7353
6039;9821;15860
6637;9659;16296
4402;4932;9334
8148;7420;15568
3226;9632;12858
5176;7646;12822
5666;8905;14571
4070;7208;11278
6972;2960;9932
3889;980;4869
1285;516;1801
3106;5958;9064
862;8400;9262
7149;1840;8989
8715;3203;11918
5396;1223;6619
9452;7397;16849
9844;6352;16196
8665;2877;11542
8299;2150;10449
4968;6898;11866
2986;8553;11539
1142;2681;3823
6668;790;7458
454;6581;7035
1062;1086;2148
3298;1340;4638
6721;8192;14913
8206;1211;9417
2070;9790;11860
1322;5541;6863
5218;5753;10971
7172;6894;14066
6932;4812;11744
5200;1611;6811
5691;2309;8000
7092;1213;8305
9364;2695;12059
9317;9360;18677
6969;6078;13047
9963;5275;15238
1518;6122;7640
2284;4321;6605
7648;1442;9090
4134;4067;8201
7315;9721;17036
2434;6216;8650
1449;9994;11443
3870;588;4458
5195;4758;9953
1805;9283;11088
2682;4034;6716
2604;797;3401
4262;1779;6041
7300;2771;10071
1492;1051;2543
1999;263;2262
3423;3858;7281
3417;3607;7024
3053;2973;6026
829;4733;5562
4917;135;5052
353;1920;2273
8304;1702;10006
2221;4287;6508
4319;9782;14101
451;934;1385
4416;9574;13990
6472;8885;15357
33;420;453
9435;6993;16428
182;819;1001
5457;6714;12171
1909;3485;5394
5530;2593;8123
4553;5950;10503
2304;3682;5986
6987;5609;12596
3122;7409;10531
7223;7889;15112
2321;9117;11438
1794;27;1821
9382;1270;10652
3677;9738;13415
6814;4943;11757
4130;6399;10529
115;8689;8804
8266;7311;15577
6969;6244;13213
2465;6084;8549
5749;4096;9845
5021;6140;11161
2166;3797;5963
3513;3492;7005
4296;9702;13998
8162;1835;9997
2422;4488;6910
15;6554;6569
9606;8503;18109
9961;7764;17725
7496;4713;12209
1876;516;2392
3226;9935;13161
2715;9194;11909
6045;5407;11452
8685;8514;17199
3238;8684;11922
2308;3725;6033
2060;5741;7801
1911;6343;8254
4834;2578;7412
1703;1407;3110
7753;8606;16359
2560;8307;10867
6319;1867;8186
2759;4229;6988
9097;888;9985
9937;5680;15617
8958;8744;17702
3303;9162;12465
5945;3330;9275
2692;2979;5671
465;9113;9578
9731;8559;18290
9388;1823;11211
5162;688;5850
7223;6523;13746
4564;8175;12739
2913;9779;12692
8156;5367;13523
1319;2195;3514
446;4797;5243
2303;8749;11052
401;9782;10183
6446;8695;15141
8500;5146;13646
3164;457;3621
7134;9032;16166
4975;5056;10031
5144;8132;13276
4145;2221;6366
160;1095;1255
2053;9100;11153
4099;8776;12875
8548;1052;9600
1935;200;2135
7096;8997;16093
2370;6930;9300
7470;267;7737
2900;2377;5277
85;566;651
9130;7344;16474
9227;4948;14175
4987;5316;10303
2083;1974;4057
4390;7594;11984
4340;3122;7462
463;4563;5026
2970;5923;8893
1490;8038;9528
1674;4643;6317
9929;1701;11630
9795;2475;12270
9736;1591;11327
9907;4391;14298
2970;4949;7919
4175;4118;8293
9248;5297;14545
7578;550;8128
4036;1393;5429
8622;2574;11196
1952;7175;9127
5465;9934;15399
8290;4579;12869
3756;5472;9228
9420;7250;16670
6670;8182;14852
897;7143;8040
8903;2883;11786
4858;8960;13818
3652;3251;6903
2941;608;3549
4212;2681;6893
3866;7914;11780
7850;4002;11852
9135;5907;15042
8021;311;8332
5869;9036;14905
3217;6920;10137
6234;4341;10575
6529;4688;11217
4008;9658;13666
116;8048;8164
9509;4901;14410
464;7125;7589
6740;2736;9476
4751;4924;9675
8656;4440;13096
3179;1736;4915
8661;4139;12800
4389;6310;10699
9201;8020;17221
4933;4498;9431
3360;899;4259
6839;2149;8988
9717;3134;12851
2570;4167;6737
1732;1793;3525
1415;1784;3199
3375;5461;8836
5545;9315;14860
2365;7998;10363
10;1171;1181
7621;383;8004
4604;246;4850
7293;7297;14590
315;2133;2448
9128;3634;12762
9435;4561;13996
3014;1153;4167
6303;6069;12372
1185;9854;11039
9599;2763;12362
1272;668;1940
3796;8344;12140
4848;7678;12526
5269;8640;13909
2874;8095;10969
1307;2498;3805
8597;5784;14381
4203;1533;5736
6283;4212;10495
6745;6455;13200
951;6172;7123
6584;1540;8124
5558;9570;15128
2662;5413;8075
8889;1309;10198
708;8599;9307
1106;3386;4492
3198;6577;9775
4503;3082;7585
4170;7787;11957
9363;2004;11367
6486;9642;16128
9354;39;9393
5329;7818;13147
323;6117;6440
908;4232;5140
6500;4947;11447
5954;5122;11076
411;6075;6486
7535;2438;9973
7556;9605;17161
8349;7724;16073
2491;1299;3790
4349;8494;12843
1662;6367;8029
2661;7737;10398
5523;2481;8004
2102;8779;10881
8694;6773;15467
1334;9310;10644
7765;8281;16046
9514;1635;11149
287;6553;6840
3941;9504;13445
3678;9901;13579
2034;4360;6394
474;4412;4886
2322;5001;7323
4847;1962;6809
3665;2202;5867
8415;5338;13753
981;1510;2491
9334;5519;14853
853;934;1787
6250;6956;13206
571;1723;2294
7498;373;7871
399;4774;5173
5203;8495;13698
41;3076;3117
4689;6276;10965
7061;4290;11351
1748;3072;4820
8764;574;9338
9913;1660;11573
3370;2381;5751
381;9549;9930
6120;5419;11539
2827;890;3717
9710;6384;16094
1298;8000;9298
4295;1521;5816
1862;3758;5620
6304;5690;11994
2079;9722;11801
8630;8525;17155
7841;1353;9194
6051;7227;13278
7639;632;8271
3149;5428;8577
4199;1777;5976
9701;2908;12609
3334;82;3416
138;1656;1794
3181;4814;7995
3123;9712;12835
5006;6579;11585
7702;5196;12898
5269;9819;15088
9593;1709;11302
7306;9918;17224
294;216;510
1440;4253;5693
1779;7128;8907
44;5515;5559
3930;612;4542
1642;5465;7107
6570;2824;9394
7889;5377;13266
2030;5375;7405
8263;6449;14712
1098;5095;6193
7293;8117;15410
1816;6043;7859
6220;7047;13267
7941;3177;11118
2306;9929;12235
9115;1026;10141
8623;3232;11855
5650;1770;7420
1100;2771;3871
3803;401;4204
4433;1611;6044
9518;4171;13689
8107;4632;12739
4379;2597;6976
7887;2388;10275
46;9886;9932
7509;9172;16681
9780;1633;11413
8334;8513;16847
3554;2565;6119
4399;3972;8371
8592;6394;14986
8960;8482;17442
8310;5928;14238
2635;2189;4824
3071;1865;4936
7258;311;7569
7229;9950;17179
9802;814;10616
4932;3181;8113
9862;7418;17280
5918;4430;10348
4476;915;5391
7064;5967;13031
6230;6066;12296
1597;6373;7970
1821;2561;4382
6023;3986;10009
2721;5015;7736
5372;9846;15218
1092;6945;8037
5091;4546;9637
4926;2331;7257
9073;2085;11158
4985;5718;10703
6658;4760;11418
128;166;294
6809;8507;15316
8518;2624;11142
9848;1220;11068
5071;5635;10706
6716;4765;11481
383;7672;8055
1646;9497;11143
7899;3914;11813
1547;3656;5203
4766;262;5028
8877;7367;16244
8136;3125;11261
4140;226;4366
6704;3658;10362
312;5015;5327
8799;7171;15970
839;2433;3272
3170;7105;10275
7566;7865;15431
3042;3379;6421
7988;1988;9976
5933;9741;15674
6190;4531;10721
9505;410;9915
6101;8833;14934
1310;3587;4897
6482;2863;9345
7860;5553;13413
7047;9356;16403
3092;5418;8510
1872;5771;7643
4386;7199;11585
8600;3659;12259
3169;250;3419
656;6876;7532
6616;7572;14188
8645;8581;17226
5560;3007;8567
8418;4773;13191
3493;7953;11446
7012;4776;11788
7088;2669;9757
5690;8027;13717
9455;9143;18598
1409;3319;4728
7756;1257;9013
9741;5973;15714
1663;8962;10625
6153;2660;8813
7890;394;8284
7252;4151;11403
7752;9330;17082
8050;727;8777
4382;2574;6956
5092;6859;11951
751;5406;6157
5527;3444;8971
3046;1998;5044
5941;1045;6986
9909;7078;16987
4998;9118;14116
3806;8376;12182
2475;6052;8527
4408;4987;9395
7206;4252;11458
2357;5228;7585
3651;1923;5574
5399;7155;12554
4288;2173;6461
534;5514;6048
373;1855;2228
3372;3867;7239
8036;4991;13027
5532;5426;10958
2708;9510;12218
3673;6700;10373
571;4121;4692
6580;3084;9664
2117;1992;4109
151;5328;5479
7903;6022;13925
3896;4968;8864
3147;1457;4604
9670;7948;17618
8178;6951;15129
149;6521;6670
184;9893;10077
6730;6248;12978
4732;6280;11012
27;9352;9379
4619;3019;7638
2262;6864;9126
393;3543;3936
5956;5766;11722
3306;8605;11911
9144;2616;11760
7310;4595;11905
6190;8570;14760
5494;9436;14930
1673;910;2583
8148;1833;9981
9114;6314;15428
6885;8189;15074
3152;9312;12464
1110;9424;10534
5913;8314;14227
3364;4125;7489
1793;7916;9709
4703;1135;5838
2614;2168;4782
5768;8617;14385
7318;4493;11811
5017;7294;12311
4556;7528;12084
440;2339;2779
6647;3478;10125
12;8469;8481
260;620;880
5680;9185;14865
5852;3986;9838
5821;7800;13621
2200;9968;12168
1732;683;2415
8023;4789;12812
5117;5013;10130
3221;3987;7208
2472;6068;8540
8474;652;9126
5968;8804;14772
3533;2152;5685
8614;4397;13011
1197;1681;2878
7606;339;7945
2101;7890;9991
6815;6049;12864
3562;432;3994
7825;6308;14133
5384;6226;11610
6533;8549;15082
2104;3156;5260
499;8880;9379
51;7348;7399
400;6215;6615
2794;4995;7789
5273;6300;11573
8986;9841;18827
9611;7929;17540
3563;1725;5288
3560;2876;6436
8844;7885;16729
4821;8233;13054
223;2404;2627
2208;7874;10082
81;1611;1692
6757;5120;11877
9676;968;10644
9276;7941;17217
6886;2198;9084
5998;694;6692
1577;5549;7126
3;914;917
3988;52;4040
3511;2906;6417
5976;2550;8526
5226;76;5302
8582;1537;10119
2400;3195;5595
3727;7033;10760
5890;2944;8834
8189;6641;14830
1328;5111;6439
7919;6280;14199
2104;9391;11495
4658;8351;13009
6727;8601;15328
6290;7156;13446
6027;5646;11673
5814;5625;11439
3257;9051;12308
2143;1042;3185
4481;3311;7792
4952;3602;8554
7313;549;7862
9953;9506;19459
5534;7930;13464
6809;1321;8130
566;5105;5671
2894;7818;10712
1958;2549;4507
5435;1990;7425
4052;7943;11995
1825;1402;3227
339;8272;8611
4174;3247;7421
5492;3487;8979
4471;1171;5642
8780;9333;18113
7629;6702;14331
1429;2143;3572
7656;2253;9909
654;3743;4397
5096;6012;11108
5596;3605;9201
3990;3976;7966
4016;5982;9998
2140;1029;3169
7592;6334;13926
7480;8785;16265
7524;585;8109
5441;8934;14375
1498;9558;11056
8966;737;9703
1286;9920;11206
5568;7651;13219
8904;9795;18699
8375;5622;13997
3752;1511;5263
5215;3245;8460
5225;1521;6746
7718;5595;13313
5324;6103;11427
8160;3081;11241
4946;6767;11713
5778;7187;12965
6796;3311;10107
3816;2937;6753
6050;5414;11464
882;7022;7904
2144;4397;6541
8542;7086;15628
7327;7371;14698
641;4320;4961
3632;837;4469
9438;7059;16497
3298;61;3359
5420;1693;7113
6508;8166;14674
4841;5333;10174
2536;151;2687
9309;4569;13878
5213;8127;13340
1359;6980;8339
2006;1573;3579
8953;1124;10077
9078;5232;14310
8706;5189;13895
3070;5304;8374
8810;2555;11365
682;2271;2953
4566;4383;8949
9379;2462;11841
5234;6936;12170
8514;7532;16046
7059;8424;15483
5531;4752;10283
7626;4713;12339
4275;4729;9004
5178;8653;13831
8953;7667;16620
8147;6798;14945
3727;472;4199
2062;4833;6895
1768;8751;10519
385;9140;9525
9037;4312;13349
2158;2841;4999
2402;1536;3938
4360;9121;13481
4379;9470;13849
371;1607;1978
2560;1973;4533
1830;1702;3532
4360;7997;12357
7676;1709;9385
4270;5834;10104
6061;1148;7209
6499;6613;13112
915;7755;8670
7345;1563;8908
5806;4698;10504
5730;8749;14479
272;9002;9274
8943;9549;18492
187;5212;5399
7604;7059;14663
37;497;534
4322;6398;10720
987;9046;10033
6107;7431;13538
6186;2478;8664
3175;6039;9214
2653;556;3209
6490;9194;15684
7728;7018;14746
9091;4194;13285
6359;2802;9161
6238;8110;14348
6768;8768;15536
2102;1305;3407
5384;6265;11649
6266;1116;7382
2656;8511;11167
3201;3079;6280
9902;9774;19676
9368;1758;11126
8348;4648;12996
8105;3872;11977
2160;8788;10948
6061;3449;9510
7523;7062;14585
8092;5887;13979
6923;6900;13823
1228;1204;2432
425;9633;10058
3613;2591;6204
2000;4400;6400
2479;2991;5470
4506;7582;12088
7349;835;8184
4143;6746;10889
3578;8776;12354
1392;1089;2481
5873;1400;7273
6581;6781;13362
4484;9615;14099
2482;6212;8694
9443;7427;16870
6849;8712;15561
50;3272;3322
4148;2110;6258
7793;1499;9292
718;3188;3906
98;8233;8331
8087;8389;16476
9596;8324;17920
8224;4663;12887
2257;7129;9386
4487;4874;9361
171;6249;6420
4960;4308;9268
8385;1871;10256
8617;5757;14374
2649;1865;4514
6397;7550;13947
9338;4342;13680
4767;1332;6099
4534;5977;10511
4811;4193;9004
2842;1073;3915
2553;1487;4040
8746;2939;11685
8712;4340;13052
1423;4683;6106
1929;6269;8198
9087;5303;14390
4353;8537;12890
2460;1901;4361
8530;9781;18311
5500;4035;9535
7495;3253;10748
7486;8012;15498
8049;5858;13907
8059;1075;9134
1072;477;1549
4036;3505;7541
6130;762;6892
9434;9569;19003
2904;8008;10912
5733;1942;7675
7548;2960;10508
2765;7806;10571
6538;4188;10726
8837;8399;17236
436;4723;5159
8618;7714;16332
6691;5377;12068
603;576;1179
2153;4097;6250
23;4817;4840
7123;2154;9277
6702;9904;16606
6996;4131;11127
3987;8765;12752
7801;2425;10226
27;9645;9672
2724;2166;4890
149;2097;2246
2583;9539;12122
9999;3352;13351
599;9421;10020
760;5899;6659
5721;5946;11667
1471;9852;11323
4738;8144;12882
4450;1668;6118
7063;9632;16695
1521;2942;4463
4582;7940;12522
1112;3665;4777
7689;3118;10807
9916;3542;13458
9500;3202;12702
5189;9385;14574
3685;6359;10044
6587;3901;10488
9216;1669;10885
9605;4505;14110
5585;4486;10071
2746;4710;7456
2784;6167;8951
2522;663;3185
2438;9399;11837
7369;308;7677
7612;4586;12198
8238;2294;10532
645;880;1525
9855;2175;12030
5112;8705;13817
6220;3664;9884
9055;5025;14080
7262;6404;13666
9185;662;9847
2209;4506;6715
4402;2920;7322
8596;4368;12964
4444;1026;5470
1954;4935;6889
7295;2191;9486
9849;980;10829
5469;4501;9970
1391;754;2145
8070;5220;13290
9180;4795;13975
3644;2480;6124
8868;7632;16500
3454;4524;7978
4426;5406;9832
5372;7090;12462
1097;1232;2329
481;3435;3916
2462;3723;6185
6408;839;7247
2253;7534;9787
6932;6423;13355
3639;5251;8890
361;8438;8799
5555;4168;9723
1714;8377;10091
7026;3018;10044
5112;1085;6197
4121;6898;11019
6636;8195;14831
6031;1327;7358
4923;7828;12751
186;8459;8645
6669;4660;11329
8469;6722;15191
2459;8829;11288
1216;3842;5058
9459;3030;12489
8168;8678;16846
3986;3113;7099
747;7303;8050
6205;9726;15931
8585;7688;16273
7961;7545;15506
8188;9850;18038
840;2062;2902
3594;8667;12261
183;5670;5853
7319;6538;13857
4285;9913;14198
8809;1245;10054
4849;2239;7088
7213;4964;12177
3600;4127;7727
2269;3994;6263
6148;8018;14166
772;6110;6882
6476;3092;9568
1319;9060;10379
315;7664;7979
7774;5213;12987
6677;4890;11567
9863;6756;16619
2876;221;3097
1662;7541;9203
5864;6581;12445
3712;9482;13194
7969;3649;11618
929;6587;7516
5868;8965;14833
4667;9382;14049
434;9615;10049
8410;432;8842
1466;5871;7337
2789;6051;8840
6629;455;7084
6550;4940;11490
3315;9320;12635
6131;9027;15158
1741;4977;6718
8562;9622;18184
7259;8509;15768
4629;3405;8034
6716;1110;7826
9123;1855;10978
4201;8438;12639
3523;9242;12765
403;1203;1606
7578;7346;14924
9076;8087;17163
4097;1013;5110
744;4810;5554
5946;2912;8858
2468;2364;4832
1699;1971;3670
8060;1383;9443
2515;9205;11720
7987;13;8000
1132;5329;6461
4188;3183;7371
4318;7809;12127
9303;6460;15763
2946;8547;11493
2033;3583;5616
3701;3317;7018
1574;3428;5002
3876;5111;8987
2599;8243;10842
7795;115;7910
9759;1954;11713
9884;2268;12152
7025;1845;8870
223;302;525
1802;3464;5266
2220;2594;4814
6017;6291;12308
332;5450;5782
3702;9879;13581
7708;8923;16631
9406;7272;16678
6824;4876;11700
5454;7226;12680
1350;8359;9709
5767;9890;15657
6761;2143;8904
5772;3631;9403
8670;6621;15291
5447;4172;9619
7762;7994;15756
3136;7292;10428
1625;495;2120
7502;7397;14899
8945;5959;14904
9709;46;9755
5410;6738;12148
1868;2127;3995
9573;8862;18435
6784;4207;10991
3852;2628;6480
1040;2348;3388
4778;9956;14734
7658;8876;16534
1704;105;1809
8668;6985;15653
9900;9207;19107
5412;1227;6639
5641;9326;14967
7384;726;8110
5027;6227;11254
955;7518;8473
6092;1223;7315
9119;3622;12741
8156;8884;17040
9506;7186;16692
7044;830;7874
347;2567;2914
7053;4591;11644
5528;7805;13333
4857;7950;12807
654;6741;7395
8334;2348;10682
3204;1196;4400
3478;568;4046
1752;4469;6221
6721;8853;15574
3599;6025;9624
1114;5505;6619
6867;7649;14516
1456;4817;6273
198;2309;2507
5764;431;6195
2849;6907;9756
5337;7940;13277
8527;4235;12762
4413;7918;12331
23;7860;7883
5348;9711;15059
6745;4804;11549
6992;4712;11704
3189;3850;7039
5287;9033;14320
2803;1031;3834
1781;3855;5636
4189;4742;8931
6447;2870;9317
292;446;738
5054;7135;12189
9411;2855;12266
8050;2808;10858
8896;7948;16844
1460;9314;10774
2553;2432;4985
4605;9276;13881
5380;8030;13410
3121;2128;5249
5775;1407;7182
3075;3555;6630
4307;1266;5573
3281;3871;7152
9610;4887;14497
929;5425;6354
5163;5732;10895
7695;9360;17055
6361;1956;8317
3645;4263;7908
9028;3147;12175
6136;409;6545
5696;9492;15188
3560;1830;5390
8698;1249;9947
880;1566;2446
989;6970;7959
2668;7036;9704
5639;9833;15472
6215;5276;11491
7655;4086;11741
2075;5183;7258
496;4749;5245
5340;5491;10831
5339;3707;9046
1194;7890;9084
6410;9199;15609
9121;5430;14551
9841;5732;15573
9605;7876;17481
3842;5277;9119
2842;495;3337
7679;1442;9121
7470;2853;10323
2848;3401;6249
9353;7683;17036
8001;9600;17601
6969;8340;15309
1845;8588;10433
5581;1172;6753
1184;1179;2363
8910;6997;15907
3658;3625;7283
4875;3531;8406
3780;8982;12762
3954;8590;12544
1017;8065;9082
6532;1350;7882
7770;903;8673
9807;2603;12410
3538;8640;12178
7203;5042;12245
558;3430;3988
5209;6200;11409
3504;7540;11044
5428;9125;14553
4806;930;5736
7472;8751;16223
1169;1272;2441
1504;3885;5389
6548;2156;8704
4232;4591;8823
7936;717;8653
6580;6646;13226
1609;4150;5759
2616;7781;10397
7578;5753;13331
7773;9497;17270
3191;3108;6299
7689;1685;9374
1513;8282;9795
389;5726;6115
6818;3169;9987
7405;1611;9016
9751;1914;11665
1211;6227;7438
7002;505;7507
2502;5257;7759
417;9767;10184
136;5380;5516
587;109;696
9340;1753;11093
965;3880;4845
9064;2109;11173
5157;1394;6551
9686;7072;16758
4481;8793;13274
2782;887;3669
9538;6815;16353
9663;5646;15309
6223;3890;10113
3705;5694;9399
2361;2635;4996
2755;1235;3990
5434;2667;8101
3957;8602;12559
6184;4144;10328
7624;27;7651
4398;8931;13329
4603;2575;7178
5037;8217;13254
1348;6326;7674
4341;4854;9195
1630;6271;7901
6751;390;7141
6653;6432;13085
3444;305;3749
8118;4599;12717
6030;3992;10022
2188;6726;8914
5917;2019;7936
855;3843;4698
8216;6935;15151
3759;8842;12601
4805;7871;12676
6740;7189;13929
5362;909;6271
1145;4710;5855
5546;3568;9114
2972;4613;7585
4388;6034;10422
4360;4123;8483
609;9690;10299
407;8550;8957
6681;9604;16285
3921;3142;7063
6289;392;6681
7782;7638;15420
5728;2684;8412
3320;3239;6559
1440;4016;5456
4822;6293;11115
7298;7644;14942
275;7561;7836
594;2129;2723
5580;8696;14276
8813;4514;13327
1380;9751;11131
9604;6700;16304
9528;2797;12325
5255;4655;9910
887;3956;4843
4984;5597;10581
3128;3275;6403
6477;9824;16301
627;1588;2215
9449;6211;15660
1759;4333;6092
7830;7280;15110
2;4546;4548
3356;890;4246
2067;45;2112
7429;5818;13247
4688;7420;12108
2471;6448;8919
582;5415;5997
7930;4951;12881
4655;7319;11974
1571;750;2321
5007;4436;9443
2891;2637;5528
5764;9572;15336
6564;1770;8334
3710;6964;10674
6972;627;7599
7604;7764;15368
4259;1720;5979
6060;8778;14838
8602;6038;14640
8679;9920;18599
1085;7561;8646
7304;5388;12692
9290;9919;19209
4730;8259;12989
4080;6569;10649
9497;8921;18418
9189;4356;13545
8461;9422;17883
8836;8098;16934
7087;8677;15764
5386;3263;8649
2622;3277;5899
618;9577;10195
1026;4020;5046
3812;3501;7313
4173;4811;8984
1304;3034;4338
2643;3223;5866
4460;6582;11042
4225;4405;8630
9663;6706;16369
3829;6894;10723
5018;763;5781
5557;2692;8249
3821;556;4377
5564;8112;13676
8073;9696;17769
5962;5035;10997
1074;6965;8039
6176;1834;8010
4856;7511;12367
8376;2372;10748
2883;8330;11213
9257;1457;10714
4997;302;5299
2723;4656;7379
6237;1684;7921
9854;8061;17915
5161;5282;10443
88;1208;1296
6375;3849;10224
3954;8818;12772
4677;3010;7687
8927;3394;12321
5726;2896;8622
1010;6421;7431
6821;2908;9729
7762;3325;11087
8663;8947;17610
7871;397;8268
3392;2800;6192
2081;8773;10854
3971;9914;13885
6923;8534;15457
4155;7428;11583
3811;9601;13412
2672;6687;9359
7194;3722;10916
4749;2147;6896
8067;5395;13462
9863;6015;15878
5892;361;6253
2900;1648;4548
9506;559;10065
5733;1440;7173
6149;6317;12466
7481;2972;10453
4334;8594;12928
6042;3757;9799
4552;2353;6905
5021;4726;9747
446;4864;5310
5389;2894;8283
9310;1541;10851
4147;2145;6292
4072;9823;13895
8294;3384;11678
6800;3767;10567
870;744;1614
7889;1296;9185
8427;741;9168
8621;9086;17707
9443;5214;14657
4171;6117;10288
8714;3386;12100
8279;3939;12218
9540;7123;16663
5016;6945;11961
4522;8081;12603
7263;9388;16651
2573;6365;8938
9640;2562;12202
595;9981;10576
4856;1944;6800
7803;4867;12670
9576;7552;17128
2714;9018;11732
6995;5432;12427
9697;9518;19215
9248;7917;17165
1207;9956;11163
2672;5974;8646
1301;3157;4458
3367;2750;6117
4092;6788;10880
3081;3370;6451
861;6545;7406
5870;271;6141
5587;1597;7184
1179;7180;8359
1294;3100;4394
6588;8406;14994
6851;9316;16167
3378;2498;5876
3784;9790;13574
2936;3577;6513
889;6927;7816
6696;8440;15136
6605;5115;11720
8528;404;8932
5760;4370;10130
8260;1030;9290
4676;6988;11664
9347;2076;11423
7805;3710;11515
6330;177;6507
1575;8690;10265
1054;7828;8882
1607;5570;7177
5248;2071;7319
2267;8312;10579
21;663;684
9947;4277;14224
7063;7780;14843
4978;5337;10315
3300;4202;7502
900;3164;4064
8251;3481;11732
695;575;1270
7119;6345;13464
1756;5890;7646
889;5125;6014
5853;481;6334
8744;9753;18497
4910;3906;8816
3534;9666;13200
2791;2863;5654
7060;6926;13986
2323;4276;6599
3572;3401;6973
6006;9110;15116
3171;5550;8721
6375;6560;12935
2828;2463;5291
2675;6046;8721
203;7256;7459
1466;3122;4588
9916;3197;13113
5295;672;5967
8148;6592;14740
7048;1081;8129
5077;7069;12146
4584;5033;9617
6701;5417;12118
3325;2518;5843
8821;3666;12487
7663;2899;10562
5403;1136;6539
6757;5595;12352
8087;9074;17161
5983;3429;9412
7147;8816;15963
8162;8269;16431
4724;6292;11016
4893;5559;10452
502;1897;2399
49;7420;7469
3252;9533;12785
8791;4098;12889
4171;4111;8282
1470;4206;5676
5305;1215;6520
4759;9569;14328
5550;5616;11166
3857;2944;6801
5906;9641;15547
6980;7805;14785
627;4996;5623
3588;9542;13130
4388;5794;10182
7969;3550;11519
2217;1041;3258
2605;6509;9114
5976;9867;15843
7815;1623;9438
7119;7538;14657
6348;2289;8637
8918;8510;17428
8675;8864;17539
3763;8098;11861
6208;8076;14284
1198;6876;8074
2830;190;3020
117;7488;7605
9879;6104;15983
1826;4726;6552
821;9641;10462
6439;8260;14699
9673;4101;13774
7048;4616;11664
8394;6849;15243
5715;9686;15401
145;6143;6288
7348;4322;11670
3386;2588;5974
9248;769;10017
6048;4545;10593
5727;4241;9968
8920;6893;15813
6649;7795;14444
9614;6684;16298
5310;3167;8477
7129;2727;9856
4767;4969;9736
6471;6841;13312
9328;1199;10527
822;9463;10285
5998;5612;11610
2043;563;2606
7571;9521;17092
3845;2822;6667
6612;9305;15917
3105;6020;9125
7138;1803;8941
2588;9234;11822
2109;2287;4396
9162;9719;18881
62;5245;5307
8798;1426;10224
5634;8408;14042
9820;4161;13981
6827;6973;13800
5483;5096;10579
4919;1933;6852
1788;6393;8181
1863;7098;8961
7584;7638;15222
5842;3907;9749
7407;6370;13777
8381;1253;9634
8863;4627;13490
1651;8099;9750
5946;4924;10870
7494;1020;8514
2480;2654;5134
2974;7535;10509
5029;8347;13376
9093;9928;19021
2634;8719;11353
831;3350;4181
6087;9647;15734
3868;8814;12682
2145;9295;11440
134;691;825
8421;9624;18045
9320;6551;15871
1998;6773;8771
9114;6112;15226
3775;1019;4794
9139;5465;14604
989;762;1751
6570;4748;11318
9844;8227;18071
8476;138;8614
3304;1438;4742
7635;8428;16063
4401;5644;10045
5394;8102;13496
8380;5831;14211
8436;3764;12200
2654;5316;7970
6463;1239;7702
644;9038;9682
8634;7973;16607
6902;1125;8027
3568;7422;10990
7586;9076;16662
325;2690;3015
7379;2636;10015
3536;1502;5038
4287;7560;11847
6451;1106;7557
4563;283;4846
9620;8639;18259
4945;112;5057
1032;1604;2636
6171;3582;9753
3304;7017;10321
8396;6489;14885
8233;5271;13504
3172;3340;6512
4828;9838;14666
541;6786;7327
5268;3594;8862
8578;6541;15119
3009;3525;6534
9567;2882;12449
1188;2492;3680
7597;7965;15562
6514;1539;8053
7479;5731;13210
3397;9112;12509
5685;5191;10876
6309;9796;16105
9898;3939;13837
1528;1442;2970
3498;5972;9470
3953;3137;7090
4916;5669;10585
7192;7336;14528
9717;8153;17870
2263;3379;5642
5606;6058;11664
5891;8853;14744
7008;4819;11827
7878;4375;12253
2660;7065;9725
7023;3987;11010
3159;6493;9652
4625;7800;12425
5100;6787;11887
1713;8438;10151
3705;9397;13102
6936;3968;10904
3255;4093;7348
9725;7807;17532
9311;9245;18556
1351;7920;9271
9809;9873;19682
753;2397;3150
3983;3367;7350
4560;9805;14365
4463;5251;9714
8222;6733;14955
6531;9765;16296
8556;3912;12468
427;4339;4766
8726;3849;12575
4672;145;4817
3897;4526;8423
554;4757;5311
5355;8521;13876
538;4115;4653
1728;4868;6596
4706;6885;11591
5527;7934;13461
772;4576;5348
8620;9320;17940
9271;7731;17002
4714;4559;9273
4805;6072;10877
8034;5549;13583
6756;5999;12755
1952;6142;8094
6440;8884;15324
7269;2207;9476
450;2800;3250
9807;7085;16892
3225;3707;6932
6267;6271;12538
6553;2620;9173
187;6690;6877
9385;470;9855
1055;8486;9541
8983;386;9369
499;3391;3890
3262;2723;5985
6241;448;6689
371;3503;3874
2795;1076;3871
9765;3200;12965
7776;2991;10767
5544;2898;8442
4329;2171;6500
2499;1916;4415
4037;3162;7199
729;7118;7847
2459;3933;6392
9546;7070;16616
1036;8631;9667
3598;829;4427
4056;4747;8803
5201;3606;8807
6355;6272;12627
9949;5068;15017
6163;3977;10140
8369;7096;15465
7027;7508;14535
6672;504;7176
8714;7320;16034
5913;5023;10936
7902;1988;9890
1162;3026;4188
4962;4020;8982
9716;1558;11274
104;3172;3276
9890;6767;16657
2091;7168;9259
9359;7419;16778
5233;5482;10715
2825;6254;9079
5261;9295;14556
1006;6427;7433
9816;3500;13316
4890;6213;11103
5511;9548;15059
7685;3383;11068
9033;7178;16211
7569;9837;17406
9680;8971;18651
9697;7396;17093
6118;8698;14816
6375;3330;9705
5180;8345;13525
9844;6417;16261
6408;9408;15816
4688;1437;6125
5613;1626;7239
7233;5070;12303
1479;9252;10731
6225;7517;13742
8225;7223;15448
9553;4028;13581
8609;4602;13211
8304;1008;9312
1789;5751;7540
63;5731;5794
7326;8050;15376
5326;7755;13081
9670;3448;13118
6536;4253;10789
3793;3471;7264
6013;150;6163
2887;2966;5853
2736;6395;9131
2537;6132;8669
9032;6116;15148
9060;95;9155
2490;8604;11094
3384;2915;6299
9368;7436;16804
7361;3238;10599
792;5647;6439
6;6791;6797
7124;290;7414
7094;5820;12914
9848;247;10095
6109;5954;12063
2541;266;2807
6215;2918;9133
3326;9859;13185
7540;5094;12634
187;9765;9952
4519;9849;14368
5080;9519;14599
9492;2967;12459
8363;8191;16554
7123;8942;16065
4417;7459;11876
6970;2205;9175
4136;4775;8911
8697;7249;15946
3214;2107;5321
7169;1039;8208
1329;4392;5721
3516;3493;7009
5219;178;5397
9236;6948;16184
3336;2681;6017
9804;7175;16979
7860;4839;12699
2473;8979;11452
1527;6637;8164
7714;985;8699
7423;667;8090
7258;5823;13081
7786;6903;14689
4858;771;5629
3493;4277;7770
6165;6168;12333
2025;6191;8216
8472;9013;17485
9553;398;9951
3726;4964;8690
3768;5938;9706
3223;3843;7066
5983;4365;10348
2653;789;3442
7676;7179;14855
7670;3732;11402
4527;4781;9308
8590;6077;14667
6405;8347;14752
2109;2983;5092
8117;3188;11305
6609;303;6912
5597;1489;7086
2125;75;2200
7031;8775;15806
6083;666;6749
1288;6731;8019
1493;3035;4528
4934;1806;6740
6644;6685;13329
5477;6784;12261
9911;6287;16198
5473;6233;11706
6140;7905;14045
6717;3339;10056
8110;5109;13219
1297;8080;9377
8595;2791;11386
2863;6809;9672
5663;6236;11899
6511;75;6586
6311;7924;14235
1873;4099;5972
7251;1571;8822
132;7629;7761
5439;8205;13644
293;4343;4636
9168;5174;14342
8212;4910;13122
3929;4708;8637
5312;558;5870
3173;2351;5524
7915;7341;15256
3508;1721;5229
9518;2679;12197
8011;7402;15413
4489;3943;8432
1135;3377;4512
9873;9950;19823
852;1703;2555
2349;4731;7080
2071;8737;10808
8300;6082;14382
6402;6650;13052
6714;3026;9740
8796;292;9088
9211;3556;12767
6868;9205;16073
9604;7109;16713
8648;6879;15527
1559;6426;7985
9542;1192;10734
6102;8219;14321
4148;7764;11912
7512;6007;13519
680;7364;8044
2015;2730;4745
3613;3403;7016
9465;4819;14284
5222;1232;6454
2382;869;3251
3085;7236;10321
9005;9216;18221
7710;8873;16583
2004;8029;10033
9604;7867;17471
683;7330;8013
8719;3942;12661
2732;1210;3942
1892;2429;4321
7235;448;7683
1258;5124;6382
1005;7587;8592
4201;9122;13323
5488;4789;10277
6172;1270;7442
2239;2262;4501
9429;6249;15678
7828;737;8565
7026;6015;13041
9403;8278;17681
6508;7817;14325
2284;9740;12024
7250;4187;11437
3771;8530;12301
9435;8446;17881
9388;2528;11916
9628;7078;16706
9360;2256;11616
6981;160;7141
4996;2397;7393
7734;6717;14451
2984;9239;12223
1657;8466;10123
8232;2773;11005
1486;634;2120
9313;6615;15928
3194;2643;5837
7869;3049;10918
2234;8768;11002
4184;9631;13815
3601;349;3950
5431;2867;8298
7962;6309;14271
3471;9211;12682
9481;3910;13391
1256;6638;7894
6151;1319;7470
8800;9302;18102
3864;9741;13605
581;7049;7630
8686;2314;11000
3343;3776;7119
5985;8858;14843
2143;6250;8393
7684;1129;8813
7030;676;7706
5075;4996;10071
8338;7534;15872
1294;2537;3831
5625;9452;15077
8666;2328;10994
4522;3258;7780
9669;2116;11785
1763;7520;9283
5564;608;6172
8690;2751;11441
2724;6359;9083
9446;7414;16860
5317;1037;6354
7195;1744;8939
3108;900;4008
8148;1410;9558
6592;4563;11155
5632;5408;11040
3187;9441;12628
1770;8047;9817
4580;6603;11183
272;2560;2832
6089;1003;7092
8236;5260;13496
170;1707;1877
8285;7621;15906
5050;9750;14800
9384;4049;13433
5436;8440;13876
8229;1771;10000
6335;5407;11742
1319;9176;10495
1681;3666;5347
6310;9123;15433
7598;2056;9654
5769;9500;15269
1356;8802;10158
6383;8556;14939
1288;1333;2621
3908;8181;12089
9019;5451;14470
8729;8768;17497
6445;9911;16356
7651;3167;10818
8494;7498;15992
1361;6019;7380
8758;4962;13720
9929;8581;18510
1240;2317;3557
2003;5844;7847
9452;8246;17698
5392;3003;8395
6900;6395;13295
1292;280;1572
6690;3697;10387
2299;1122;3421
9928;630;10558
6253;3301;9554
1026;4815;5841
9887;2818;12705
9340;3065;12405
8162;256;8418
2715;4261;6976
3701;4071;7772
9973;9577;19550
3411;731;4142
7395;1291;8686
4946;987;5933
1212;8066;9278
5745;1806;7551
1561;2635;4196
5860;5584;11444
7540;5053;12593
915;2948;3863
9200;9337;18537
7876;1269;9145
4916;9604;14520
4672;2499;7171
2583;1626;4209
2129;5345;7474
5861;3287;9148
5761;9504;15265
2904;1950;4854
2652;9134;11786
8981;5752;14733
5353;6525;11878
4160;3157;7317
8924;6215;15139
9289;7689;16978
1798;8291;10089
7046;8807;15853
9197;6277;15474
3794;7657;11451
5891;4550;10441
6655;6222;12877
7582;2532;10114
5548;4308;9856
3924;4261;8185
9458;1551;11009
5873;8101;13974
7179;3209;10388
2719;1214;3933
3655;6559;10214
527;5114;5641
1919;6008;7927
4102;5785;9887
6702;3065;9767
664;5938;6602
4602;1931;6533
9631;827;10458
1224;8511;9735
622;2009;2631
3821;7091;10912
74;8797;8871
8772;387;9159
1890;2330;4220
3357;8849;12206
1273;6168;7441
2248;5520;7768
8459;3845;12304
4905;8807;13712
545;4800;5345
9130;5074;14204
3643;6463;10106
8279;8678;16957
8673;9795;18468
2780;678;3458
5997;8586;14583
2903;131;3034
7357;2356;9713
9839;9520;19359
8574;5491;14065
3130;5935;9065
6400;8474;14874
4372;3689;8061
6598;419;7017
5776;3880;9656
8883;2956;11839
2133;9725;11858
1698;2871;4569
215;4503;4718
898;2814;3712
128;7311;7439
4252;5095;9347
7621;1154;8775
8591;1814;10405
3455;4201;7656
718;5674;6392
6171;2027;8198
5711;9391;15102
8133;154;8287
4794;9355;14149
3346;6533;9879
6926;7843;14769
4369;9984;14353
2878;2454;5332
4880;9155;14035
7984;781;8765
4453;236;4689
9710;224;9934
8800;251;9051
6589;6019;12608
506;7907;8413
2168;5782;7950
5991;3938;9929
465;1180;1645
8294;5984;14278
350;2615;2965
4636;3688;8324
6541;8592;15133
468;7163;7631
1942;3913;5855
8799;8826;17625
6571;4792;11363
4027;4410;8437
6237;3299;9536
6765;986;7751
7329;8976;16305
5394;3773;9167
6141;3774;9915
503;5331;5834
2806;9956;12762
3779;4870;8649
104;795;899
592;5318;5910
1104;3749;4853
2882;5325;8207
4174;8720;12894
12;9110;9122
5647;3198;8845
9191;4786;13977
6294;102;6396
7395;3681;11076
5217;46;5263
2842;9639;12481
1960;5725;7685
6216;7415;13631
770;146;916
6177;3093;9270
3955;7474;11429
5621;3874;9495
6057;2595;8652
5745;710;6455
1778;9471;11249
2610;570;3180
7232;5721;12953
911;1923;2834
7223;4066;11289
6525;4892;11417
5176;4809;9985
4019;784;4803
8175;7555;15730
1939;827;2766
2906;8308;11214
4264;5390;9654
6659;4512;11171
6711;9752;16463
4861;6918;11779
5195;7571;12766
5022;4984;10006
9783;8950;18733
7576;8249;15825
7005;251;7256
6446;1608;8054
8092;6083;14175
2646;5094;7740
3562;7319;10881
3894;2418;6312
7211;9103;16314
4792;1512;6304
7582;8588;16170
3907;5835;9742
3634;9356;12990
6550;2661;9211
7189;4896;12085
2007;8218;10225
6432;6887;13319
757;7304;8061
7176;2778;9954
5861;8139;14000
2534;2300;4834
2292;4787;7079
6923;5468;12391
4565;5726;10291
6425;4684;11109
8688;5843;14531
5481;4429;9910
4244;6521;10765
1470;430;1900
7242;4160;11402
8251;1016;9267
3078;8557;11635
4172;4606;8778
1239;2950;4189
3214;9248;12462
2558;8628;11186
3177;3380;6557
9336;1485;10821
4569;5626;10195
9810;4045;13855
9991;2992;12983
8657;2178;10835
7949;6059;14008
3486;9708;13194
7367;110;7477
1345;9945;11290
7767;4183;11950
7404;9298;16702
2743;6096;8839
6595;5573;12168
9670;5398;15068
2026;6466;8492
4313;629;4942
9203;6757;15960
7589;8051;15640
4334;6997;11331
7145;6186;13331
2812;2390;5202
6495;2188;8683
6163;4467;10630
1369;1739;3108
5636;9322;14958
3575;2351;5926
7916;3479;11395
1897;739;2636
3187;1812;4999
7425;7203;14628
7402;2585;9987
4667;3456;8123
8833;2402;11235
1280;8673;9953
5027;4754;9781
9298;4768;14066
230;5436;5666
2464;5204;7668
1519;9295;10814
5501;9756;15257
7959;9301;17260
2159;806;2965
1705;1747;3452
9771;8657;18428
4317;1463;5780
2222;2560;4782
5218;7638;12856
1137;1767;2904
8057;3567;11624
3971;6806;10777
1374;1081;2455
1955;1791;3746
3191;6014;9205
8203;2986;11189
4292;4952;9244
1775;7456;9231
6012;4058;10070
6938;6598;13536
189;2411;2600
5235;1463;6698
492;7198;7690
2603;1992;4595
7677;9671;17348
145;5116;5261
2801;3570;6371
9985;9029;19014
8306;5921;14227
5108;9216;14324
4819;6312;11131
2969;8019;10988
7368;8588;15956
5149;5304;10453
3485;3047;6532
9428;4828;14256
5647;4671;10318
6405;562;6967
3290;2249;5539
7288;5560;12848
9103;4846;13949
9099;7995;17094
9599;7312;16911
9735;4333;14068
2820;4733;7553
2195;4438;6633
6309;9525;15834
2121;7608;9729
8257;3761;12018
4411;1208;5619
9339;7025;16364
6617;3836;10453
9007;7934;16941
6582;2797;9379
767;9407;10174
5182;4817;9999
1254;788;2042
3289;1801;5090
7151;8388;15539
3754;4862;8616
3826;1299;5125
507;851;1358
1636;4780;6416
9512;5315;14827
8390;5780;14170
6176;9920;16096
606;6198;6804
4430;576;5006
5752;5820;11572
6724;2191;8915
9452;568;10020
369;6730;7099
7086;6442;13528
8705;1749;10454
7379;7681;15060
2751;8756;11507
9543;9792;19335
2254;5500;7754
32;225;257
7134;8571;15705
2778;9890;12668
18;8929;8947
5402;979;6381
5796;4908;10704
6540;7286;13826
6778;7879;14657
2140;1447;3587
8172;6534;14706
6854;9271;16125
2950;7771;10721
4408;7446;11854
4704;830;5534
6901;2934;9835
3602;845;4447
4293;2450;6743
4388;7287;11675
6630;2101;8731
1362;6057;7419
4805;9660;14465
8730;6537;15267
8577;4690;13267
6797;4143;10940
4986;6222;11208
8056;3736;11792
9081;5748;14829
1404;8335;9739
6619;411;7030
6525;1293;7818
257;5830;6087
6604;2023;8627
6323;8902;15225
1905;9825;11730
190;3044;3234
1456;3763;5219
218;5387;5605
1501;1;1502
1537;5266;6803
3107;9474;12581
3521;3216;6737
562;6463;7025
2774;2838;5612
2999;3079;6078
2816;8506;11322
748;2962;3710
4992;1617;6609
2722;4304;7026
9122;9813;18935
6213;2458;8671
6360;3142;9502
814;2942;3756
8377;6214;14591
4444;4011;8455
2424;1297;3721
8941;5454;14395
4826;6670;11496
6693;3751;10444
2204;1328;3532
5607;4113;9720
9677;2606;12283
3187;3091;6278
7579;6380;13959
9443;8992;18435
1457;7566;9023
7057;9049;16106
3686;8027;11713
3725;4750;8475
7670;4376;12046
4015;1186;5201
9374;5310;14684
7205;7488;14693
4648;7205;11853
8142;3849;11991
9405;2155;11560
7911;6545;14456
404;5577;5981
1442;4091;5533
4101;3243;7344
9384;3865;13249
9276;3856;13132
5284;6653;11937
9879;6207;16086
8385;4180;12565
2606;4270;6876
585;9932;10517
891;6039;6930
3135;9692;12827
1728;1569;3297
1146;4802;5948
3969;7906;11875
2628;819;3447
4730;933;5663
5684;6026;11710
6671;2310;8981
3036;7411;10447
4196;9517;13713
3225;7323;10548
7511;5959;13470
4114;1456;5570
1200;7724;8924
7638;5011;12649
6305;3621;9926
7268;1764;9032
4471;8946;13417
7742;8579;16321
3952;9675;13627
6070;1951;8021
6653;3205;9858
1522;7815;9337
9660;4293;13953
9890;9119;19009
3087;4598;7685
3643;7494;11137
4346;4542;8888
3515;7680;11195
7618;3061;10679
5970;5468;11438
2721;8932;11653
9476;8750;18226
9764;5835;15599
8647;8617;17264
9942;3573;13515
4195;8338;12533
5356;4793;10149
9187;866;10053
9787;4424;14211
1550;6365;7915
3705;4356;8061
9749;3675;13424
9212;8308;17520
3939;2176;6115
2164;9799;11963
3824;9293;13117
263;2841;3104
1052;4968;6020
8056;7876;15932
2053;6416;8469
4605;9099;13704
4907;306;5213
2137;5031;7168
9867;6566;16433
6269;5821;12090
1342;4101;5443
7870;4328;12198
2579;4009;6588
8094;9495;17589
5585;9772;15357
259;9501;9760
2938;5092;8030
770;7786;8556
1185;9385;10570
3140;1205;4345
9607;6796;16403
8183;9725;17908
7522;3006;10528
7922;6964;14886
1977;2366;4343
6579;8819;15398
7673;7868;15541
8855;4928;13783
8365;2556;10921
1023;3367;4390
4037;4258;8295
4822;1743;6565
2489;59;2548
7146;7155;14301
3978;7864;11842
1471;5701;7172
8068;4727;12795
7809;1329;9138
6871;3644;10515
553;6388;6941
1800;382;2182
1083;2690;3773
4567;4138;8705
6085;4223;10308
8674;6634;15308
7016;2752;9768
5738;8389;14127
2791;8962;11753
2467;8278;10745
884;6292;7176
6769;9414;16183
3080;5057;8137
5896;3716;9612
9389;3102;12491
2574;4922;7496
7137;4149;11286
5340;3443;8783
4654;5418;10072
8658;8497;17155
3440;4252;7692
6832;1485;8317
4344;491;4835
129;920;1049
3018;3838;6856
4587;2098;6685
2535;1633;4168
2406;1604;4010
1034;3212;4246
9636;3834;13470
8994;1313;10307
1395;1167;2562
9136;3257;12393
2169;3132;5301
3981;7976;11957
5691;8426;14117
5457;2030;7487
3316;9565;12881
510;416;926
9044;4547;13591
1960;640;2600
7049;2429;9478
8293;404;8697
3590;6815;10405
4423;3298;7721
7651;4353;12004
2104;511;2615
1511;6970;8481
9021;3763;12784
2745;9057;11802
1657;423;2080
8318;4255;12573
4281;1189;5470
8071;6436;14507
7778;1265;9043
8820;9455;18275
178;1683;1861
3390;6338;9728
2393;5228;7621
4000;7922;11922
1513;9106;10619
7977;9469;17446
3181;7467;10648
7248;7341;14589
4206;5100;9306
715;5351;6066
3183;8802;11985
436;3627;4063
1630;6755;8385
8534;1639;10173
8170;9779;17949
2243;8404;10647
8617;5170;13787
5422;5014;10436
3209;5608;8817
1512;6665;8177
7962;2791;10753
67;8348;8415
1537;1662;3199
1758;6417;8175
5805;8724;14529
8479;8309;16788
3452;2377;5829
6541;6040;12581
4680;8402;13082
7549;5140;12689
4750;1029;5779
7958;6578;14536
9635;8533;18168
8188;7947;16135
5374;5479;10853
3380;6398;9778
2330;4793;7123
6115;6447;12562
9210;8320;17530
3800;6272;10072
2791;3505;6296
3714;1421;5135
8011;2848;10859
393;7819;8212
2109;6488;8597
2418;4485;6903
3890;9861;13751
1119;4795;5914
9141;4381;13522
1537;8360;9897
4275;3986;8261
7749;6002;13751
124;8123;8247
7053;2446;9499
6951;9778;16729
4834;3863;8697
9309;2268;11577
491;8806;9297
4265;3690;7955
9298;9998;19296
2268;9257;11525
8066;382;8448
9546;1694;11240
333;1834;2167
2661;6008;8669
4976;1453;6429
2876;6186;9062
118;3464;3582
7788;503;8291
9405;3437;12842
3362;1536;4898
4815;3582;8397
6493;3236;9729
1850;3354;5204
4500;529;5029
8402;9283;17685
4299;672;4971
3106;8072;11178
9901;9620;19521
4861;6981;11842
2107;8551;10658
9063;5722;14785
9131;5252;14383
3185;9580;12765
5739;4560;10299
3762;8694;12456
7394;3152;10546
4661;4347;9008
4249;6362;10611
2759;9364;12123
7365;9533;16898
1399;7046;8445
6888;3402;10290
6159;1832;7991
5589;3435;9024
2799;3415;6214
1543;9013;10556
2635;2883;5518
7711;26;7737
4578;9001;13579
6699;1124;7823
9394;3197;12591
4774;6246;11020
2253;8501;10754
5661;9106;14767
8536;1224;9760
4159;1847;6006
2232;8561;10793
7899;2574;10473
5828;8536;14364
3409;8486;11895
8729;5577;14306
4796;249;5045
6386;2491;8877
4829;9205;14034
1183;8057;9240
3832;4186;8018
4392;5322;9714
7400;2495;9895
8170;7188;15358
3026;7023;10049
2116;8654;10770
162;2981;3143
3921;8157;12078
863;1862;2725
4067;2750;6817
7704;3414;11118
2451;3906;6357
4273;9232;13505
929;587;1516
4957;9523;14480
2475;2015;4490
1823;7272;9095
501;2731;3232
1420;5676;7096
9987;6499;16486
8651;8050;16701
7149;7605;14754
4555;8025;12580
8418;2061;10479
9019;183;9202
1391;7091;8482
3219;3093;6312
8966;4283;13249
6134;4648;10782
3565;6395;9960
8066;9458;17524
2136;521;2657
9672;7416;17088
4297;8567;12864
8493;4580;13073
7677;4224;11901
5706;8289;13995
8836;7424;16260
6895;8659;15554
8550;6953;15503
4471;6244;10715
6941;4177;11118
7154;1935;9089
14;4876;4890
7211;573;7784
5711;5928;11639
9390;1606;10996
8777;4742;13519
4416;2712;7128
5140;9494;14634
6386;4011;10397
7980;846;8826
349;3142;3491
8690;6109;14799
7989;3198;11187
5124;6631;11755
9506;4997;14503
6816;6023;12839
5671;7542;13213
6372;6193;12565
4160;1594;5754
9505;7383;16888
4571;8221;12792
3899;6151;10050
1795;8090;9885
181;2237;2418
4588;4815;9403
7763;8569;16332
1477;4316;5793
5513;8488;14001
8321;2175;10496
341;3960;4301
8482;6825;15307
6069;7371;13440
5148;9180;14328
885;8526;9411
51;6263;6314
4596;4013;8609
6316;3438;9754
7080;6077;13157
4035;7661;11696
5509;9697;15206
6256;9056;15312
8321;7354;15675
9490;3553;13043
816;2104;2920
8482;6804;15286
4587;6069;10656
9534;404;9938
2610;446;3056
3865;5156;9021
624;3276;3900
4197;9144;13341
752;5975;6727
4320;2306;6626
9551;2833;12384
7181;636;7817
112;530;642
8019;8889;16908
2589;2134;4723
3449;3802;7251
9958;4652;14610
6242;8898;15140
9254;66;9320
2508;3824;6332
2550;1719;4269
5730;1314;7044
8273;1201;9474
4348;6802;11150
6427;9759;16186
8819;8388;17207
7837;2583;10420
7683;5294;12977
6247;7596;13843
7364;3341;10705
4527;2589;7116
5974;9650;15624
3933;5529;9462
1229;5572;6801
3951;6562;10513
809;8613;9422
5691;9390;15081
2540;7584;10124
5450;8231;13681
2568;977;3545
7209;120;7329
8787;7458;16245
8799;4236;13035
2844;3564;6408
3062;9371;12433
7637;8223;15860
6987;1192;8179
7497;9967;17464
9502;8308;17810
8608;5202;13810
755;1973;2728
7862;4376;12238
56;9306;9362
6348;4323;10671
8171;2554;10725
9653;3288;12941
6622;1581;8203
8111;5201;13312
1222;8683;9905
9806;7184;16990
6016;1351;7367
1015;2282;3297
4666;4620;9286
9506;8835;18341
758;6081;6839
7409;1258;8667
9987;7211;17198
8214;7159;15373
760;6936;7696
6586;4602;11188
9564;5536;15100
6461;6985;13446
1910;6825;8735
5798;9376;15174
4718;9073;13791
217;6978;7195
7667;1528;9195
9075;7338;16413
8166;8005;16171
9917;7790;17707
824;1158;1982
7174;1307;8481
8487;2151;10638
4516;7219;11735
334;9902;10236
9662;98;9760
7116;7934;15050
2239;7943;10182
1723;9347;11070
2578;5287;7865
2321;7015;9336
5353;166;5519
5155;5186;10341
902;3212;4114
5886;6317;12203
1947;2526;4473
218;9429;9647
1388;4367;5755
5703;2519;8222
3990;4420;8410
808;2560;3368
7614;5855;13469
6102;5231;11333
42;4720;4762
9023;6628;15651
4196;2513;6709
7781;7870;15651
8062;5697;13759
1509;649;2158
8740;4647;13387
3843;5151;8994
683;6405;7088
6509;6073;12582
1587;4846;6433
1738;320;2058
9177;9566;18743
5478;9830;15308
4015;5427;9442
7121;1685;8806
2012;992;3004
8991;3667;12658
6734;4809;11543
7254;8249;15503
8444;1466;9910
7330;35;7365
9999;3737;13736
8442;2007;10449
9806;1623;11429
1267;2764;4031
2209;3680;5889
5364;184;5548
6902;3877;10779
1767;5319;7086
833;4580;5413
5877;2844;8721
55;9636;9691
6640;1267;7907
356;2794;3150
3763;9397;13160
2581;2405;4986
5219;2976;8195
1981;4040;6021
6398;6305;12703
2050;2299;4349
4655;6626;11281
9818;1512;11330
2176;1248;3424
2098;1776;3874
7783;1637;9420
3254;8960;12214
1335;7688;9023
1512;5372;6884
9147;7469;16616
1562;7556;9118
2350;483;2833
6005;4642;10647
2180;9750;11930
5218;4621;9839
1595;998;2593
7105;667;7772
9405;2698;12103
814;3020;3834
6970;4707;11677
7271;6229;13500
4093;8551;12644
8466;3077;11543
3025;92;3117
8769;2945;11714
3836;2383;6219
2346;7073;9419
6826;4523;11349
3151;7290;10441
6033;3366;9399
822;1520;2342
7155;8044;15199
4985;9889;14874
6471;9629;16100
1084;2777;3861
6210;5347;11557
5781;9204;14985
5358;2709;8067
5762;9706;15468
6753;8621;15374
5012;7979;12991
1066;1814;2880
250;2230;2480
4467;3942;8409
4730;9457;14187
9599;6006;15605
1691;2332;4023
1391;3950;5341
7359;7784;15143
4304;9666;13970
5323;9045;14368
4458;9167;13625
4293;9765;14058
3726;9652;13378
3165;1052;4217
5004;9797;14801
862;4247;5109
8165;2557;10722
9898;6116;16014
1285;2941;4226
4004;8208;12212
986;9538;10524
8477;1483;9960
9390;4978;14368
8461;1940;10401
3575;5190;8765
4486;8931;13417
2095;6522;8617
9581;7838;17419
4240;5936;10176
4902;2812;7714
95;9005;9100
8426;5083;13509
7925;6755;14680
2199;1807;4006
7160;2957;10117
6676;206;6882
6712;1513;8225
7811;4634;12445
7113;8917;16030
8775;1944;10719
7653;2180;9833
1438;2742;4180
6809;5726;12535
826;3494;4320
7329;754;8083
6495;3016;9511
1187;3005;4192
9518;9462;18980
3959;4571;8530
9594;5455;15049
5185;4131;9316
2007;4959;6966
6819;9034;15853
8625;6830;15455
7447;9786;17233
5189;4393;9582
128;7684;7812
9983;2537;12520
9879;3032;12911
681;4022;4703
692;6834;7526
5971;3207;9178
5096;2413;7509
8168;675;8843
1745;8604;10349
7175;4673;11848
1685;5178;6863
6328;3892;10220
8884;7564;16448
6447;5127;11574
341;6182;6523
6163;8730;14893
6219;6925;13144
6584;1637;8221
1708;6494;8202
3961;2799;6760
8776;8659;17435
5298;6535;11833
2518;5623;8141
677;9346;10023
3787;1331;5118
1598;7985;9583
2980;5292;8272
2446;6893;9339
7820;3806;11626
3511;8404;11915
6183;9778;15961
5640;4424;10064
7106;9891;16997
1987;1745;3732
3458;132;3590
476;1587;2063
9372;102;9474
2961;640;3601
6194;8687;14881
8694;5962;14656
8335;436;8771
31;3520;3551
5377;7375;12752
4522;432;4954
5447;3115;8562
1969;2449;4418
6947;3234;10181
9321;9997;19318
5343;6426;11769
2120;3067;5187
3622;297;3919
6651;6979;13630
9533;669;10202
3785;797;4582
4765;2615;7380
2195;7847;10042
3808;5692;9500
7831;5095;12926
5430;552;5982
9502;5425;14927
670;140;810
8536;3049;11585
2493;520;3013
9051;9548;18599
2693;3484;6177
642;1028;1670
2720;2755;5475
4509;2330;6839
473;2176;2649
9655;6008;15663
4849;6098;10947
3918;9126;13044
3541;8835;12376
6129;7306;13435
4106;6466;10572
9267;8320;17587
676;9488;10164
1865;645;2510
6075;1525;7600
9837;6895;16732
9269;7952;17221
1118;1783;2901
7145;3279;10424
5574;1870;7444
5506;1614;7120
4137;2794;6931
7240;2932;10172
4688;3883;8571
5203;4584;9787
9296;7375;16671
412;9999;10411
7333;6107;13440
6856;8483;15339
2845;6040;8885
2176;5097;7273
4137;246;4383
6189;9828;16017
1262;3568;4830
6079;7546;13625
8455;730;9185
5154;6059;11213
4325;1981;6306
9763;9606;19369
9835;2163;11998
1341;540;1881
3470;1986;5456
9574;6868;16442
8187;1696;9883
994;323;1317
1556;4649;6205
1220;6720;7940
5529;9365;14894
2984;3836;6820
7705;1930;9635
9174;295;9469
724;8482;9206
5154;1766;6920
7448;5734;13182
9014;9047;18061
6573;5082;11655
4845;6515;11360
7463;3392;10855
9144;6435;15579
1637;948;2585
841;3051;3892
6348;4633;10981
9472;1132;10604
1813;2218;4031
1353;5142;6495
3889;353;4242
8806;8730;17536
5311;9966;15277
6370;6130;12500
3150;5603;8753
5068;6098;11166
8526;2567;11093
580;1740;2320
611;3767;4378
8133;5758;13891
3335;220;3555
1559;7004;8563
5735;4620;10355
8388;7746;16134
2758;5742;8500
2212;4761;6973
3025;9563;12588
6798;1192;7990
8173;9591;17764
7241;7447;14688
3256;2438;5694
7410;1642;9052
3875;2689;6564
1755;7533;9288
3725;2253;5978
904;303;1207
9131;8231;17362
3765;4943;8708
4180;8988;13168
1073;1553;2626
4816;9211;14027
596;324;920
2684;1975;4659
7899;3394;11293
1252;5330;6582
736;3068;3804
3991;904;4895
3785;1666;5451
8310;7082;15392
7270;5978;13248
7597;6244;13841
9412;2371;11783
1829;65;1894
2643;8782;11425
4502;4851;9353
4496;4743;9239
1245;5576;6821
3939;6980;10919
2932;4806;7738
3889;1350;5239
2997;1100;4097
1075;1876;2951
1958;7061;9019
5084;2139;7223
5458;9940;15398
9701;391;10092
1479;8560;10039
1039;1974;3013
2549;8054;10603
2315;5583;7898
8625;1508;10133
3155;7576;10731
633;6385;7018
5981;1591;7572
9346;1589;10935
6553;8567;15120
8645;1843;10488
8855;125;8980
4035;3639;7674
7855;254;8109
1193;9515;10708
1389;7575;8964
4036;786;4822
8968;8125;17093
7878;2624;10502
3642;536;4178
1196;2860;4056
8525;4293;12818
7635;1265;8900
9932;5906;15838
6877;5134;12011
6876;1593;8469
5471;1791;7262
8803;6743;15546
3309;2330;5639
1254;7245;8499
7490;619;8109
6525;5913;12438
2940;9691;12631
9555;7540;17095
5089;2183;7272
9863;3973;13836
1689;1250;2939
5546;1649;7195
4573;4155;8728
5044;8279;13323
8627;8874;17501
2795;9671;12466
6717;5714;12431
5859;1666;7525
3918;4898;8816
5288;2861;8149
9872;2424;12296
4326;6642;10968
131;5746;5877
5177;2135;7312
8079;1169;9248
7216;5518;12734
5131;1839;6970
6810;2226;9036
997;264;1261
6395;3451;9846
9556;8629;18185
5759;1936;7695
9482;5269;14751
1243;4125;5368
4338;2770;7108
6958;1436;8394
7320;5500;12820
6556;6547;13103
5697;6953;12650
9644;3797;13441
9342;5026;14368
4249;4677;8926
6503;5049;11552
5756;136;5892
2191;4827;7018
372;1439;1811
105;799;904
425;9335;9760
3382;6820;10202
2985;7916;10901
8977;815;9792
3490;1074;4564
129;930;1059
2451;4197;6648
8173;9089;17262
3312;7620;10932
231;3648;3879
4753;8978;13731
5443;4435;9878
1792;9018;10810
767;8438;9205
1188;6630;7818
2757;4992;7749
2627;3280;5907
6811;3194;10005
1669;7071;8740
4901;1945;6846
2100;4562;6662
967;4115;5082
8466;2729;11195
7775;7824;15599
2968;6454;9422
8342;3786;12128
4641;4826;9467
846;163;1009
7214;8253;15467
701;3366;4067
1392;520;1912
2249;6710;8959
8262;2955;11217
1358;7473;8831
5793;3919;9712
6485;5400;11885
8816;1021;9837
5188;2416;7604
3465;9625;13090
6645;793;7438
9569;7467;17036
5964;4302;10266
7121;2548;9669
688;603;1291
7016;1044;8060
1137;3519;4656
6022;4471;10493
240;6308;6548
7146;8956;16102
5686;3659;9345
7744;7100;14844
6908;2004;8912
7122;8453;15575
286;9796;10082
3683;2384;6067
6141;1448;7589
4656;4975;9631
6748;6542;13290
8607;7568;16175
2217;4343;6560
2233;3826;6059
5560;1623;7183
7355;9957;17312
9562;1605;11167
3201;5523;8724
7122;7142;14264
8501;6993;15494
7328;2676;10004
5968;8719;14687
434;649;1083
4198;7521;11719
6019;6548;12567
2056;6029;8085
8134;1255;9389
111;4673;4784
6720;7913;14633
9198;2331;11529
2034;4714;6748
7928;2673;10601
3744;1907;5651
7169;6478;13647
96;7524;7620
1934;2180;4114
1565;8450;10015
4414;2795;7209
5647;7328;12975
8845;1398;10243
1541;1080;2621
2061;7242;9303
4439;8999;13438
1247;6953;8200
8956;8771;17727
6871;2029;8900
4327;1330;5657
577;1495;2072
5584;9097;14681
184;727;911
3830;4264;8094
6293;8989;15282
9301;9524;18825
2831;1007;3838
4174;6260;10434
8959;2506;11465
7368;6051;13419
1059;6712;7771
9727;1434;11161
1478;1520;2998
3171;1440;4611
6939;8093;15032
2641;325;2966
565;896;1461
7537;4909;12446
4048;9877;13925
1235;1741;2976
7268;5478;12746
2077;6851;8928
1929;1709;3638
7916;9022;16938
6583;1904;8487
6588;3135;9723
9604;7174;16778
4481;1992;6473
9780;7108;16888
890;2262;3152
2563;3727;6290
4195;3286;7481
2755;7416;10171
8224;7590;15814
7931;6268;14199
5113;7818;12931
3799;8683;12482
3314;4354;7668
5378;1535;6913
4965;5315;10280
6716;7728;14444
4823;1894;6717
5251;292;5543
6265;70;6335
8556;6733;15289
4506;5453;9959
9319;4160;13479
7831;4531;12362
5147;7252;12399
5687;430;6117
763;7404;8167
1443;2816;4259
5987;453;6440
733;1089;1822
1615;2058;3673
1522;6819;8341
4439;4019;8458
2176;183;2359
1631;7403;9034
2776;9798;12574
1010;7703;8713
5838;8424;14262
6793;3154;9947
7116;5601;12717
7597;5452;13049
8950;2060;11010
6091;2730;8821
6005;9365;15370
3734;2624;6358
614;4549;5163
7356;147;7503
96;5733;5829
8938;4039;12977
5203;7562;12765
3774;448;4222
9188;6645;15833
9993;1313;11306
6127;6328;12455
5960;1834;7794
6835;1603;8438
9194;2061;11255
7632;7058;14690
1657;7118;8775
4293;4198;8491
3171;1578;4749
3180;8610;11790
6247;752;6999
4156;6789;10945
4340;6784;11124
2927;3215;6142
2982;9021;12003
2108;5662;7770
7067;8254;15321
5620;1484;7104
100;7771;7871
8879;2089;10968
149;8458;8607
143;1549;1692
117;2016;2133
8401;4634;13035
4407;6812;11219
546;8394;8940
3507;673;4180
4395;4314;8709
3231;2945;6176
385;7587;7972
5563;1131;6694
7435;7306;14741
8138;647;8785
5756;9082;14838
9686;1335;11021
470;8205;8675
3710;5256;8966
1499;2081;3580
8923;3055;11978
1506;1674;3180
4238;7391;11629
3971;7482;11453
3935;7384;11319
9879;5542;15421
554;117;671
7525;8831;16356
9347;3258;12605
6276;3260;9536
9533;5015;14548
8811;853;9664
6264;4209;10473
3437;55;3492
9034;3121;12155
4462;4367;8829
6051;1008;7059
2754;1570;4324
3010;1385;4395
7533;7144;14677
4747;3919;8666
1721;8861;10582
1378;9169;10547
5422;7164;12586
2146;123;2269
2829;6570;9399
6370;4793;11163
4474;2375;6849
1003;8114;9117
8682;2009;10691
391;7634;8025
4840;6378;11218
1161;9259;10420
3550;453;4003
7678;9035;16713
3220;584;3804
3547;681;4228
4585;5181;9766
4172;2664;6836
4187;2302;6489
8334;1638;9972
1826;6905;8731
6345;2738;9083
2247;530;2777
9522;8607;18129
1071;5723;6794
7521;4661;12182
1664;2346;4010
3094;2473;5567
3074;4568;7642
8168;569;8737
6084;7133;13217
4091;9126;13217
7275;3705;10980
7991;4961;12952
5316;4945;10261
2668;4324;6992
5148;7457;12605
1173;173;1346
2617;9922;12539
9589;6593;16182
2815;5901;8716
4362;5524;9886
7511;4635;12146
7294;2693;9987
8252;1138;9390
9866;642;10508
4212;9521;13733
4167;8659;12826
7113;7134;14247
9212;2644;11856
82;4128;4210
575;9715;10290
4222;1413;5635
6470;5674;12144
4951;8632;13583
3119;3235;6354
66;6903;6969
7893;3388;11281
8456;6781;15237
4191;1778;5969
7569;5906;13475
6597;8052;14649
5841;6045;11886
2165;8447;10612
9144;7430;16574
5654;7289;12943
8834;6259;15093
3623;3701;7324
3589;8935;12524
8399;3280;11679
365;686;1051
4094;6054;10148
5391;1026;6417
4379;3798;8177
2025;2516;4541
1063;9977;11040
6089;6599;12688
6735;8383;15118
9163;1873;11036
2362;5771;8133
8423;8495;16918
4032;753;4785
6742;70;6812
2866;4827;7693
1408;1370;2778
2714;3923;6637
2823;4980;7803
7451;7163;14614
1511;8580;10091
6243;8896;15139
6124;4312;10436
7429;2749;10178
5365;1888;7253
6282;4077;10359
5572;4154;9726
5205;9997;15202
5562;3261;8823
8283;6069;14352
7873;1072;8945
2335;5867;8202
8494;7749;16243
4401;356;4757
4312;3746;8058
9094;4473;13567
5174;674;5848
9710;9461;19171
3672;2792;6464
4418;2154;6572
5335;8474;13809
9566;7959;17525
1584;2083;3667
1144;9723;10867
9165;1344;10509
8336;1413;9749
4643;942;5585
2325;3943;6268
8227;4506;12733
4204;2301;6505
4472;9340;13812
1278;6009;7287
1163;8423;9586
994;8705;9699
7981;2121;10102
5694;3049;8743
4134;8126;12260
9670;777;10447
9795;9050;18845
2528;2468;4996
6599;5830;12429
308;3670;3978
2663;4015;6678
1515;500;2015
9627;6644;16271
658;595;1253
7622;3606;11228
936;4962;5898
9217;3510;12727
6549;476;7025
8901;5829;14730
9069;1871;10940
5941;9323;15264
3410;2225;5635
9200;2185;11385
6060;764;6824
6625;874;7499
425;615;1040
884;2787;3671
8903;6979;15882
7381;4552;11933
7228;8894;16122
3723;4056;7779
5944;8412;14356
5147;922;6069
5598;878;6476
5603;9758;15361
7857;7158;15015
1526;118;1644
8243;3173;11416
504;2416;2920
380;7823;8203
4098;1911;6009
1016;3532;4548
561;3649;4210
7568;444;8012
2538;1026;3564
8976;50;9026
9582;3067;12649
630;4752;5382
5835;6308;12143
3913;4126;8039
5508;3680;9188
2653;1646;4299
3237;9705;12942
5804;1738;7542
3005;7937;10942
3569;9462;13031
2400;743;3143
4594;9394;13988
5074;9843;14917
5074;4353;9427
8064;4991;13055
5639;3830;9469
4178;1790;5968
445;7761;8206
4347;9958;14305
3988;1252;5240
4237;6460;10697
7659;1009;8668
3153;962;4115
1459;6149;7608
807;1694;2501
5445;55;5500
3858;9584;13442
773;2155;2928
5436;3765;9201
4032;460;4492
3224;2423;5647
9014;9928;18942
673;9115;9788
2730;3093;5823
9866;5357;15223
5329;9987;15316
5355;4820;10175
8014;846;8860
3137;8082;11219
3487;3578;7065
2611;5635;8246
7066;5185;12251
5636;5639;11275
7186;9226;16412
9419;9057;18476
7798;8870;16668
2536;1608;4144
3017;4241;7258
6027;9113;15140
7430;1398;8828
4537;9784;14321
3821;9086;12907
2454;2923;5377
539;727;1266
7525;5929;13454
3841;9413;13254
5082;5611;10693
2525;3732;6257
6691;1916;8607
6887;6911;13798
3115;1403;4518
6734;8351;15085
253;4180;4433
4729;5836;10565
4120;1129;5249
9787;5330;15117
9720;5723;15443
6368;7125;13493
5913;6561;12474
6832;2602;9434
9231;795;10026
1601;2272;3873
301;5849;6150
1043;3550;4593
6973;3921;10894
4722;1808;6530
464;5403;5867
8840;2757;11597
2116;8354;10470
782;5348;6130
3189;2875;6064
1026;6484;7510
3108;4168;7276
6413;3964;10377
7694;4087;11781
6722;7227;13949
8388;1336;9724
7589;7450;15039
8947;1099;10046
6918;2872;9790
1694;9314;11008
7128;2308;9436
3691;9997;13688
8459;4448;12907
6451;7018;13469
2974;1899;4873
1764;9737;11501
3151;4231;7382
862;4759;5621
9251;28;9279
7235;5309;12544
6338;2988;9326
7513;1818;9331
8008;4186;12194
9252;41;9293
8443;2782;11225
8998;9223;18221
7777;327;8104
7112;2930;10042
6410;4225;10635
2484;3127;5611
4983;4041;9024
9874;1951;11825
2391;8929;11320
3687;3627;7314
3316;7042;10358
2800;9964;12764
6596;8853;15449
4758;1697;6455
212;1060;1272
9858;9753;19611
7141;7241;14382
1273;3637;4910
8466;2642;11108
5735;7655;13390
9786;480;10266
4239;421;4660
9228;4209;13437
9666;7989;17655
6871;427;7298
9128;1772;10900
6746;839;7585
5143;625;5768
9550;8743;18293
1787;9427;11214
2537;2242;4779
9670;9945;19615
443;7286;7729
8011;7042;15053
3179;2181;5360
7806;7674;15480
669;6306;6975
4003;1472;5475
9270;3494;12764
5084;158;5242
1052;401;1453
6242;9383;15625
1246;4889;6135
518;2401;2919
2387;399;2786
6859;1217;8076
5060;8773;13833
4563;4326;8889
6820;1064;7884
8360;4364;12724
3541;3593;7134
3666;1542;5208
8414;5654;14068
5583;1545;7128
813;2429;3242
2776;7477;10253
4754;9975;14729
1432;1589;3021
6424;173;6597
1611;8865;10476
1792;6923;8715
6592;25;6617
3687;3095;6782
6559;2048;8607
3430;6764;10194
6388;7347;13735
9861;201;10062
1567;8327;9894
8597;4722;13319
3948;5377;9325
7182;5711;12893
9160;8354;17514
8041;7314;15355
8687;607;9294
3177;4138;7315
8151;1851;10002
6238;7075;13313
5410;593;6003
3366;7515;10881
8499;997;9496
3396;4805;8201
9331;462;9793
8752;3142;11894
4904;8230;13134
7261;3685;10946
8551;7875;16426
2184;7674;9858
3236;3678;6914
6487;7132;13619
4766;6107;10873
8592;1596;10188
7490;5372;12862
7784;9894;17678
2596;2715;5311
2371;1139;3510
8260;4834;13094
7971;4123;12094
7252;7016;14268
2000;3374;5374
2984;9955;12939
9757;8954;18711
2302;372;2674
9429;3064;12493
4763;963;5726
2925;6122;9047
7277;929;8206
8939;6863;15802
2487;6361;8848
5395;900;6295
4298;5806;10104
9463;5273;14736
6394;6053;12447
9220;9218;18438
7705;8073;15778
3559;4163;7722
9010;8472;17482
4410;8657;13067
7649;250;7899
9976;1791;11767
1241;2901;4142
3841;621;4462
3199;6985;10184
6298;3807;10105
6085;25;6110
8899;4399;13298
9294;6890;16184
1719;6822;8541
3520;5960;9480
5;5237;5242
4616;4243;8859
5136;1031;6167
9860;6010;15870
9357;6757;16114
8308;8259;16567
5580;7875;13455
4965;21;4986
7433;3777;11210
4400;9911;14311
6419;6558;12977
4602;2023;6625
5844;702;6546
9328;2351;11679
6494;7863;14357
2657;7862;10519
1075;7963;9038
9199;9277;18476
3819;9930;13749
6327;1378;7705
291;5893;6184
6961;212;7173
1931;8168;10099
3543;6638;10181
2544;1219;3763
6443;6107;12550
2647;3677;6324
7494;1246;8740
4121;7345;11466
9788;5307;15095
8164;9064;17228
2969;8600;11569
3328;5340;8668
1692;3247;4939
5769;3961;9730
9492;1138;10630
5522;4356;9878
8844;1084;9928
9498;4383;13881
8768;3651;12419
4496;1451;5947
4570;5003;9573
5244;299;5543
7528;8882;16410
8513;2424;10937
7652;3184;10836
1550;32;1582
9108;7164;16272
1903;7908;9811
9455;7247;16702
7054;4714;11768
1655;6495;8150
3219;3778;6997
9726;3292;13018
5744;8581;14325
1592;4203;5795
1874;8784;10658
7228;100;7328
6072;7766;13838
919;5582;6501
7924;8147;16071
7010;8947;15957
9120;5871;14991
8725;8462;17187
3159;1930;5089
5384;8807;14191
1739;3144;4883
2496;5822;8318
5869;1844;7713
918;2701;3619
6686;206;6892
8839;9571;18410
4087;484;4571
7765;1518;9283
9687;7361;17048
597;1937;2534
7759;3866;11625
2568;3006;5574
8073;5662;13735
4160;8984;13144
3403;8769;12172
9664;3370;13034
8725;7881;16606
295;1648;1943
5375;2445;7820
6992;6202;13194
5599;1415;7014
5445;1508;6953
9329;2176;11505
725;1663;2388
5080;1155;6235
2927;1543;4470
3498;539;4037
2284;2995;5279
1087;8189;9276
7743;3125;10868
6711;3790;10501
9587;3068;12655
344;3420;3764
3767;9217;12984
4805;6009;10814
2693;4445;7138
1578;5191;6769
313;9289;9602
7483;107;7590
5562;7462;13024
3842;6304;10146
8507;7588;16095
9367;4103;13470
9913;5071;14984
8006;5040;13046
7690;1298;8988
2058;6154;8212
3198;4418;7616
2076;7059;9135
3205;5768;8973
4415;7939;12354
6479;7946;14425
8099;224;8323
6148;2200;8348
1133;2652;3785
6171;3329;9500
7574;3258;10832
6932;4564;11496
7379;1171;8550
8568;5600;14168
2475;6264;8739
3936;6824;10760
756;6720;7476
3320;7688;11008
8423;1472;9895
4048;3187;7235
4578;1709;6287
7726;9395;17121
9016;3209;12225
2479;6058;8537
8952;7258;16210
6610;5810;12420
8179;6055;14234
9172;210;9382
5786;1173;6959
3011;308;3319
9437;1291;10728
2718;8537;11255
250;9745;9995
3695;2927;6622
5519;2840;8359
8040;419;8459
8516;924;9440
4116;5556;9672
7408;1250;8658
5966;5369;11335
8516;3996;12512
3109;2454;5563
3661;8889;12550
3195;9623;12818
6209;6129;12338
7852;80;7932
946;2951;3897
7731;7353;15084
862;5681;6543
1152;8856;10008
4866;8085;12951
8059;5885;13944
4205;3301;7506
9524;3770;13294
5053;8590;13643
7900;3981;11881
1908;5162;7070
3338;5682;9020
7329;5982;13311
3552;4013;7565
4160;2177;6337
3026;4837;7863
3904;5431;9335
1889;7850;9739
2658;5907;8565
4401;3590;7991
4652;314;4966
7618;1067;8685
3047;542;3589
5835;1124;6959
3292;5523;8815
4324;1291;5615
4652;7428;12080
5877;9732;15609
9382;986;10368
5135;1038;6173
7090;9911;17001
7376;6190;13566
8706;3710;12416
1561;3527;5088
2759;1613;4372
2351;8489;10840
4203;5831;10034
1962;8936;10898
6119;8041;14160
408;8702;9110
7748;8180;15928
6935;7076;14011
8829;9623;18452
802;7057;7859
9840;4176;14016
6083;1575;7658
1707;9656;11363
1519;3965;5484
8846;5741;14587
6274;1701;7975
3649;1551;5200
8189;6980;15169
5519;7186;12705
4750;4125;8875
1067;5854;6921
6449;5575;12024
8863;3295;12158
690;3267;3957
8622;6582;15204
5111;7522;12633
7029;9878;16907
6858;3637;10495
3763;30;3793
7321;6818;14139
3640;7670;11310
3337;2906;6243
2111;6829;8940
5209;2579;7788
4474;4054;8528
6709;1985;8694
3175;8260;11435
2080;1307;3387
2544;2570;5114
2341;5074;7415
5288;7414;12702
6174;4058;10232
8427;7116;15543
6976;5243;12219
516;3811;4327
6737;6986;13723
1519;8213;9732
4186;7508;11694
8091;3872;11963
5260;8894;14154
6896;3954;10850
1538;2205;3743
6352;8331;14683
5002;3904;8906
8255;4339;12594
1488;7012;8500
7677;7958;15635
6844;1156;8000
9596;5196;14792
1394;3644;5038
7370;1579;8949
6379;985;7364
2783;386;3169
8586;5468;14054
7019;2041;9060
3182;2223;5405
3689;9269;12958
3322;1635;4957
2088;7292;9380
9808;691;10499
4229;3892;8121
9579;5571;15150
4901;3628;8529
5662;5489;11151
1063;818;1881
4298;7595;11893
7860;7383;15243
9044;6120;15164
3781;7454;11235
4880;4905;9785
7174;9629;16803
8088;5931;14019
6273;139;6412
7630;489;8119
3564;3041;6605
7028;3850;10878
2166;4573;6739
2813;3311;6124
2104;8407;10511
4521;6495;11016
4063;2285;6348
1505;6872;8377
9426;1144;10570
7313;5028;12341
8295;1350;9645
5428;6103;11531
4246;2373;6619
8219;1267;9486
3111;1168;4279
4114;36;4150
5599;6114;11713
5576;9758;15334
2246;2896;5142
3328;6649;9977
7108;6113;13221
1761;1618;3379
2381;5640;8021
5612;3816;9428
6816;3751;10567
8893;529;9422
5509;2606;8115
5508;1936;7444
4433;5122;9555
7690;4894;12584
304;7174;7478
3813;2474;6287
9628;4907;14535
1002;4099;5101
8619;9830;18449
5246;476;5722
5686;772;6458
5876;8308;14184
5074;2915;7989
9540;2051;11591
2609;7825;10434
4366;1094;5460
4170;2209;6379
3916;2729;6645
4455;1439;5894
2589;1988;4577
9240;8155;17395
5497;8375;13872
7259;8382;15641
3229;3869;7098
359;7912;8271
3841;2006;5847
8391;5256;13647
5563;4130;9693
6279;2043;8322
8787;2098;10885
7546;9230;16776
6186;9735;15921
8296;9790;18086
5263;6989;12252
9607;2657;12264
5921;1031;6952
3968;4655;8623
6758;2741;9499
8066;9979;18045
1425;9663;11088
4803;6140;10943
4550;8686;13236
9243;9124;18367
7500;5793;13293
4013;2591;6604
9763;2419;12182
9620;9033;18653
3869;7175;11044
7126;4582;11708
1968;8632;10600
2681;6190;8871
5651;4562;10213
1802;2537;4339
5168;8911;14079
6846;7120;13966
8542;3158;11700
7214;3076;10290
8010;7515;15525
1819;233;2052
8187;6260;14447
5058;9198;14256
6753;2743;9496
4596;2057;6653
9810;5248;15058
1957;8337;10294
9480;6381;15861
6325;6749;13074
2998;7699;10697
1709;5798;7507
2665;7193;9858
1121;1168;2289
8757;626;9383
1653;134;1787
7513;3120;10633
4879;5168;10047
9150;7062;16212
794;8841;9635
4299;4243;8542
9414;646;10060
9147;2758;11905
3998;9499;13497
8597;4816;13413
5955;530;6485
7460;9638;17098
9018;8704;17722
7071;5624;12695
6724;7;6731
2047;2099;4146
3018;2205;5223
1034;1100;2134
5363;1929;7292
9310;8922;18232
6506;6128;12634
9418;6087;15505
2236;3173;5409
611;3610;4221
1689;7641;9330
9141;7068;16209
9877;5101;14978
6633;6891;13524
9959;3834;13793
7578;1675;9253
5496;5703;11199
7346;3310;10656
1655;5081;6736
5841;3868;9709
4182;4766;8948
5540;7972;13512
368;8785;9153
2212;6411;8623
4635;55;4690
8847;9140;17987
6482;2555;9037
6590;4077;10667
8151;4106;12257
9341;3729;13070
5847;996;6843
8251;7619;15870
6484;2411;8895
1106;9524;10630
6930;7068;13998
2250;1941;4191
174;1143;1317
1699;3251;4950
6562;4763;11325
1749;3962;5711
694;8056;8750
6417;1235;7652
8381;4993;13374
9286;6885;16171
9351;5389;14740
9680;7592;17272
8667;1327;9994
5960;2921;8881
4807;6806;11613
7653;7094;14747
2007;2325;4332
7883;2846;10729
3187;6710;9897
3176;4938;8114
5609;4925;10534
819;513;1332
8705;9165;17870
1175;6692;7867
8720;6704;15424
184;379;563
9731;9036;18767
1135;8442;9577
7907;4009;11916
2032;2325;4357
1932;2917;4849
6319;1470;7789
6776;9547;16323
8100;5561;13661
7556;1313;8869
9440;5388;14828
9513;4287;13800
2036;6661;8697
8236;9555;17791
8963;7945;16908
4412;468;4880
3085;6739;9824
9208;5564;14772
7004;445;7449
6780;5221;12001
7407;1713;9120
4020;9804;13824
5661;4382;10043
8937;6677;15614
8227;7495;15722
520;550;1070
285;6557;6842
4609;3154;7763
3012;9483;12495
1228;272;1500
2371;6356;8727
3270;5081;8351
8537;2696;11233
8099;5470;13569
1675;9796;11471
1476;5192;6668
2063;1654;3717
3339;7195;10534
8463;3488;11951
5575;9851;15426
8208;3055;11263
3996;5283;9279
3088;7975;11063
9034;9249;18283
5770;7889;13659
6387;713;7100
6857;5790;12647
809;9761;10570
2642;4750;7392
5878;953;6831
3713;8237;11950
6295;2531;8826
3146;4718;7864
5317;7717;13034
4872;2246;7118
7411;2439;9850
199;4398;4597
4589;2514;7103
4171;9107;13278
8149;3706;11855
4837;8940;13777
8371;518;8889
4758;5637;10395
5401;4318;9719
4595;9719;14314
7318;3789;11107
1304;3691;4995
559;2301;2860
5166;4078;9244
3273;7803;11076
1444;4613;6057
6230;9150;15380
6874;4957;11831
8557;4977;13534
9040;8369;17409
7408;1101;8509
9935;249;10184
7923;4767;12690
2564;775;3339
9820;3676;13496
6748;503;7251
629;1228;1857
6299;5793;12092
138;1294;1432
4853;9489;14342
3555;2116;5671
8240;9972;18212
3274;3965;7239
5451;1699;7150
5288;4740;10028
751;4594;5345
5856;6654;12510
9546;7140;16686
3138;7202;10340
9819;4951;14770
5141;6686;11827
6943;999;7942
5470;7258;12728
8078;3727;11805
3802;1171;4973
2958;2554;5512
2769;2386;5155
9281;7015;16296
9220;6296;15516
2281;4328;6609
9046;4125;13171
4562;5056;9618
7395;6700;14095
8843;7276;16119
8288;7581;15869
8178;2146;10324
5729;5905;11634
9866;2993;12859
6655;9148;15803
9677;9637;19314
5732;8181;13913
4679;875;5554
1879;3408;5287
5613;4557;10170
3078;820;3898
6944;9765;16709
8154;4453;12607
2806;7014;9820
1607;8372;9979
9390;2596;11986
4965;3996;8961
4938;6766;11704
5949;7299;13248
3848;8569;12417
7547;3957;11504
5122;7542;12664
4166;9881;14047
5411;9896;15307
4400;6715;11115
7306;325;7631
6580;6490;13070
430;3950;4380
5338;3724;9062
8073;250;8323
654;2327;2981
7434;3032;10466
3988;412;4400
1607;8462;10069
7893;179;8072
1393;6590;7983
345;5868;6213
4211;1590;5801
6073;887;6960
5639;6796;12435
162;8808;8970
7430;7573;15003
2288;4047;6335
6869;8137;15006
8014;1094;9108
9915;1266;11181
7894;9937;17831
6707;8418;15125
8641;7982;16623
3602;2504;6106
1274;1277;2551
2780;9247;12027
616;3512;4128
7380;2365;9745
9546;2986;12532
6564;7740;14304
1549;5434;6983
7367;7418;14785
2208;5534;7742
246;3761;4007
1361;9434;10795
6337;2911;9248
1114;6034;7148
8;5214;5222
7413;3741;11154
6025;2727;8752
4094;5560;9654
6118;5991;12109
3384;4126;7510
2872;5659;8531
5942;2175;8117
8322;4324;12646
7050;3296;10346
4894;5033;9927
8973;3746;12719
7264;769;8033
4724;7436;12160
8591;6971;15562
6485;6673;13158
8579;5791;14370
2069;4966;7035
8670;8301;16971
4781;4941;9722
1758;8177;9935
3418;9362;12780
2389;7679;10068
9132;769;9901
7730;2413;10143
2530;8387;10917
4485;9193;13678
4268;3282;7550
2619;5224;7843
9346;1792;11138
454;8899;9353
4784;6384;11168
1663;4349;6012
6266;1509;7775
9644;3498;13142
2614;1929;4543
6014;7012;13026
3126;6454;9580
2699;9119;11818
797;9797;10594
3624;3190;6814
5351;3377;8728
3616;1820;5436
3344;5096;8440
4387;3358;7745
307;9270;9577
6692;545;7237
4197;1578;5775
6988;8928;15916
9083;9338;18421
6202;5620;11822
706;2012;2718
9657;4885;14542
303;8611;8914
4292;665;4957
8815;3083;11898
2963;2961;5924
563;6985;7548
2734;8362;11096
5062;4553;9615
4894;8344;13238
6360;2044;8404
2591;4987;7578
7120;9951;17071
8665;8571;17236
833;6730;7563
966;5156;6122
9604;5282;14886
7754;8485;16239
1131;7680;8811
8746;4058;12804
8851;4281;13132
1042;5726;6768
2525;9054;11579
5230;8964;14194
6955;923;7878
8733;2270;11003
473;7227;7700
7467;6765;14232
803;6598;7401
3297;8486;11783
5877;3792;9669
962;285;1247
2528;9579;12107
235;9401;9636
5222;6190;11412
1286;373;1659
4509;6985;11494
5655;3697;9352
7911;4635;12546
5814;7828;13642
4346;3626;7972
3926;3244;7170
3168;664;3832
1297;6061;7358
6416;9911;16327
525;4484;5009
5993;9979;15972
4622;435;5057
9942;6420;16362
9030;8836;17866
2697;3394;6091
5207;2291;7498
8724;4885;13609
3791;7283;11074
8927;7842;16769
270;1674;1944
7311;640;7951
8808;352;9160
2036;7365;9401
4132;3384;7516
3269;6642;9911
1545;5213;6758
7971;7532;15503
5503;6153;11656
7139;3779;10918
5601;8489;14090
1229;4752;5981
1767;2286;4053
1166;2677;3843
5132;1539;6671
2563;3586;6149
3355;5049;8404
272;6940;7212
7614;4253;11867
3155;2716;5871
7481;2633;10114
2116;9394;11510
6984;8657;15641
6820;6570;13390
9991;9796;19787
3318;6379;9697
2028;7418;9446
7089;8467;15556
4690;7658;12348
4318;9227;13545
2058;9464;11522
6650;124;6774
2233;680;2913
3325;1770;5095
3300;7980;11280
4332;7434;11766
4865;5456;10321
6278;8698;14976
2026;1021;3047
6964;5516;12480
2431;9148;11579
1923;9287;11210
5859;6966;12825
8829;5686;14515
226;2684;2910
110;3853;3963
4652;4141;8793
8311;1147;9458
8899;9854;18753
2190;231;2421
2848;1209;4057
4675;182;4857
8042;4329;12371
7372;187;7559
2955;9408;12363
6759;9397;16156
997;6282;7279
9211;239;9450
9968;3396;13364
9195;97;9292
8539;8733;17272
206;4214;4420
883;8787;9670
1307;8136;9443
2484;7371;9855
1039;7910;8949
8152;4072;12224
8825;9458;18283
4533;74;4607
458;9458;9916
110;4777;4887
4662;9892;14554
9607;5582;15189
3855;5010;8865
4543;2415;6958
3188;4570;7758
7318;646;7964
8962;4617;13579
5685;3018;8703
6706;4604;11310
6164;7129;13293
3112;3284;6396
4873;4176;9049
5122;3247;8369
7167;2146;9313
7866;3983;11849
602;2017;2619
215;6674;6889
5196;3841;9037
8635;7753;16388
5796;1534;7330
6907;8513;15420
7362;411;7773
3487;7954;11441
124;9486;9610
1416;682;2098
6667;8035;14702
2213;1855;4068
3782;6712;10494
5652;5723;11375
7120;2794;9914
3123;7856;10979
9887;9837;19724
2529;6674;9203
5381;8327;13708
8069;1708;9777
6767;7935;14702
1301;6364;7665
6837;598;7435
9000;8290;17290
6496;2315;8811
3241;7810;11051
7990;7331;15321
9697;4250;13947
1252;3849;5101
3241;2634;5875
7201;5053;12254
511;2994;3505
6770;5932;12702
6510;2142;8652
7179;7553;14732
5301;4469;9770
5894;3132;9026
8168;7835;16003
2402;3125;5527
3546;1734;5280
4187;8998;13185
570;1834;2404
369;851;1220
2621;6597;9218
8140;5962;14102
7051;6189;13240
1317;2617;3934
9645;2842;12487
7683;4807;12490
7553;84;7637
8739;3493;12232
4232;1357;5589
3156;6029;9185
5883;1489;7372
5726;867;6593
5594;2230;7824
8388;5508;13896
2336;8999;11335
2406;2713;5119
1689;6392;8081
658;4604;5262
7530;6764;14294
8999;6141;15140
8551;8123;16674
878;4166;5044
3279;8804;12083
4864;8302;13166
3307;8187;11494
8977;3229;12206
1279;607;1886
1383;4554;5937
4548;4498;9046
7232;7757;14989
765;1993;2758
7705;1777;9482
5383;3671;9054
6010;88;6098
4554;318;4872
6070;2213;8283
9903;7674;17577
7894;7225;15119
6934;9244;16178
7345;8722;16067
7661;6898;14559
7943;6146;14089
270;9748;10018
2953;7185;10138
5739;7053;12792
9117;3732;12849
2919;1385;4304
4459;7720;12179
3458;526;3984
8885;7903;16788
4442;3472;7914
9805;4809;14614
3390;514;3904
6708;7530;14238
57;4880;4937
1196;5749;6945
2056;6825;8881
7514;4462;11976
2538;7340;9878
5617;3950;9567
6401;1647;8048
9429;5828;15257
2821;9701;12522
6993;8558;15551
9653;1991;11644
9008;9963;18971
5174;8525;13699
6743;7771;14514
4057;2530;6587
7564;9949;17513
7576;7356;14932
189;3606;3795
744;8174;8918
159;8581;8740
9185;8553;17738
9682;2606;12288
4961;1608;6569
5828;3637;9465
6078;1202;7280
147;435;582
5445;1381;6826
5223;1720;6943
1446;3303;4749
8711;1133;9844
5238;4843;10081
6872;5353;12225
5016;8139;13155
7121;5499;12620
2853;6889;9742
4012;2209;6221
856;6773;7629
9092;5028;14120
4300;7775;12075
9325;2405;11730
729;7030;7759
182;7240;7422
5681;4155;9836
2459;7391;9850
9402;2810;12212
6537;9918;16455
1158;6264;7422
285;846;1131
7560;3984;11544
3905;1395;5300
5373;2007;7380
6914;5055;11969
1440;3170;4610
8879;6355;15234
6535;628;7163
8398;4432;12830
1309;6703;8012
7490;4964;12454
6166;4774;10940
942;3263;4205
5802;6692;12494
3744;7694;11438
6596;1259;7855
1625;479;2104
9801;4991;14792
1341;903;2244
6938;8834;15772
668;4792;5460
3464;6786;10250
3344;267;3611
4539;9451;13990
7450;2463;9913
5345;8364;13709
2813;293;3106
6429;7437;13866
9829;577;10406
1050;757;1807
1410;6331;7741
9805;9156;18961
4970;6949;11919
3496;6706;10202
995;8155;9150
3119;7487;10606
1287;7811;9098
2127;9812;11939
4405;5725;10130
2863;5229;8092
9783;8547;18330
2607;4089;6696
959;8486;9445
9155;8294;17449
9932;3480;13412
2450;8639;11089
2506;4459;6965
4492;9131;13623
8934;6195;15129
216;330;546
8880;9755;18635
9070;6492;15562
6656;9862;16518
8838;6248;15086
5258;3471;8729
2764;8592;11356
5662;9776;15438
995;3446;4441
2210;2125;4335
6162;9937;16099
8801;3904;12705
6709;516;7225
7895;4746;12641
1434;8042;9476
9535;7984;17519
2535;3949;6484
840;5722;6562
4919;8356;13275
9270;7577;16847
1231;9431;10662
7983;3581;11564
6197;749;6946
2259;7395;9654
1214;2592;3806
4522;2448;6970
2990;8802;11792
8671;1747;10418
6329;3848;10177
252;2507;2759
752;9954;10706
472;4464;4936
324;4088;4412
2744;1612;4356
7847;8141;15988
8070;1365;9435
310;5181;5491
7191;8345;15536
7606;1173;8779
2165;9132;11297
2288;2390;4678
7692;1681;9373
5018;2835;7853
978;6481;7459
6508;9783;16291
2560;1570;4130
7997;8686;16683
9769;5426;15195
4810;8345;13155
8242;4736;12978
3030;5151;8181
65;176;241
3127;8731;11858
241;746;987
1491;4433;5924
5492;3619;9111
7677;6289;13966
2036;6357;8393
2968;8006;10974
7226;9560;16786
8989;4690;13679
8201;9726;17927
9619;6942;16561
4978;337;5315
9916;9920;19836
6184;6472;12656
1826;4510;6336
7722;3438;11160
6845;4930;11775
9354;5909;15263
816;4190;5006
9390;9982;19372
6233;9909;16142
4784;4318;9102
3648;8038;11686
1475;932;2407
342;7259;7601
9431;6861;16292
2492;301;2793
2503;3641;6144
2418;7899;10317
7518;1159;8677
6024;585;6609
5929;9673;15602
7967;7513;15480
5626;668;6294
2920;828;3748
4516;9036;13552
9525;6048;15573
9496;5404;14900
5264;7905;13169
6197;1577;7774
3719;6452;10171
8422;3033;11455
1972;1952;3924
5768;8342;14110
9735;419;10154
3269;9762;13031
9881;8619;18500
8918;4185;13103
7344;3677;11021
544;276;820
842;7534;8376
1824;9260;11084
8335;9229;17564
6141;3496;9637
4567;5480;10047
7571;7369;14940
5158;919;6077
6944;4790;11734
1547;4978;6525
3675;2890;6565
7585;5278;12863
7793;8675;16468
5227;9759;14986
3928;5784;9712
9271;4288;13559
687;1574;2261
2886;9783;12669
9674;5803;15477
610;578;1188
7571;6629;14200
6891;4428;11319
3121;3693;6814
623;8889;9512
6334;4765;11099
3290;2850;6140
8218;6511;14729
7165;8380;15545
3114;4842;7956
8701;3006;11707
2952;9901;12853
1726;6949;8675
6047;6333;12380
8210;1945;10155
2725;4159;6884
1621;1988;3609
9322;188;9510
7894;8059;15953
9085;8501;17586
2916;6490;9406
6364;499;6863
1143;6048;7191
4057;6840;10897
4748;8316;13064
783;4695;5478
241;8337;8578
46;2284;2330
8294;4726;13020
9329;8551;17880
9467;7543;17010
5398;1978;7376
3124;5752;8876
6699;9594;16293
643;454;1097
3536;5014;8550
6574;3502;10076
810;9325;10135
992;2789;3781
1706;6103;7809
1845;7894;9739
8859;85;8944
6274;4914;11188
6189;5269;11458
9420;6605;16025
1097;4987;6084
4747;3773;8520
1678;2638;4316
1126;3755;4881
7026;922;7948
5106;3389;8495
9927;2259;12186
5253;4841;10094
9559;1132;10691
8221;8874;17095
4442;5057;9499
7859;4333;12192
755;9519;10274
4330;9139;13469
5307;1206;6513
3472;1536;5008
5760;35;5795
5413;1956;7369
4188;5355;9543
4894;7476;12370
5039;5942;10981
3535;233;3768
5196;2180;7376
5882;215;6097
226;2775;3001
8987;2746;11733
9744;5824;15568
4702;9713;14415
2892;7461;10353
1845;9965;11810
6589;3817;10406
7641;3909;11550
4030;6859;10889
4739;584;5323
4293;6297;10590
1771;156;1927
9137;6219;15356
9528;482;10010
3814;9090;12904
9375;5789;15164
8581;2946;11527
5343;3226;8569
1582;215;1797
5604;4014;9618
3981;3847;7828
387;5883;6270
6840;216;7056
1169;1645;2814
6551;9691;16242
5952;1384;7336
7340;8106;15446
6548;9279;15827
608;1589;2197
7327;5177;12504
564;1382;1946
1114;6413;7527
3588;6968;10556
2158;7586;9744
6267;7240;13507
1372;2612;3984
4103;9232;13335
2814;3672;6486
64;7850;7914
8378;6966;15344
9557;8951;18508
3803;8722;12525
6402;2134;8536
3759;3765;7524
5881;4355;10236
4150;3929;8079
8718;8594;17312
7441;5053;12494
5662;7303;12965
1201;1731;2932
8379;169;8548
5145;958;6103
8695;8217;16912
5680;5976;11656
9171;7137;16308
9031;6146;15177
3477;3736;7213
4497;5547;10044
6685;9440;16125
2003;8953;10956
8105;4382;12487
1509;1638;3147
2523;9791;12314
4469;1425;5894
5227;7870;13097
3996;6201;10197
1099;9944;11043
9801;9811;19612
3820;9835;13655
9709;4264;13973
2017;5000;7017
9792;5228;15020
540;259;799
4249;340;4589
1932;2272;4204
1588;8587;10175
6131;297;6428
5376;6985;12361
7471;7055;14526
4187;9862;14049
6127;4986;11113
4637;7940;12577
6417;7022;13439
4424;1554;5978
3518;6621;10139
6661;270;6931
9124;5130;14254
4623;6562;11185
5514;6546;12060
733;7233;7966
858;8295;9153
6686;4573;11259
6878;7806;14684
1357;6516;7873
5871;3714;9585
3624;175;3799
3429;8885;12314
2223;535;2758
9303;317;9620
4015;8939;12954
7346;105;7451
4453;2464;6917
343;565;908
7403;3421;10824
2514;8399;10913
7972;2317;10289
711;8806;9517
9623;7042;16665
2631;6767;9398
8097;2414;10511
1191;9793;10984
5028;9688;14716
5918;5586;11504
1401;2035;3436
9609;1122;10731
3096;8343;11439
6998;7070;14068
1609;4275;5884
8700;2504;11204
7606;2717;10323
3251;9805;13056
580;3434;4014
5091;6370;11461
9122;496;9618
5212;4936;10148
7977;6423;14400
9386;1629;11015
8499;3692;12191
3876;5067;8943
264;9863;10127
5593;2298;7891
5987;5260;11247
7214;7633;14847
9060;561;9621
8609;7361;15970
1444;7872;9316
8174;7798;15972
1692;8121;9813
9172;6890;16062
4131;6086;10217
1856;3396;5252
8275;5023;13298
5029;8332;13361
7194;2383;9577
6183;1228;7411
5902;121;6023
1285;4554;5839
1606;7158;8764
3511;4944;8455
1623;5168;6791
9717;1991;11708
6984;8920;15904
9277;6879;16156
2544;8545;11089
7813;9709;17522
3047;8725;11772
2151;2306;4457
4385;1765;6150
7613;2192;9805
9991;9611;19602
9039;1166;10205
7285;717;8002
9310;6973;16283
793;6695;7488
338;7038;7376
4937;7863;12800
9552;5276;14828
9863;802;10665
567;3098;3665
1189;4844;6033
2994;5423;8417
4501;1230;5731
4583;8313;12896
8273;5706;13979
9278;3534;12812
6668;5791;12459
8408;2601;11009
9911;7793;17704
2387;902;3289
6167;705;6872
4112;7521;11633
4822;4640;9462
4659;9689;14348
5610;101;5711
8939;2119;11058
7163;2975;10138
2929;8633;11562
8641;9084;17725
1384;2333;3717
5306;9401;14707
4790;6465;11255
5024;3871;8895
1571;1392;2963
444;9429;9873
3882;3828;7710
5583;640;6223
975;7866;8841
9254;2118;11372
6158;7090;13248
6789;9626;16415
4337;1278;5615
8312;7536;15848
6706;9520;16226
1236;4397;5633
5382;4473;9855
4102;9933;14035
9475;7216;16691
269;7109;7378
6913;1291;8204
4683;7880;12563
3980;1209;5189
535;2303;2838
1700;2571;4271
2381;9563;11944
9751;9052;18803
6159;7618;13777
1537;7516;9053
6499;7199;13698
9376;9024;18400
6055;3155;9210
8459;1748;10207
1127;7632;8759
751;5394;6145
8141;8950;17091
7283;2054;9337
7311;284;7595
7079;3589;10668
398;4984;5382
2963;3102;6065
6255;8825;15080
169;489;658
2108;2008;4116
9156;112;9268
3384;335;3719
8981;7346;16327
8778;1677;10455
6031;2347;8378
8390;5174;13564
6870;4425;11295
5308;6328;11636
1279;1756;3035
797;6632;7429
3093;2224;5317
8545;9504;18049
9244;3720;12964
5610;7531;13141
5119;6472;11591
7602;1539;9141
2547;4214;6761
3536;3825;7361
5804;9666;15470
4833;4937;9770
5789;5874;11663
2494;6035;8529
454;4760;5214
4888;9226;14114
142;8964;9106
286;5397;5683
9476;8852;18328
9487;9411;18898
53;6021;6074
2358;327;2685
9426;2621;12047
9132;7286;16418
4751;2711;7462
3565;1582;5147
6727;7878;14605
1706;7741;9447
4828;7752;12580
7724;571;8295
8748;9198;17946
3177;8925;12102
9489;6915;16404
7996;5852;13848
4821;7118;11939
9017;3704;12721
4382;4935;9317
9754;6648;16402
8163;6537;14700
5219;8119;13338
8301;9108;17409
4373;9953;14326
1988;4475;6463
9525;8805;18330
7819;2173;9992
626;149;775
9164;5935;15099
8681;4513;13194
4788;9176;13964
2358;1917;4275
7919;1976;9895
5218;754;5972
9021;1953;10974
2017;4347;6364
858;2162;3020
7237;2922;10159
3362;9293;12655
9986;6248;16234
9087;9183;18270
454;9470;9924
7481;7451;14932
600;1857;2457
4726;4635;9361
1791;293;2084
3996;5259;9255
7222;94;7316
1713;4934;6647
2577;5149;7726
5164;5465;10629
758;8170;8928
4729;1935;6664
477;2184;2661
8360;7701;16061
3168;5386;8554
3176;8519;11695
8855;5708;14563
9396;5046;14442
2474;8660;11134
773;5577;6350
5468;29;5497
4100;9615;13715
8663;8628;17291
1523;5236;6759
4498;3397;7895
3103;6371;9474
5714;7445;13159
7013;1509;8522
7642;707;8349
9917;3285;13202
5106;1964;7070
5034;5383;10417
5703;1788;7491
7657;2413;10070
6523;1223;7746
5869;7107;12976
382;2643;3025
82;4020;4102
311;457;768
8826;9383;18209
121;1524;1645
374;7007;7381
8636;6721;15357
3653;2817;6470
4524;1190;5714
9310;9374;18684
1051;9586;10637
892;7500;8392
1383;7806;9189
7876;7828;15704
2760;6695;9455
4889;299;5188
903;4531;5434
8958;7848;16806
218;1776;1994
9512;9716;19228
9203;7856;17059
3789;8831;12620
6036;3653;9689
6192;2482;8674
295;8864;9159
7903;7274;15177
5145;8026;13171
2801;2918;5719
9561;8556;18117
6107;8863;14970
279;8120;8399
7071;1033;8104
5299;2035;7334
752;6662;7414
6620;130;6750
5024;6981;12005
1746;1495;3241
5798;8816;14614
7646;3149;10795
7297;440;7737
1057;5226;6283
1055;7056;8111
2068;9293;11361
7045;4865;11910
1942;3265;5207
7870;5625;13495
8535;6763;15298
2829;3676;6505
7673;1258;8931
526;1175;1701
9875;8723;18598
1168;5818;6986
7988;4566;12554
7150;5555;12705
9677;4199;13876
4813;489;5302
3890;9190;13080
5035;6033;11068
4855;8576;13431
418;381;799
1530;5491;7021
3675;6710;10385
1903;573;2476
1375;9710;11085
3454;3182;6636
5456;4816;10272
8003;1724;9727
247;7192;7439
8936;5032;13968
3035;515;3550
9813;3553;13366
5823;3582;9405
5373;1865;7238
6487;3219;9706
3477;3668;7145
2130;3373;5503
2972;1361;4333
9534;1866;11400
6834;1423;8257
7973;6529;14502
5278;2989;8267
6841;151;6992
5494;8400;13894
2061;6744;8805
7039;5389;12428
1329;1195;2524
3916;6417;10333
7589;4010;11599
6486;2101;8587
4395;2467;6862
3112;5857;8969
8489;5625;14114
8056;2131;10187
8619;6228;14847
5822;3654;9476
1918;9417;11335
8503;8789;17292
8132;5876;14008
4169;3321;7490
5523;1240;6763
4094;1594;5688
6286;2856;9142
6655;4503;11158
3670;3420;7090
9806;126;9932
343;2938;3281
9980;8317;18297
2076;6203;8279
209;1360;1569
7380;3105;10485
4119;7176;11295
2200;5230;7430
5253;5167;10420
5516;5540;11056
5591;8977;14568
6974;7003;13977
280;4809;5089
7500;343;7843
1880;6517;8397
7259;6688;13947
2961;696;3657
5657;3536;9193
1218;7491;8709
977;3007;3984
2235;4748;6983
3167;8255;11422
3249;4379;7628
1230;2194;3424
5687;9780;15467
5610;4193;9803
1213;4106;5319
8518;6567;15085
8758;4297;13055
3709;7432;11141
1238;4880;6118
1207;8071;9278
6343;693;7036
9836;2289;12125
3920;3924;7844
6050;3745;9795
8539;4784;13323
3729;9768;13497
820;8006;8826
710;636;1346
9262;1857;11119
7081;7513;14594
5411;4358;9769
7755;658;8413
1464;3011;4475
8931;9174;18105
1957;7722;9679
5394;9231;14625
1252;7240;8492
1536;3581;5117
8240;9551;17791
898;2661;3559
4482;6489;10971
2115;1913;4028
5668;7276;12944
3264;3895;7159
37;2194;2231
7545;4687;12232
6332;9689;16021
9953;7535;17488
8476;7327;15803
7359;3572;10931
8695;7364;16059
2771;8006;10777
1965;2637;4602
6430;2997;9427
4137;2966;7103
3539;6928;10467
1029;1462;2491
9604;4029;13633
4787;6549;11336
4038;6618;10656
2757;5731;8488
2305;5461;7766
125;8009;8134
5558;6602;12160
4403;5232;9635
5643;1783;7426
3931;371;4302
9817;7848;17665
7818;8679;16497
7228;319;7547
5903;5984;11887
5629;437;6066
4723;6163;10886
4497;7196;11693
441;237;678
5810;6923;12733
9881;8761;18642
5473;6587;12060
3179;4283;7462
4769;9734;14503
8618;8439;17057
8708;9675;18383
8544;37;8581
8287;8145;16432
2563;1283;3846
4272;8891;13163
7197;6569;13766
4571;2561;7132
3044;5731;8775
1382;7702;9084
7656;625;8281
4259;5735;9994
308;6793;7101
312;4872;5184
6493;7888;14381
3162;2436;5598
2693;4681;7374
3212;5514;8726
9249;4052;13301
9501;7163;16664
9877;2778;12655
5391;3287;8678
3762;8680;12442
8285;5952;14237
8303;9621;17924
5730;6236;11966
7065;4406;11471
3065;1126;4191
1382;2524;3906
2477;3034;5511
31;1346;1377
8211;3625;11836
4580;372;4952
6876;3687;10563
6924;297;7221
4926;845;5771
8594;3142;11736
128;8798;8926
6444;2547;8991
5005;4334;9339
5148;9408;14556
2819;9472;12291
1014;3292;4306
4140;9514;13654
8321;5724;14045
2977;4866;7843
992;6470;7462
9481;1852;11333
4653;3146;7799
795;5474;6269
5003;3864;8867
3554;3981;7535
6648;8460;15108
1239;1323;2562
7903;3136;11039
4407;2976;7383
7620;2817;10437
2799;2305;5104
5797;6091;11888
2667;9589;12256
5534;9340;14874
7354;1085;8439
916;6368;7284
2112;5110;7222
9045;9012;18057
6032;6587;12619
892;5153;6045
8993;1488;10481
411;7795;8206
5933;153;6086
3834;5979;9813
4255;6603;10858
9519;1606;11125
3198;748;3946
9308;1820;11128
289;2392;2681
2200;8574;10774
5921;6595;12516
1205;9717;10922
5380;931;6311
5801;4769;10570
1119;8743;9862
292;1032;1324
2627;1891;4518
729;6140;6869
9866;6246;16112
2406;717;3123
5713;7396;13109
4263;1996;6259
8131;6764;14895
1332;5988;7320
6479;8903;15382
296;4695;4991
8205;8641;16846
1484;5517;7001
4579;6988;11567
9031;3291;12322
6901;3812;10713
3497;9757;13254
3519;7125;10644
3129;336;3465
9313;9474;18787
7215;4629;11844
7756;7025;14781
6688;7059;13747
8733;5838;14571
7840;156;7996
6762;876;7638
4371;8564;12935
4197;5087;9284
1108;76;1184
2106;9735;11841
3367;9973;13340
9244;8987;18231
605;8374;8979
8494;3655;12149
4316;7051;11367
8195;5399;13594
9678;1426;11104
1882;6954;8836
3038;8837;11875
767;4047;4814
6266;4841;11107
9283;4713;13996
5850;9996;15846
2713;152;2865
252;6448;6700
114;4925;5039
6031;3740;9771
9626;8996;18622
7908;6554;14462
4813;9433;14246
4913;4127;9040
7616;5137;12753
3817;337;4154
2030;1855;3885
2138;4871;7009
9515;4796;14311
6450;7363;13813
1676;9295;10971
3800;2950;6750
3185;5118;8303
869;3427;4296
9646;5656;15302
3522;6059;9581
6376;6137;12513
9918;3481;13399
543;2235;2778
1549;9160;10709
4465;535;5000
5300;6481;11781
1881;5831;7712
3483;6239;9722
5074;1033;6107
4109;507;4616
3230;606;3836
6828;7591;14419
1250;1886;3136
6630;7423;14053
7877;4472;12349
6901;592;7493
4854;306;5160
6053;8340;14393
9292;2101;11393
1579;9255;10834
4863;8418;13281
3285;9759;13044
8630;486;9116
6064;3137;9201
569;4581;5150
6225;9224;15449
5742;3327;9069
1932;7443;9375
6554;3175;9729
1445;9313;10758
1957;3120;5077
29;896;925
5907;4388;10295
2941;3958;6899
9960;6156;16116
7198;6776;13974
7131;7617;14748
2274;3627;5901
865;3225;4090
7341;4548;11889
6570;4280;10850
3326;3704;7030
2369;5459;7828
653;7490;8143
5339;7346;12685
758;2509;3267
9527;2957;12484
3916;9275;13191
5556;8166;13722
8314;4316;12630
5710;664;6374
5027;1019;6046
1393;4090;5483
993;694;1687
8212;9469;17681
8071;2817;10888
1374;6203;7577
8887;6361;15248
1843;1480;3323
3219;3240;6459
7875;2486;10361
5047;1710;6757
4287;2551;6838
4641;8581;13222
4385;5637;10022
5611;8873;14484
8520;6995;15515
865;367;1232
5879;5569;11448
9681;2146;11827
1800;3126;4926
679;7305;7984
2016;3169;5185
9476;6007;15483
4339;409;4748
2154;6842;8996
6156;8477;14633
6226;9297;15523
9054;9627;18681
7250;3195;10445
7186;7320;14506
8284;8904;17188
822;8313;9135
8172;8223;16395
681;3719;4400
4806;5334;10140
9131;9620;18751
5050;6068;11118
7632;8322;15954
6591;5601;12192
233;5278;5511
6953;5193;12146
4016;2203;6219
954;2887;3841
65;2875;2940
4500;6708;11208
5430;4743;10173
5870;622;6492
4720;902;5622
1902;3709;5611
4611;8350;12961
8695;3443;12138
3637;453;4090
2815;7594;10409
3471;9338;12809
6519;6398;12917
2234;5583;7817
2427;8361;10788
9010;8925;17935
7648;7716;15364
8869;8222;17091
710;7685;8395
616;70;686
1932;4884;6816
4124;5523;9647
687;9949;10636
9647;5944;15591
6559;132;6691
5742;8636;14378
54;1192;1246
4352;3893;8245
5997;1266;7263
5785;8844;14629
5869;8250;14119
2516;8842;11358
5958;3085;9043
4239;1340;5579
7538;403;7941
7603;3868;11471
3653;2049;5702
1427;4459;5886
6910;5517;12427
3414;4501;7915
2841;2332;5173
6788;8302;15090
9089;108;9197
8555;3750;12305
1443;9326;10769
3531;960;4491
1650;2384;4034
6188;5320;11508
111;9306;9417
3689;4441;8130
6302;5958;12260
843;8314;9157
2710;2804;5514
4673;3985;8658
7839;2062;9901
5659;650;6309
908;7964;8872
2469;426;2895
4461;6453;10914
3602;6238;9840
2710;2567;5277
1798;6794;8592
9001;8840;17841
8643;1872;10515
822;1742;2564
5244;5279;10523
6640;6437;13077
3059;231;3290
3977;7274;11251
5108;7713;12821
3862;768;4630
5253;3971;9224
414;5174;5588
3186;9763;12949
7829;4361;12190
8288;961;9249
2783;5565;8348
8217;6755;14972
6286;8665;14951
6311;7221;13532
974;4445;5419
461;7486;7947
7109;8913;16022
8525;424;8949
1376;954;2330
9312;5801;15113
4593;8190;12783
4280;522;4802
2903;5604;8507
8393;5606;13999
7768;759;8527
4608;7902;12510
9233;6903;16136
9126;8525;17651
3332;9413;12745
3815;1304;5119
9654;1362;11016
5920;5837;11757
889;8392;9281
2110;1088;3198
3215;6542;9757
3556;6297;9853
1335;2180;3515
430;7330;7760
4723;9378;14101
7377;4975;12352
9928;3740;13668
848;261;1109
2822;6452;9274
4629;5469;10098
7602;9607;17209
1689;1287;2976
1967;4553;6520
2107;7714;9821
470;5305;5775
3369;4042;7411
3551;8596;12147
6029;5200;11229
1139;4170;5309
1007;1626;2633
6469;9227;15696
9093;7998;17091
1002;8379;9381
5014;3564;8578
9057;1939;10996
7267;6773;14040
8754;229;8983
8848;9399;18247
6177;8512;14689
91;9442;9533
463;6579;7042
9623;8835;18458
3942;360;4302
7227;2693;9920
9749;2761;12510
7936;8823;16759
4156;6708;10864
6656;7961;14617
2513;540;3053
4864;3220;8084
6536;1877;8413
9565;6536;16101
5888;1033;6921
760;9505;10265
4438;2809;7247
7018;9652;16670
2864;8063;10927
4724;471;5195
3120;9093;12213
3867;1677;5544
1268;1980;3248
9960;5518;15478
4698;3258;7956
8291;8219;16510
1000;1636;2636
7963;9359;17322
1521;4797;6318
8967;8503;17470
3660;1959;5619
3118;1889;5007
9791;3707;13498
7002;6454;13456
6038;7552;13590
9510;1774;11284
7385;2386;9771
6191;4171;10362
5962;888;6850
1208;4071;5279
2067;9256;11323
6076;4520;10596
7795;2493;10288
9106;8957;18063
1018;6733;7751
4731;7863;12594
1433;5138;6571
7232;5974;13206
1424;4893;6317
8159;5860;14019
5994;4486;10480
3681;5377;9058
1130;1617;2747
7211;3418;10629
772;8531;9303
3533;203;3736
4482;4443;8925
6751;5984;12735
5356;9974;15330
3929;8752;12681
285;5013;5298
5217;873;6090
7050;7823;14873
7517;4716;12233
2841;5200;8041
734;711;1445
8921;3682;12603
3414;6259;9673
736;8869;9605
6921;1748;8669
174;4711;4885
5848;2144;7992
4357;2488;6845
6228;4937;11165
757;8096;8853
2162;8189;10351
5625;2988;8613
3019;5969;8988
3955;2529;6484
1721;3311;5032
5898;8551;14449
2866;716;3582
2282;6457;8739
774;5657;6431
9484;4562;14046
7382;200;7582
9763;656;10419
9355;9673;19028
2954;2941;5895
3960;537;4497
3754;6541;10295
2951;7251;10202
9290;7333;16623
7175;4052;11227
1393;8057;9450
1868;936;2804
5361;1945;7306
7428;757;8185
4423;132;4555
7180;7383;14563
9806;2514;12320
1838;7066;8904
1265;7205;8470
7833;5323;13156
5250;4219;9469
1950;3282;5232
3668;440;4108
6717;6569;13286
2356;2711;5067
4325;5877;10202
8699;4057;12756
6920;4267;11187
9209;7296;16505
614;3562;4176
6621;7650;14271
8460;9385;17845
4971;3616;8587
5610;4255;9865
599;6346;6945
1055;9766;10821
8862;6620;15482
5205;6577;11782
2932;2443;5375
5364;3657;9021
5410;2302;7712
4831;2724;7555
6832;1840;8672
2240;9086;11326
1356;8762;10118
7070;3058;10128
9161;2505;11666
7147;8533;15680
6080;37;6117
9040;5643;14683
4583;3954;8537
5913;2911;8824
2988;7913;10901
4148;8257;12405
4283;2084;6367
8850;6429;15279
4123;2341;6464
2615;2777;5392
7987;7354;15341
499;5235;5734
8319;5474;13793
8545;8731;17276
7018;3383;10401
6206;9703;15909
8726;241;8967
4424;9828;14252
570;9830;10400
1112;5130;6242
2560;5356;7916
6269;9578;15847
7726;3214;10940
7155;2498;9653
5897;9033;14930
4825;9510;14335
2484;1760;4244
8455;7033;15488
5087;2047;7134
1153;1115;2268
7511;1583;9094
9836;5647;15483
3974;9172;13146
7334;572;7906
2791;6060;8851
3031;1987;5018
3573;5772;9345
204;6488;6692
993;8999;9992
993;2208;3201
3766;3726;7492
9511;972;10483
8688;1049;9737
8073;3808;11881
6717;3683;10400
1176;6595;7771
7750;9090;16840
7506;5368;12874
1771;3989;5760
2679;5983;8662
8603;3354;11957
5471;5074;10545
3082;9685;12767
4004;4523;8527
9370;3801;13171
1508;1846;3354
865;6856;7721
5006;996;6002
9499;3147;12646
8043;8388;16431
9067;7157;16224
7080;3106;10186
9255;5689;14944
6083;5898;11981
5461;6134;11595
6018;3994;10012
5794;1371;7165
8150;8471;16621
3562;4987;8549
6797;9652;16449
2884;3796;6680
4025;1702;5727
1276;421;1697
3292;7571;10863
2422;2273;4695
9698;9119;18817
6417;4754;11171
6241;4068;10309
4185;6323;10508
7360;4847;12207
1929;6650;8579
6952;7670;14622
2384;7746;10130
4673;809;5482
3232;5201;8433
7696;9020;16716
7390;1944;9334
325;6269;6594
5199;1367;6566
2192;8418;10610
1005;4617;5622
5832;8124;13956
2911;6892;9803
2538;1628;4166
3078;9283;12361
1551;7704;9255
3068;5039;8107
602;4054;4656
8334;4053;12387
9830;9781;19611
2915;2976;5891
9771;384;10155
5201;9216;14417
5115;3611;8726
1338;4020;5358
41;525;566
8395;463;8858
58;4401;4459
1021;340;1361
1707;1978;3685
5066;7310;12376
5143;1431;6574
1437;1270;2707
980;766;1746
6254;2874;9128
6283;9353;15636
3503;9091;12594
1136;9048;10184
429;2072;2501
8596;6378;14974
8536;5328;13864
6239;5481;11720
3952;3520;7472
90;6252;6342
8084;5766;13850
5107;3491;8598
6448;529;6977
701;3740;4441
6984;7254;14238
6375;1515;7890
8884;3129;12013
4419;7206;11625
7096;3080;10176
8172;4654;12826
2767;9622;12389
3469;6071;9540
6672;4667;11339
4530;7350;11880
5413;4015;9428
7983;4822;12805
2045;5696;7741
2152;457;2609
4645;3461;8106
4963;6589;11552
5956;5571;11527
9603;7067;16670
3074;5539;8613
1466;2936;4402
8284;9124;17408
2199;5519;7718
8132;7498;15630
1688;9404;11092
1821;3850;5671
7906;6957;14863
2724;3092;5816
7580;892;8472
2620;4511;7131
9248;4243;13491
9485;8679;18164
2320;5962;8282
186;2298;2484
6954;5487;12441
5417;2572;7989
6047;2985;9032
4454;7090;11544
5312;9212;14524
2088;162;2250
4667;7310;11977
5184;4320;9504
7876;3024;10900
7330;4954;12284
6005;8920;14925
9192;2779;11971
4779;8248;13027
7672;7519;15191
4695;4875;9570
201;5971;6172
2082;5672;7754
970;2135;3105
8857;6269;15126
3592;8387;11979
1410;2257;3667
6066;8240;14306
430;310;740
5486;1276;6762
4320;7768;12088
5463;1384;6847
6815;7306;14121
8339;8893;17232
5392;8749;14141
2785;113;2898
9402;9757;19159
7757;7643;15400
2382;658;3040
6574;4943;11517
691;9078;9769
2414;1636;4050
9847;6601;16448
3561;4991;8552
6551;8922;15473
830;6780;7610
9856;3605;13461
8812;566;9378
2018;183;2201
8145;9647;17792
1219;4522;5741
9445;2853;12298
7452;4442;11894
1184;3920;5104
2579;6372;8951
1885;7623;9508
1753;692;2445
1488;7933;9421
915;9940;10855
1646;1907;3553
2398;8124;10522
448;1695;2143
3310;8452;11762
4480;3920;8400
6212;9663;15875
6267;8834;15101
4234;7276;11510
7560;1162;8722
2764;6948;9712
7776;9192;16968
3836;9949;13785
9304;3130;12434
7248;8706;15954
8275;2108;10383
350;9164;9514
9422;4649;14071
6769;5566;12335
839;7499;8338
9956;4405;14361
8260;9821;18081
7447;9406;16853
9634;5657;15291
3103;7753;10856
2024;6419;8443
4169;5886;10055
1647;5978;7625
7571;5819;13390
266;8117;8383
2696;1151;3847
7903;8455;16358
6798;3384;10182
2980;2371;5351
4817;9353;14170
6944;8002;14946
4465;9693;14158
9249;754;10003
6389;869;7258
9497;8656;18153
8343;7233;15576
3189;7554;10743
3190;3755;6945
7594;4653;12247
8156;523;8679
476;8871;9347
946;6323;7269
6264;2729;8993
6233;7758;13991
4816;2430;7246
4874;2431;7305
4615;5960;10575
9168;5807;14975
4578;8538;13116
4115;3026;7141
4809;7581;12390
5200;1809;7009
4794;4706;9500
5933;8966;14899
6352;1480;7832
7866;5861;13727
8928;6805;15733
4478;4899;9377
2260;3235;5495
2806;3850;6656
9091;2040;11131
3218;204;3422
833;6085;6918
2098;7442;9540
3592;9936;13528
2540;4278;6818
3125;9478;12603
324;5845;6169
465;9471;9936
5855;8070;13925
6923;6670;13593
350;6002;6352
6558;1442;8000
5076;2629;7705
9439;3125;12564
4554;1077;5631
356;1;357
9630;1594;11224
9434;5585;15019
9051;1975;11026
5093;5162;10255
4928;5783;10711
126;1509;1635
4849;9804;14653
7766;5599;13365
7617;2260;9877
2835;2215;5050
3795;1958;5753
8586;4613;13199
4760;396;5156
6080;3852;9932
4940;3865;8805
2915;3361;6276
123;7781;7904
1747;6707;8454
7068;1332;8400
1925;4831;6756
3851;8190;12041
8059;2724;10783
6449;1462;7911
735;9427;10162
8890;2662;11552
283;1866;2149
1179;3686;4865
1674;7172;8846
7974;473;8447
8148;1700;9848
1980;8049;10029
9527;7523;17050
749;7597;8346
4312;8494;12806
2934;3910;6844
1841;727;2568
3250;160;3410
4916;6734;11650
1843;4757;6600
6807;7923;14730
2732;7179;9911
206;2348;2554
1777;2964;4741
1484;6791;8275
563;7733;8296
630;1707;2337
6554;5209;11763
8543;4974;13517
3006;4473;7479
3968;3222;7190
5383;3308;8691
9655;9964;19619
494;498;992
3208;6934;10142
7093;6440;13533
2302;7937;10239
2356;4685;7041
5483;8793;14276
1691;7756;9447
6648;7154;13802
8764;9963;18727
6304;732;7036
5317;5717;11034
3107;1578;4685
6571;894;7465
2554;1734;4288
2189;9652;11841
5876;7391;13267
549;1975;2524
2729;3677;6406
6691;517;7208
2970;382;3352
2699;7725;10424
8643;3985;12628
6701;2283;8984
655;9767;10422
1220;8009;9229
7093;3671;10764
9230;9286;18516
5739;9882;15621
4591;7443;12034
1035;596;1631
5216;5283;10499
1691;3526;5217
4928;1917;6845
3686;7306;10992
9093;4514;13607
9734;1494;11228
4535;2640;7175
305;3571;3876
2356;2626;4982
5583;5200;10783
8210;129;8339
266;2526;2792
2763;1724;4487
1651;4608;6259
9231;3113;12344
1025;2009;3034
788;5460;6248
925;9036;9961
6641;4232;10873
5250;7027;12277
9519;2108;11627
4536;426;4962
7999;9951;17950
5262;1740;7002
6631;1337;7968
8771;8403;17174
73;8204;8277
7039;5376;12415
5661;2069;7730
2764;2790;5554
5162;351;5513
3776;3462;7238
345;3730;4075
7096;6471;13567
8909;2751;11660
7120;3193;10313
8908;6413;15321
3483;6875;10358
5402;1454;6856
7343;666;8009
8029;173;8202
7949;7638;15587
4560;591;5151
1093;5265;6358
7974;8501;16475
4450;3071;7521
3561;7662;11223
364;2947;3311
2961;9099;12060
7665;958;8623
6605;8213;14818
832;7198;8030
1008;2917;3925
310;1397;1707
6295;836;7131
2235;2276;4511
302;2351;2653
2;4729;4731
5993;2753;8746
8478;4142;12620
452;6990;7442
5551;7419;12970
803;8237;9040
876;8183;9059
9777;9971;19748
5460;8107;13567
2026;4754;6780
4400;4635;9035
122;1085;1207
9167;1026;10193
5439;3283;8722
5813;791;6604
7042;602;7644
732;2746;3478
9737;6369;16106
6885;5409;12294
7102;8416;15518
6855;349;7204
8772;1825;10597
4285;2599;6884
4730;1444;6174
9259;1183;10442
1859;602;2461
8417;5054;13471
7994;3092;11086
7505;8172;15677
8218;1932;10150
3463;496;3959
9037;6700;15737
2069;7628;9697
5311;4415;9726
5369;3553;8922
8584;9366;17950
6389;4751;11140
2351;1873;4224
8620;3556;12176
9186;1959;11145
3962;8863;12825
1202;5665;6867
432;8102;8534
1696;3462;5158
3095;4073;7168
8080;263;8343
8513;4563;13076
6081;4443;10524
198;1936;2134
2561;8989;11550
4590;84;4674
5458;2315;7773
6543;2479;9022
805;92;897
5334;8901;14235
4527;8282;12809
1758;6328;8086
753;652;1405
5701;7451;13152
528;8160;8688
9120;6154;15274
4513;3683;8196
1636;7910;9546
1915;9964;11879
6735;2044;8779
8947;4911;13858
284;1237;1521
7373;6360;13733
4550;6208;10758
7127;6031;13158
4449;4272;8721
9070;9154;18224
5271;5653;10924
2050;8755;10805
9711;9033;18744
4626;9647;14273
9787;4601;14388
3347;237;3584
2677;2968;5645
219;991;1210
9604;7190;16794
651;6274;6925
5770;8658;14428
304;5084;5388
6516;1277;7793
5489;2169;7658
3445;1263;4708
9346;9554;18900
4341;5721;10062
962;782;1744
2393;8547;10940
6114;3218;9332
902;7926;8828
3547;2893;6440
3952;8040;11992
1483;7254;8737
3541;3924;7465
7832;4661;12493
1387;7338;8725
9958;6184;16142
3304;6414;9718
4447;2919;7366
2210;357;2567
4809;9307;14116
9078;1377;10455
6574;7456;14030
6595;1959;8554
6800;5929;12729
7802;1168;8970
3615;1346;4961
4177;664;4841
5868;2376;8244
9589;8840;18429
3293;1056;4349
6085;2405;8490
5692;50;5742
674;7538;8212
9357;8631;17988
1534;8548;10082
5511;1605;7116
8857;3414;12271
3627;208;3835
7728;4254;11982
4132;3373;7505
1047;3200;4247
9027;1020;10047
1280;6851;8131
6133;7652;13785
3527;1729;5256
925;3015;3940
9064;7313;16377
6061;4465;10526
5156;4572;9728
9890;4129;14019
3489;4495;7984
3568;9567;13135
6717;2845;9562
814;4019;4833
522;2678;3200
125;7897;8022
2735;7287;10022
7972;820;8792
5247;9239;14486
1738;742;2480
6505;2689;9194
7795;9323;17118
7574;5095;12669
3156;6013;9169
6549;5862;12411
542;834;1376
9932;9860;19792
3172;3068;6240
9826;1520;11346
167;3452;3619
4422;7825;12247
6106;2643;8749
3904;8242;12146
5987;8214;14201
7375;6122;13497
2204;6128;8332
9871;5205;15076
434;5206;5640
9523;2313;11836
4690;1673;6363
5976;5440;11416
1751;2280;4031
8052;3245;11297
7337;5235;12572
7528;1470;8998
9492;50;9542
1190;1048;2238
4704;7756;12460
331;4990;5321
9091;2810;11901
7641;9887;17528
2432;2817;5249
2906;3037;5943
9577;8763;18340
6553;1827;8380
1860;7273;9133
9371;6267;15638
5547;3332;8879
855;4264;5119
7023;9741;16764
3454;8188;11642
6769;1359;8128
5313;5204;10517
8167;7201;15368
6361;5331;11692
4176;793;4969
3231;5742;8973
2537;413;2950
3596;2730;6326
5912;2660;8572
7738;4721;12459
3234;6923;10157
6467;6478;12945
4679;3144;7823
9741;8016;17757
6433;5434;11867
9773;8323;18096
6436;1177;7613
4411;5430;9841
7073;1131;8204
1251;3021;4272
3196;7519;10715
9209;2920;12129
2464;389;2853
8052;1919;9971
5912;3179;9091
7493;6922;14415
7119;9787;16906
6275;3003;9278
3783;4787;8570
8174;860;9034
9405;411;9816
2770;8994;11764
6804;3290;10094
1079;3909;4988
9680;2370;12050
8816;6118;14934
5796;84;5880
12;6816;6828
9636;1443;11079
6821;5646;12467
3972;8904;12876
670;8332;9002
6077;4910;10987
2176;6876;9052
2089;4311;6400
4419;5200;9619
7457;7555;15012
4497;2157;6654
3015;1367;4382
3416;4953;8369
3857;6633;10490
4782;5783;10565
5846;9456;15302
9970;3747;13717
2348;2661;5009
5177;104;5281
1358;3822;5180
5817;8511;14328
7104;6311;13415
4019;2999;7018
7266;5709;12975
6648;2055;8703
7943;2110;10053
9865;2849;12714
2064;2663;4727
5394;3800;9194
6444;2187;8631
1730;4620;6350
4601;7578;12179
9738;5710;15448
8480;5973;14453
8777;6020;14797
2235;4616;6851
1314;2974;4288
4990;343;5333
198;2733;2931
5055;6979;12034
2278;9117;11395
7488;3532;11020
8169;2330;10499
2730;3736;6466
2240;8191;10431
4200;6561;10761
6055;4872;10927
2821;3232;6053
4944;8305;13249
9703;2654;12357
1161;1480;2641
952;862;1814
3289;2767;6056
8768;2549;11317
3725;813;4538
3890;6360;10250
3642;9093;12735
6846;5436;12282
9250;1255;10505
1798;3173;4971
5568;8664;14232
7186;7719;14905
7731;120;7851
2774;7858;10632
4809;8683;13492
7795;9799;17594
3920;3954;7874
7887;3918;11805
5902;538;6440
4484;9364;13848
3058;8426;11484
6852;4078;10930
645;5802;6447
7083;5378;12461
5588;7362;12950
5657;2412;8069
6456;5120;11576
6786;9949;16735
8630;3483;12113
2479;2607;5086
8498;8401;16899
2576;1053;3629
6609;7040;13649
4887;2102;6989
4016;4954;8970
7038;6609;13647
7104;8106;15210
4512;6069;10581
7400;3518;10918
9942;7210;17152
1974;9082;11056
4122;6149;10271
2292;4219;6511
948;7061;8009
9194;7968;17162
6112;7005;13117
7815;9693;17508
7604;3409;11013
8663;5618;14281
5906;6189;12095
3466;4632;8098
2524;3291;5815
358;2388;2746
8011;9064;17075
5630;8059;13689
7199;3380;10579
567;1586;2153
3800;4047;7847
1351;842;2193
7847;45;7892
9921;770;10691
9584;9823;19407
159;3548;3707
1591;8088;9679
1323;6277;7600
3495;3763;7258
6390;2215;8605
3977;8283;12260
1669;5374;7043
3274;52;3326
306;8559;8865
8731;1904;10635
4282;5690;9972
225;850;1075
4454;4548;9002
8985;1474;10459
6513;7520;14033
4501;482;4983
2603;3182;5785
2442;2875;5317
2495;416;2911
5949;9278;15227
1864;8657;10521
6672;9603;16275
2643;5210;7853
5851;6205;12056
9065;4115;13180
6139;1447;7586
3249;3379;6628
7567;3381;10948
9740;2151;11891
2450;4867;7317
5243;9562;14805
6969;4790;11759
3697;4800;8497
9514;1853;11367
3986;1871;5857
5468;8406;13874
3336;7387;10723
5541;1552;7093
4080;5063;9143
9738;478;10216
3027;3010;6037
3861;2180;6041
115;1303;1418
1365;554;1919
9652;8711;18363
4261;2578;6839
8381;8133;16514
5062;3744;8806
5318;9037;14355
1980;9446;11426
4194;5416;9610
1666;5691;7357
3956;2258;6214
8002;9804;17806
6360;7719;14079
872;2990;3862
6620;7797;14417
9667;807;10474
8741;8857;17598
2661;5292;7953
8955;71;9026
5356;5044;10400
1631;6392;8023
6933;2053;8986
1297;2242;3539
6332;2521;8853
2793;2215;5008
8587;3217;11804
988;6196;7184
6883;8913;15796
3439;3233;6672
7424;7619;15043
1438;5223;6661
3115;244;3359
5750;3981;9731
9264;8729;17993
2377;779;3156
2229;777;3006
2293;4891;7184
5821;9985;15806
845;9958;10803
5925;8762;14687
2653;2653;5306
9480;9624;19104
1817;9928;11745
538;4649;5187
9497;1774;11271
1572;4604;6176
9502;201;9703
4707;8819;13526
5939;9441;15380
4680;6873;11553
7019;8105;15124
7833;3861;11694
3185;7950;11135
2812;6800;9612
2552;8126;10678
7128;2187;9315
300;4710;5010
6917;3265;10182
3320;5920;9240
856;9404;10260
3966;3908;7874
264;2254;2518
9640;8110;17750
1980;705;2685
1599;6171;7770
2700;3814;6514
1244;6728;7972
5038;4445;9483
5576;4943;10519
5006;3143;8149
420;9327;9747
2596;3866;6462
9336;1982;11318
1519;6946;8465
6204;231;6435
280;7074;7354
6009;8173;14182
4955;7669;12624
8298;1767;10065
9977;4560;14537
298;5142;5440
5077;585;5662
9240;4332;13572
2048;5925;7973
8047;1840;9887
9514;4796;14310
7290;8410;15700
9303;3346;12649
8089;4388;12477
13;5353;5366
8776;1298;10074
4796;617;5413
7446;6261;13707
9329;5069;14398
1170;3190;4360
9834;6069;15903
4566;8155;12721
9746;3213;12959
8009;7886;15895
78;8890;8968
5069;7099;12168
2091;3795;5886
1308;7046;8354
4422;2705;7127
2608;9205;11813
5623;2747;8370
2447;9544;11991
1126;7099;8225
9164;1880;11044
4963;3197;8160
4817;7912;12729
5928;5427;11355
3240;5512;8752
4202;619;4821
8288;1575;9863
2724;7366;10090
1095;5473;6568
636;8277;8913
7117;7286;14403
9758;586;10344
8468;2739;11207
9452;8404;17856
2465;2385;4850
8358;5992;14350
6039;3024;9063
9764;4686;14450
1140;6032;7172
6478;7861;14339
7682;5415;13097
8644;8508;17152
6624;8503;15127
764;7948;8712
4154;9954;14108
8159;5292;13451
3360;5042;8402
6045;6223;12268
6477;2232;8709
2308;578;2886
8624;518;9142
9288;7779;17067
1331;2443;3774
4714;8571;13285
2234;9068;11302
9541;4516;14057
409;9958;10367
9113;4795;13908
4089;1336;5425
330;6893;7223
3862;5811;9673
5674;7931;13605
9578;3043;12621
4627;7400;12027
5043;5792;10835
1824;8169;9993
6880;4561;11441
1585;2203;3788
3961;5559;9520
3203;7447;10650
712;6246;6958
7571;7026;14597
4365;2284;6649
9830;5094;14924
3515;7707;11222
6163;4520;10683
5334;5823;11157
4399;2839;7238
8747;7112;15859
8963;7792;16755
1084;4706;5790
4021;543;4564
1975;2642;4617
5048;9347;14395
6722;2644;9366
7070;7778;14848
679;6934;7613
666;7486;8152
2675;8956;11631
3583;1220;4803
9923;658;10581
8744;6719;15463
6950;8721;15671
9496;8841;18337
7849;1395;9244
2928;1754;4682
6489;1490;7979
2757;1587;4344
1590;1761;3351
1355;6030;7385
9375;3256;12631
2058;5693;7751
6481;8553;15034
5227;2727;7954
6851;7706;14557
2107;952;3059
5014;3;5017
1305;812;2117
7188;7806;14994
1683;2557;4240
3735;3133;6868
6028;466;6494
6803;1421;8224
6889;8392;15281
3960;6773;10733
9824;135;9959
1317;5433;6750
1102;4849;5951
9157;8440;17597
8957;7970;16927
1682;8267;9949
5355;6671;12026
5514;5722;11236
5646;5386;11032
3118;9048;12166
8561;1301;9862
5450;764;6214
1103;2367;3470
4272;7647;11919
9848;863;10711
7575;9251;16826
9240;2679;11919
4739;2131;6870
9920;5557;15477
3048;3786;6834
7792;3512;11304
4751;6320;11071
5355;2399;7754
6286;468;6754
2021;29;2050
5663;7084;12747
6897;923;7820
2832;6263;9095
2993;2608;5601
4729;5423;10152
35;4082;4117
7531;3634;11165
9560;7354;16914
131;2154;2285
3341;1391;4732
1136;3806;4942
7105;3957;11062
7015;1313;8328
4630;7252;11882
2075;2512;4587
2732;8855;11587
9012;1317;10329
8874;7081;15955
7644;8751;16395
7772;3758;11530
3283;7110;10393
8549;6880;15429
4153;4970;9123
5342;5782;11124
6950;7968;14918
9541;5670;15211
8208;8352;16560
365;5790;6155
1573;7487;9060
4016;207;4223
9149;6004;15153
5997;4285;10282
6663;1539;8202
656;9618;10274
4573;2959;7532
3424;6515;9939
1442;770;2212
6915;71;6986
2781;7317;10098
739;9408;10147
8905;5593;14498
3071;2101;5172
5276;6608;11884
3729;4226;7955
7720;7486;15206
5602;9310;14912
1910;3370;5280
8417;5973;14390
4095;2536;6631
619;3939;4558
7458;6482;13940
6253;7;6260
2727;6823;9550
9833;611;10444
7977;8061;16038
1330;5306;6636
5780;3042;8822
1589;7357;8946
2135;5793;7928
8979;1157;10136
7625;9986;17611
7565;6108;13673
4697;6410;11107
172;6641;6813
3770;6850;10620
7388;8277;15665
3486;459;3945
3498;2232;5730
404;4095;4499
7749;1052;8801
1087;2881;3968
5066;8795;13861
5603;4345;9948
7106;3784;10890
4838;732;5570
2585;2613;5198
9364;2618;11982
4107;6627;10734
2075;5149;7224
9712;544;10256
6178;9459;15637
6352;4180;10532
606;8934;9540
3653;3724;7377
3663;8373;12036
6947;8748;15695
3918;126;4044
3991;2926;6917
4504;2613;7117
1360;660;2020
6309;4363;10672
1479;2269;3748
657;4593;5250
1361;2253;3614
9117;951;10068
9080;1248;10328
6374;3304;9678
4121;555;4676
7729;2356;10085
1331;1971;3302
6091;6390;12481
3419;7796;11215
7697;1157;8854
4575;6980;11555
375;8708;9083
106;8133;8239
6420;776;7196
264;8662;8926
1058;4956;6014
9450;4437;13887
1725;2060;3785
5709;8991;14700
1101;2689;3790
5011;6180;11191
1644;2172;3816
423;500;923
2375;4410;6785
5966;3778;9744
4204;5073;9277
5010;5320;10330
3174;3163;6337
8393;3118;11511
1098;6930;8028
5791;4420;10211
8824;5694;14518
4277;437;4714
9453;1872;11325
7490;654;8144
2539;7078;9617
1563;4591;6154
4613;1751;6364
8467;2497;10964
7697;8720;16417
5347;630;5977
5650;6186;11836
9103;762;9865
3915;450;4365
8220;5038;13258
1547;3977;5524
6750;7053;13803
3023;1964;4987
8597;3941;12538
9789;1330;11119
7801;8825;16626
9919;3320;13239
8818;9863;18681
5653;205;5858
6766;5400;12166
6194;510;6704
1838;7769;9607
4673;5428;10101
7263;8562;15825
2030;2952;4982
9650;2655;12305
456;956;1412
6515;9810;16325
3075;6558;9633
5417;9817;15234
3255;4421;7676
6929;4558;11487
9787;555;10342
1624;4553;6177
1979;2035;4014
3716;583;4299
9965;8181;18146
776;9525;10301
2057;9419;11476
3158;38;3196
2505;6745;9250
6507;2321;8828
5064;5274;10338
7080;8764;15844
1376;4087;5463
3462;972;4434
9578;7912;17490
919;7686;8605
2306;5876;8182
3765;1258;5023
245;9872;10117
8346;226;8572
4717;1306;6023
7010;3296;10306
6594;1928;8522
9026;354;9380
570;290;860
9774;5739;15513
1018;5040;6058
9130;1517;10647
2762;5013;7775
1864;7969;9833
7056;2299;9355
8218;4625;12843
8536;9405;17941
241;2825;3066
7280;5319;12599
2997;7028;10025
4312;7257;11569
6076;5840;11916
4994;2950;7944
4091;4424;8515
7317;1236;8553
769;2842;3611
8447;7726;16173
7119;7970;15089
98;6703;6801
1357;663;2020
3066;3630;6696
1924;147;2071
5775;407;6182
6673;8567;15240
1618;3526;5144
9580;2786;12366
6680;5648;12328
3898;8550;12448
7250;2587;9837
5221;3633;8854
5704;5084;10788
837;5613;6450
5417;3230;8647
245;7088;7333
1491;5208;6699
3112;6573;9685
1992;7306;9298
7604;5606;13210
8450;9689;18139
8099;9021;17120
2643;7226;9869
250;5969;6219
4071;8363;12434
7284;856;8140
288;9337;9625
8942;4498;13440
5717;1810;7527
9747;1693;11440
9533;1400;10933
4144;1620;5764
576;4432;5008
2235;5526;7761
8882;2892;11774
1992;2077;4069
9111;725;9836
4424;4472;8896
9095;9721;18816
9113;485;9598
920;6724;7644
5209;6625;11834
6058;6614;12672
5078;6879;11957
5147;9548;14695
9579;2307;11886
3898;5475;9373
7404;2976;10380
2724;3016;5740
8702;4507;13209
9672;9561;19233
260;4838;5098
9762;9466;19228
2577;3480;6057
4068;8216;12284
4757;6692;11449
9813;7888;17701
1193;8283;9476
1980;2362;4342
6421;4903;11324
7448;6714;14162
6356;7864;14220
1660;3859;5519
8214;1467;9681
5670;9739;15409
5077;3929;9006
3227;9451;12678
4660;5511;10171
8388;4842;13230
519;3027;3546
8841;3583;12424
2984;6533;9517
3053;4455;7508
1384;4110;5494
2047;6281;8328
975;3399;4374
3834;9861;13695
1179;692;1871
3498;1361;4859
6879;9947;16826
5554;8351;13905
8234;8438;16672
5950;8193;14143
4190;8002;12192
9618;9235;18853
5160;985;6145
9056;5042;14098
64;7725;7789
3410;2201;5611
3864;565;4429
6258;4585;10843
7167;2494;9661
567;1732;2299
1508;6345;7853
831;6546;7377
2648;980;3628
5997;7451;13448
7036;2039;9075
7608;8414;16022
2920;7406;10326
9651;8657;18308
2219;7804;10023
7572;412;7984
5924;4887;10811
4860;5991;10851
1015;4956;5971
3756;1607;5363
6189;8590;14779
8685;3113;11798
5035;972;6007
5146;2463;7609
7314;8077;15391
3716;5996;9712
27;229;256
119;4776;4895
7031;9221;16252
725;67;792
386;8173;8559
7589;6889;14478
1663;5936;7599
1512;7520;9032
3884;4994;8878
752;3967;4719
7692;6148;13840
3962;6319;10281
4010;5001;9011
5708;6436;12144
2129;9062;11191
717;1679;2396
1632;224;1856
4296;5516;9812
6726;3284;10010
9207;924;10131
8716;137;8853
3141;975;4116
4670;403;5073
6878;3471;10349
9290;2412;11702
429;1100;1529
1355;1890;3245
662;8606;9268
3772;113;3885
6690;6878;13568
1030;1558;2588
6682;2202;8884
1297;7612;8909
202;6852;7054
8527;8865;17392
5731;7098;12829
7944;8818;16762
9886;6943;16829
9223;814;10037
9085;8151;17236
7818;137;7955
9550;552;10102
8632;5083;13715
3565;2050;5615
173;8181;8354
6683;4708;11391
6290;6981;13271
8831;1067;9898
2388;8649;11037
1587;5361;6948
5444;7959;13403
284;9276;9560
2810;3669;6479
1647;4025;5672
3998;4882;8880
1680;6650;8330
5467;3469;8936
7601;3179;10780
6538;3300;9838
9853;7061;16914
4880;5038;9918
6094;9053;15147
9424;9507;18931
7241;2680;9921
8190;9512;17702
2640;6081;8721
3061;7573;10634
8147;4846;12993
1425;1483;2908
7779;3218;10997
33;3878;3911
3641;772;4413
9660;9373;19033
7845;9993;17838
274;4376;4650
9996;6685;16681
9069;5691;14760
2650;8696;11346
1017;5257;6274
3787;2776;6563
7934;8198;16132
3000;8428;11428
4890;6673;11563
5238;9658;14896
7937;6253;14190
9412;9857;19269
3768;3188;6956
6820;6524;13344
3143;8224;11367
3455;1754;5209
6066;8118;14184
1115;6603;7718
759;4156;4915
2818;4940;7758
5743;7892;13635
1321;8750;10071
2497;4245;6742
537;6461;6998
9492;9941;19433
2263;7995;10258
4002;9702;13704
2808;8094;10902
3875;9521;13396
8;2037;2045
874;4409;5283
8864;6044;14908
490;6323;6813
7724;7776;15500
361;9697;10058
6651;5365;12016
3510;6841;10351
7638;8998;16636
8534;6235;14769
3091;6117;9208
2481;1375;3856
4420;391;4811
6106;1332;7438
2490;3509;5999
9222;2239;11461
3574;8683;12257
2197;1646;3843
2761;8098;10859
8891;9617;18508
5920;577;6497
2531;1950;4481
4321;7490;11811
9512;4856;14368
5383;6939;12322
3658;7520;11178
6964;9884;16848
137;6546;6683
9820;8423;18243
8136;4053;12189
6014;2910;8924
8397;9184;17581
4866;2047;6913
7324;5478;12802
7150;5134;12284
4870;3850;8720
8861;2259;11120
2308;8612;10920
6507;8414;14921
8318;5686;14004
7113;1859;8972
5787;2750;8537
6291;8667;14958
2335;5450;7785
2914;9948;12862
6170;1790;7960
9871;5485;15356
7771;1242;9013
6505;3380;9885
6905;7703;14608
6019;3452;9471
9607;9653;19260
3937;3380;7317
4317;8459;12776
804;8701;9505
7841;9953;17794
8771;5187;13958
8151;4350;12501
9639;6259;15898
2876;1897;4773
813;2654;3467
2602;985;3587
9335;851;10186
4301;4961;9262
7853;6487;14340
4501;8759;13260
9773;98;9871
8007;666;8673
2279;3450;5729
7751;3671;11422
1651;3150;4801
3915;5207;9122
3110;6571;9681
9081;2863;11944
5734;8832;14566
8026;1131;9157
4650;5548;10198
1477;4843;6320
3277;5319;8596
7044;6975;14019
753;6562;7315
9742;2898;12640
5774;5905;11679
9773;8878;18651
8675;3654;12329
5551;6021;11572
6058;3559;9617
9279;2849;12128
1042;8222;9264
9907;7723;17630
9190;8665;17855
7184;7219;14403
2566;5333;7899
5212;4478;9690
3608;463;4071
445;3747;4192
589;6018;6607
7984;9424;17408
1699;2892;4591
1883;9568;11451
5052;8362;13414
3343;9763;13106
1835;3703;5538
6789;4705;11494
9869;981;10850
3264;2529;5793
1485;2821;4306
4128;1910;6038
443;2194;2637
5579;9527;15106
9652;3064;12716
4321;9337;13658
3725;1251;4976
1692;5048;6740
6735;4279;11014
1276;5536;6812
1691;6228;7919
5944;7359;13303
2719;9842;12561
5839;1739;7578
4854;8568;13422
3920;1853;5773
5349;8619;13968
1154;5868;7022
4918;7571;12489
9410;6591;16001
7581;5486;13067
2982;5541;8523
1476;4459;5935
4882;218;5100
8618;6618;15236
7844;8255;16099
1075;9649;10724
4064;8780;12844
3176;6548;9724
1283;6;1289
5775;3284;9059
9131;7691;16822
2689;1375;4064
505;3054;3559
9426;416;9842
4774;6535;11309
4190;677;4867
7484;1892;9376
4634;7815;12449
9530;5839;15369
3472;3884;7356
1611;9464;11075
8533;7060;15593
3022;3129;6151
8958;1072;10030
1372;9778;11150
2333;1898;4231
4581;5151;9732
7959;1768;9727
7406;6001;13407
7598;8870;16468
2606;4755;7361
5946;7534;13480
7649;5955;13604
6699;3082;9781
5914;8999;14913
500;1970;2470
7764;2881;10645
3008;9325;12333
2200;9843;12043
7302;7646;14948
7211;5958;13169
5925;2856;8781
6696;926;7622
5419;50;5469
5538;3321;8859
7320;3506;10826
6889;707;7596
9276;6620;15896
4354;3882;8236
4891;3793;8684
3044;8186;11230
6259;1802;8061
8943;1828;10771
410;6884;7294
2123;9247;11370
385;8422;8807
312;9461;9773
6125;8414;14539
9796;5819;15615
4512;3932;8444
2583;2051;4634
4898;6616;11514
7328;8980;16308
3914;8517;12431
7213;9161;16374
1087;6129;7216
1263;8198;9461
5721;9714;15435
1878;9808;11686
6947;3001;9948
7557;3235;10792
8180;1986;10166
7540;8161;15701
6000;2509;8509
3459;9823;13282
1632;2170;3802
7096;7488;14584
3648;5941;9589
209;4504;4713
4768;4035;8803
6926;2568;9494
6313;7597;13910
8715;359;9074
8684;5034;13718
5378;6857;12235
7990;8227;16217
7107;8068;15175
4134;620;4754
2868;7408;10276
325;2890;3215
6663;1538;8201
1892;586;2478
7880;3049;10929
1170;6551;7721
4773;2732;7505
7767;3821;11588
2789;2524;5313
5070;6810;11880
2399;5785;8184
6300;9024;15324
348;9307;9655
9771;7103;16874
1514;6477;7991
8329;3111;11440
9368;4178;13546
516;1656;2172
3903;7830;11733
2323;369;2692
4111;6711;10822
1466;9981;11447
7430;5828;13258
8690;9191;17881
411;4622;5033
3317;282;3599
4135;3684;7819
2684;7640;10324
9284;3478;12762
6881;3894;10775
521;6433;6954
443;5581;6024
1785;3481;5266
3904;430;4334
4974;7435;12409
6756;1733;8489
2536;2115;4651
8595;9148;17743
9564;7466;17030
5170;2783;7953
2934;5541;8475
424;2442;2866
5372;1157;6529
5779;5853;11632
6683;7092;13775
2616;8834;11450
7555;543;8098
8791;5378;14169
6852;3426;10278
7283;4936;12219
1187;4257;5444
25;6495;6520
8141;9153;17294
9555;5814;15369
9078;4584;13662
1772;8320;10092
4776;9194;13970
8644;4564;13208
3859;5134;8993
6623;2194;8817
623;1866;2489
7134;4999;12133
863;1467;2330
4791;2168;6959
7575;3553;11128
8442;3673;12115
824;7314;8138
1890;1992;3882
7511;1563;9074
9837;9768;19605
3814;9770;13584
5076;9898;14974
9492;2710;12202
2885;3485;6370
2340;2261;4601
6874;8796;15670
2684;3764;6448
3843;7475;11318
2360;4128;6488
3742;2296;6038
2010;7051;9061
8695;1418;10113
4602;8566;13168
5974;6296;12270
941;6174;7115
8158;4198;12356
6706;2742;9448
2502;1102;3604
5491;9038;14529
79;4387;4466
9559;8483;18042
9526;8247;17773
4132;3083;7215
1146;2274;3420
8162;4805;12967
1364;3999;5363
7043;7724;14767
6427;5312;11739
4229;2173;6402
6953;3111;10064
4732;2775;7507
2223;9550;11773
3421;9158;12579
9985;512;10497
8467;1565;10032
3062;3752;6814
704;2828;3532
8813;4566;13379
3441;8877;12318
4325;2032;6357
4854;5124;9978
1918;1824;3742
9476;7457;16933
8847;5777;14624
1788;4015;5803
1220;9227;10447
174;8576;8750
8065;4594;12659
5907;4868;10775
7490;7980;15470
4474;3915;8389
4380;6814;11194
2453;5753;8206
5022;7474;12496
296;2447;2743
7870;5655;13525
8457;754;9211
6628;2204;8832
5856;5494;11350
4137;6173;10310
8272;3844;12116
4202;5428;9630
5189;1090;6279
4400;8193;12593
6396;9187;15583
8169;2567;10736
8156;8187;16343
7196;9264;16460
1524;117;1641
5471;8406;13877
9757;9722;19479
5072;5004;10076
8708;9295;18003
4476;6312;10788
3109;455;3564
6458;2572;9030
295;8207;8502
5043;7725;12768
493;1091;1584
224;7293;7517
4878;9653;14531
2210;2044;4254
6687;6441;13128
3887;7939;11826
1991;6415;8406
5952;6484;12436
2038;5708;7746
97;8114;8211
7320;9884;17204
6819;5200;12019
736;9375;10111
5165;4615;9780
9427;2236;11663
396;4406;4802
5516;9866;15382
1194;9595;10789
5508;6292;11800
6701;3591;10292
2146;2734;4880
7217;5145;12362
6132;9613;15745
3196;5180;8376
787;3837;4624
3968;9362;13330
4116;5218;9334
4692;3944;8636
6289;9366;15655
3362;4772;8134
9912;3443;13355
3297;9804;13101
3625;2576;6201
7516;3063;10579
4466;9585;14051
9868;8005;17873
819;5916;6735
9324;8823;18147
8471;2882;11353
8227;8505;16732
1185;1540;2725
5394;6036;11430
1638;2717;4355
3643;3843;7486
5403;5285;10688
2243;7584;9827
9856;9294;19150
5418;1777;7195
593;4785;5378
502;8371;8873
2236;6062;8298
4433;7506;11939
7525;3728;11253
9159;5275;14434
5994;8738;14732
2960;2250;5210
3255;6079;9334
3044;3625;6669
9839;8786;18625
3126;8854;11980
2432;1292;3724
2199;7775;9974
5377;8410;13787
9260;2567;11827
4161;7982;12143
709;5605;6314
6914;2436;9350
1014;4410;5424
720;489;1209
5136;1273;6409
3985;8705;12690
5920;2844;8764
606;4217;4823
6302;2921;9223
2292;4429;6721
3914;2610;6524
5274;7172;12446
1216;9342;10558
5121;8353;13474
8683;9565;18248
3946;2880;6826
3438;2217;5655
4725;5466;10191
9154;7083;16237
6805;2195;9000
2679;8002;10681
8337;2307;10644
8755;4050;12805
3782;3217;6999
9720;1341;11061
2121;85;2206
5920;4794;10714
5183;544;5727
8540;3685;12225
6841;2840;9681
2178;3217;5395
1239;6757;7996
3916;5980;9896
4257;7775;12032
1495;8244;9739
3665;789;4454
9443;5407;14850
7340;1479;8819
8573;8025;16598
3211;2712;5923
6237;1455;7692
464;9468;9932
3137;2353;5490
57;7695;7752
8190;4087;12277
6356;1092;7448
5613;2385;7998
7472;947;8419
7819;6132;13951
5021;9070;14091
8702;8739;17441
7272;1507;8779
3236;2585;5821
701;2558;3259
4451;3541;7992
6555;7273;13828
7008;4275;11283
8307;8632;16939
3457;167;3624
9300;3457;12757
4789;1409;6198
9550;7753;17303
9681;7882;17563
9425;4136;13561
4599;9075;13674
9009;7139;16148
4466;8033;12499
6396;8264;14660
3601;5176;8777
9383;4039;13422
377;643;1020
1565;1737;3302
7671;3743;11414
8144;7284;15428
1973;489;2462
5470;8324;13794
3516;4788;8304
1852;9135;10987
4510;206;4716
4762;1631;6393
5833;2558;8391
4793;8480;13273
8594;3437;12031
9678;8853;18531
1683;1081;2764
9334;3317;12651
2824;8306;11130
1253;9329;10582
8151;1493;9644
2426;7855;10281
5109;6551;11660
3962;3393;7355
1423;7899;9322
4055;4249;8304
1361;7472;8833
5130;1350;6480
6477;1230;7707
3036;7207;10243
7392;6647;14039
1042;3521;4563
8784;9317;18101
8710;7516;16226
9239;9880;19119
6426;4114;10540
7997;8688;16685
2673;3735;6408
9265;4906;14171
7013;7756;14769
7137;3986;11123
8;7500;7508
8120;4553;12673
4604;1349;5953
7006;4860;11866
7221;144;7365
5017;3478;8495
1368;1732;3100
6024;7036;13060
3258;8069;11327
3451;7757;11208
8633;9763;18396
9827;2464;12291
4949;5334;10283
671;8781;9452
5427;4966;10393
9331;2897;12228
2046;5127;7173
601;2645;3246
1524;2192;3716
3968;7696;11664
5342;7167;12509
4829;2036;6865
6636;7577;14213
9641;1783;11424
607;4075;4682
4782;8446;13228
5339;4468;9807
1028;1014;2042
268;6658;6926
4448;2850;7298
8305;4834;13139
6333;7621;13954
7152;5136;12288
9337;5033;14370
654;256;910
8185;5002;13187
356;3125;3481
289;532;821
9649;9352;19001
855;9262;10117
1666;7151;8817
3375;68;3443
6402;613;7015
5035;6247;11282
8758;3799;12557
8141;5521;13662
6104;9765;15869
5778;9227;15005
2140;3184;5324
9447;166;9613
6458;8434;14892
4585;1497;6082
2525;3389;5914
5734;5063;10797
4100;5991;10091
7265;335;7600
6152;5250;11402
7795;1533;9328
9146;3933;13079
5045;9333;14378
9694;3209;12903
5864;6576;12440
9252;5695;14947
2375;4282;6657
668;1949;2617
3467;3918;7385
3469;854;4323
7350;5579;12929
6587;1644;8231
4595;9534;14129
5923;3595;9518
6237;3948;10185
3178;1893;5071
9604;7665;17269
9303;9657;18960
8782;4375;13157
1751;9983;11734
5191;1618;6809
2231;8549;10780
6448;9955;16403
8825;6015;14840
464;5672;6136
6520;1417;7937
43;6744;6787
9503;5440;14943
878;4935;5813
8581;2869;11450
7596;7526;15122
3390;7561;10951
2068;7527;9595
5077;7307;12384
5639;1347;6986
9626;3943;13569
5497;5238;10735
1876;7865;9741
1316;3337;4653
7595;6123;13718
3015;3172;6187
9243;4954;14197
1560;8901;10461
1633;7006;8639
6461;7625;14086
7806;1089;8895
6082;864;6946
5661;6806;12467
1918;2061;3979
7904;6554;14458
4278;2797;7075
2211;1311;3522
4268;6801;11069
5650;9200;14850
6466;9131;15597
5922;5322;11244
1593;3207;4800
6915;6935;13850
5555;963;6518
9303;5745;15048
2485;2071;4556
2830;451;3281
8171;6831;15002
9782;502;10284
5288;7522;12810
3940;2011;5951
6529;7519;14048
2112;973;3085
6371;9790;16161
6987;5992;12979
5078;2343;7421
8939;9859;18798
589;4789;5378
1270;6273;7543
2313;3968;6281
9539;5691;15230
5794;968;6762
7808;6679;14487
6546;7659;14205
2824;9405;12229
3172;5453;8625
4987;7751;12738
5973;5582;11555
3341;8758;12099
9951;7614;17565
6355;5874;12229
3099;3066;6165
8551;9939;18490
6273;3683;9956
7870;4832;12702
3111;6726;9837
4908;2498;7406
2577;7815;10392
6430;1974;8404
6191;2923;9114
3726;7087;10813
9685;1529;11214
8090;8505;16595
9468;1079;10547
1145;3209;4354
1745;4180;5925
54;277;331
8373;6627;15000
4822;1820;6642
6814;7453;14267
1896;1117;3013
614;2530;3144
2446;6353;8799
7258;9311;16569
8646;7513;16159
1726;5352;7078
5674;2659;8333
8017;4969;12986
5698;714;6412
8439;4169;12608
8559;1484;10043
1129;4663;5792
5719;2761;8480
3968;4761;8729
5877;8047;13924
8874;1887;10761
9032;127;9159
8449;3254;11703
3295;4761;8056
6557;4758;11315
9087;7867;16954
2346;2020;4366
5890;1968;7858
4739;2236;6975
4183;9793;13976
4419;8992;13411
9925;8856;18781
2643;1635;4278
5906;6316;12222
2300;1824;4124
4880;9948;14828
6425;1799;8224
1119;855;1974
1316;1058;2374
1749;4922;6671
9976;6774;16750
1634;891;2525
4714;5193;9907
898;2475;3373
4646;8871;13517
2396;4999;7395
2073;6501;8574
410;7496;7906
8104;3315;11419
4797;3796;8593
9427;5178;14605
1104;3695;4799
1636;5914;7550
1058;5123;6181
292;7205;7497
7737;5169;12906
2522;6327;8849
4474;8588;13062
642;2034;2676
2118;4169;6287
5020;6687;11707
4476;6412;10888
3864;2576;6440
814;3312;4126
9711;5356;15067
5854;8994;14848
8446;2723;11169
4664;9352;14016
2132;8764;10896
1638;2474;4112
6159;9251;15410
6429;9043;15472
9415;4954;14369
3986;1695;5681
8403;3280;11683
1879;6276;8155
2665;2078;4743
9408;8594;18002
7851;3502;11353
3747;1649;5396
8229;5114;13343
7036;1020;8056
1756;7725;9481
7659;2460;10119
9168;4681;13849
9791;94;9885
6717;9172;15889
274;4405;4679
7399;2190;9589
8349;5549;13898
6546;7919;14465
2991;4491;7482
8229;9839;18068
6430;960;7390
4527;1765;6292
9814;6785;16599
3081;1442;4523
377;6567;6944
5377;2050;7427
2122;8824;10946
5529;5044;10573
9486;3568;13054
7570;2775;10345
572;7376;7948
1397;4650;6047
4387;9171;13558
9776;2499;12275
4498;218;4716
1029;5770;6799
3097;1035;4132
8993;633;9626
7409;4901;12310
8285;5758;14043
2214;9444;11658
7630;806;8436
5743;3937;9680
5962;9687;15649
9479;3685;13164
6563;9279;15842
8346;935;9281
4986;1889;6875
5244;7434;12678
9610;8807;18417
937;4623;5560
7236;3538;10774
1261;3261;4522
3421;3594;7015
6752;192;6944
3855;2262;6117
1827;1622;3449
1380;6621;8001
6951;440;7391
2145;4788;6933
6756;3031;9787
9364;9117;18481
7868;7168;15036
908;8804;9712
9797;72;9869
7791;4644;12435
7731;6573;14304
7311;6555;13866
2083;491;2574
6360;5706;12066
7438;2093;9531
8933;3151;12084
6894;6155;13049
3251;7431;10682
6130;2853;8983
1592;4726;6318
5737;1392;7129
8141;9255;17396
5700;9597;15297
233;6180;6413
2058;5697;7755
2700;3642;6342
8967;9773;18740
4380;607;4987
4474;9420;13894
8006;8581;16587
3299;9749;13048
926;9797;10723
3007;2291;5298
2082;5447;7529
2606;263;2869
7534;9259;16793
4113;4574;8687
2708;2857;5565
1436;7998;9434
452;762;1214
4931;2700;7631
2397;6529;8926
4360;377;4737
9628;3731;13359
1598;1785;3383
6147;1846;7993
5986;5381;11367
6949;1638;8587
6250;2761;9011
4982;8187;13169
6946;7323;14269
3883;7553;11436
9486;5657;15143
1418;1027;2445
8022;9179;17201
2716;9042;11758
7994;9879;17873
7226;6679;13905
6204;9910;16114
8248;3918;12166
7513;1929;9442
8230;6318;14548
1696;7949;9645
9697;9319;19016
7185;5660;12845
1240;8606;9846
1081;2964;4045
8438;4820;13258
3494;9861;13355
2022;1305;3327
1717;1287;3004
5260;4836;10096
7092;8374;15466
4545;5039;9584
3141;4803;7944
6706;8860;15566
2254;1403;3657
3881;8297;12178
5492;6118;11610
9901;8298;18199
2943;9143;12086
6232;7401;13633
9308;2789;12097
3739;8924;12663
1722;6688;8410
7466;2696;10162
4927;6737;11664
3489;9625;13114
4847;621;5468
9836;5740;15576
821;6019;6840
1157;2122;3279
5980;1903;7883
8710;482;9192
98;5903;6001
4897;451;5348
4249;7333;11582
2081;2232;4313
1404;5076;6480
6478;4351;10829
4826;9710;14536
5843;4487;10330
5242;3880;9122
872;6936;7808
9617;8699;18316
7605;8436;16041
4226;4818;9044
6338;4881;11219
7140;4447;11587
3322;1076;4398
9295;288;9583
1067;2768;3835
9788;5171;14959
521;4846;5367
6688;3539;10227
7503;2678;10181
3374;6893;10267
9878;2872;12750
1787;6326;8113
3693;3983;7676
7272;9368;16640
9843;710;10553
7955;8616;16571
9118;8163;17281
5081;4358;9439
4204;7387;11591
5681;5306;10987
4645;2982;7627
5426;8705;14131
7951;5417;13368
8485;8758;17243
8100;1443;9543
8098;5873;13971
705;6792;7497
9140;8701;17841
6653;687;7340
7751;9045;16796
4776;4056;8832
8917;4113;13030
6082;4932;11014
427;3108;3535
687;5572;6259
6899;9048;15947
4449;5502;9951
4868;6205;11073
2845;3847;6692
9961;611;10572
2547;9138;11685
7076;3704;10780
3867;7832;11699
4667;8859;13526
527;8821;9348
3011;6721;9732
1002;5684;6686
5757;7541;13298
5458;7753;13211
2701;1;2702
1777;5665;7442
2811;6977;9788
4973;2679;7652
1404;9375;10779
5957;3999;9956
7595;2372;9967
4502;4978;9480
4531;8457;12988
2996;412;3408
5758;636;6394
5071;7264;12335
1590;7845;9435
2468;6249;8717
7145;5104;12249
8535;9235;17770
456;3984;4440
3081;951;4032
2608;5776;8384
4347;7872;12219
4964;4221;9185
9338;598;9936
5119;8626;13745
7809;3283;11092
6313;4766;11079
2487;7511;9998
704;1409;2113
3328;3923;7251
3223;8576;11799
6518;1977;8495
497;9545;10042
2876;1559;4435
831;130;961
4503;7443;11946
6070;5438;11508
3981;2923;6904
7121;6501;13622
25;6845;6870
1188;3164;4352
8823;3770;12593
1405;9258;10663
4709;9037;13746
3882;871;4753
6774;2377;9151
4737;1652;6389
4858;3140;7998
5710;3731;9441
7090;4636;11726
6164;7902;14066
7522;1396;8918
8782;1667;10449
3018;882;3900
7913;3228;11141
5502;9029;14531
3928;9538;13466
757;9564;10321
8400;2119;10519
7163;2985;10148
1642;7991;9633
417;6783;7200
5084;6448;11532
3872;4382;8254
7594;8175;15769
3973;7129;11102
1831;832;2663
9771;5502;15273
2063;3944;6007
6895;9949;16844
5821;9924;15745
666;3576;4242
7541;3193;10734
9459;9440;18899
1914;7676;9590
6105;4957;11062
4289;5928;10217
4378;2936;7314
6541;5466;12007
5082;2069;7151
8288;8755;17043
493;1880;2373
8434;9787;18221
3634;3237;6871
8548;8999;17547
2576;7844;10420
8329;3483;11812
3616;5667;9283
8127;3897;12024
3227;2439;5666
3560;7878;11438
7314;5862;13176
1621;6171;7792
1506;2233;3739
2626;3023;5649
4932;18;4950
8291;4117;12408
9413;3055;12468
6025;1846;7871
6492;9790;16282
7916;7816;15732
1276;7466;8742
3276;2305;5581
7470;5970;13440
9895;4517;14412
260;1316;1576
3473;2218;5691
9327;3915;13242
7309;4439;11748
591;5221;5812
2591;4004;6595
8862;3637;12499
1810;7067;8877
5924;7379;13303
4492;2481;6973
3612;5962;9574
5614;2721;8335
8891;9356;18247
2570;5289;7859
9115;7;9122
5030;2390;7420
1773;7908;9681
5058;1193;6251
268;8127;8395
5205;3435;8640
5664;8380;14044
6355;4577;10932
608;7737;8345
8496;8514;17010
9499;8410;17909
4899;2288;7187
7700;2257;9957
5107;5752;10859
2079;2837;4916
3299;506;3805
6812;7252;14064
5286;3824;9110
2070;2015;4085
1526;6080;7606
5822;9563;15385
3035;4565;7600
7578;1341;8919
1143;7426;8569
490;2254;2744
7971;8382;16353
1713;6264;7977
9677;4784;14461
2256;4042;6298
5991;5235;11226
9154;3325;12479
1427;848;2275
4370;9038;13408
2989;3352;6341
3204;1581;4785
9872;7168;17040
3302;1666;4968
304;162;466
4028;3333;7361
9480;5560;15040
7250;8047;15297
7056;1935;8991
2153;6068;8221
9704;2723;12427
3761;7664;11425
1257;6790;8047
8234;9869;18103
2623;5047;7670
4664;7376;12040
1480;2295;3775
5300;8799;14099
9039;3389;12428
62;926;988
6040;6109;12149
5780;5928;11708
6715;9863;16578
1920;9905;11825
2365;4697;7062
9660;9574;19234
5601;2072;7673
4468;8271;12739
9443;9999;19442
5271;8605;13876
4250;6830;11080
3056;9160;12216
1031;4621;5652
7150;4745;11895
844;9029;9873
3038;847;3885
4589;384;4973
8360;2333;10693
5045;2652;7697
193;5212;5405
2047;4409;6456
8270;1514;9784
9122;6251;15373
886;7702;8588
7657;5721;13378
7519;2347;9866
2030;471;2501
9609;3306;12915
5764;5428;11192
4234;996;5230
1274;4566;5840
1361;8028;9389
6946;3772;10718
8358;8032;16390
197;2645;2842
8332;2899;11231
3456;8847;12303
3750;7813;11563
8557;9890;18447
4170;4208;8378
2474;7834;10308
5716;8755;14471
7141;4442;11583
1222;5797;7019
8122;9443;17565
5199;845;6044
8550;1806;10356
5039;5137;10176
8506;6015;14521
3384;8631;12015
3184;2886;6070
7960;1321;9281
5517;7815;13332
191;6962;7153
9810;1620;11430
5840;7676;13516
2554;3590;6144
4100;2107;6207
8773;1819;10592
9042;2693;11735
2985;3287;6272
5913;3636;9549
4148;9247;13395
1194;3006;4200
9511;2187;11698
7185;9874;17059
1235;288;1523
687;7994;8681
6673;5897;12570
642;4076;4718
5623;5433;11056
1329;6230;7559
2579;8723;11302
9423;8663;18086
6230;9601;15831
5549;269;5818
5541;277;5818
6522;1078;7600
8686;9926;18612
349;6887;7236
4353;958;5311
9428;1761;11189
6099;9951;16050
3106;5519;8625
1526;8407;9933
7264;7767;15031
5794;1012;6806
1680;8029;9709
7397;9974;17371
9811;8791;18602
2407;8400;10807
51;7961;8012
6029;585;6614
6719;778;7497
8724;1569;10293
7036;5029;12065
6407;1266;7673
8609;9800;18409
6984;4811;11795
8690;8788;17478
5655;5561;11216
197;7107;7304
9129;4283;13412
8647;8482;17129
4610;9546;14156
979;4307;5286
2506;5163;7669
3561;9742;13303
793;4228;5021
7312;8410;15722
3158;6589;9747
8849;6024;14873
6087;328;6415
6205;2991;9196
6148;1481;7629
8418;4283;12701
3790;727;4517
2983;7231;10214
3037;5129;8166
3103;20;3123
4449;8852;13301
9345;3158;12503
4482;3312;7794
5671;213;5884
663;7290;7953
337;2655;2992
1841;8821;10662
516;4777;5293
5542;5282;10824
3472;5994;9466
7158;5544;12702
8541;2813;11354
5893;3531;9424
3353;4806;8159
9130;2527;11657
658;9114;9772
6313;9491;15804
3159;2475;5634
9850;914;10764
5036;8052;13088
1856;2903;4759
575;7855;8430
7006;3218;10224
9079;6603;15682
3579;8563;12142
9888;4574;14462
7779;1064;8843
6363;3991;10354
2285;1369;3654
2123;4078;6201
2373;7754;10127
9106;2200;11306
4129;3793;7922
6544;630;7174
2585;5069;7654
9275;5006;14281
661;69;730
4918;9448;14366
7140;3679;10819
6563;5089;11652
8236;3440;11676
3112;1535;4647
5618;7405;13023
9736;232;9968
2139;7397;9536
8334;5622;13956
5523;1076;6599
7879;5585;13464
6403;2327;8730
5091;5493;10584
995;2481;3476
5149;6745;11894
2888;5731;8619
1347;5857;7204
1127;1332;2459
8961;4930;13891
2144;9484;11628
1243;2228;3471
6100;1265;7365
9320;9466;18786
4572;4762;9334
4426;3034;7460
2674;6395;9069
1301;342;1643
720;8786;9506
7617;418;8035
4833;9087;13920
9804;2370;12174
2933;6486;9419
1076;9064;10140
8730;6705;15435
205;3039;3244
771;4243;5014
3966;1952;5918
5857;8610;14467
4580;9136;13716
3738;1185;4923
9435;5238;14673
4240;1730;5970
9770;5123;14893
1287;8359;9646
7200;1083;8283
4090;6500;10590
2397;6028;8425
3345;9223;12568
5073;7701;12774
817;8574;9391
5749;8389;14138
1619;2091;3710
4189;8117;12306
9093;4695;13788
3625;4802;8427
8919;3262;12181
1344;5303;6647
4527;9377;13904
911;9149;10060
4771;8997;13768
8647;9870;18517
7248;9390;16638
8253;8204;16457
9333;9487;18820
2723;5143;7866
5214;9999;15213
7526;2656;10182
2303;1436;3739
1057;6613;7670
8921;6071;14992
3242;3632;6874
503;9930;10433
528;7450;7978
7365;6505;13870
6392;8904;15296
7532;9738;17270
302;7116;7418
718;4482;5200
9629;8474;18103
5369;8939;14308
8600;3548;12148
8409;4301;12710
2574;8200;10774
6797;5688;12485
269;3046;3315
6773;3957;10730
2127;6837;8964
9843;6222;16065
4844;2659;7503
5005;5428;10433
6203;3849;10052
1178;1366;2544
4822;9615;14437
6891;1779;8670
6729;4440;11169
4802;7625;12427
5946;4135;10081
280;4898;5178
5736;944;6680
5700;3914;9614
3625;3643;7268
554;7202;7756
5367;8764;14131
7408;9452;16860
5121;2229;7350
2960;9290;12250
1188;7616;8804
1914;9109;11023
7683;5856;13539
8772;419;9191
9686;8053;17739
6306;6233;12539
8645;2261;10906
5095;9757;14852
5299;6955;12254
9218;5358;14576
5977;5123;11100
550;8288;8838
8407;9259;17666
4543;1135;5678
1905;6123;8028
522;7683;8205
7845;8340;16185
1816;4119;5935
4945;8091;13036
4068;7012;11080
4613;2715;7328
9749;9594;19343
1624;335;1959
422;2419;2841
9608;6369;15977
6198;3615;9813
3356;6036;9392
2382;7450;9832
9353;7516;16869
8418;7770;16188
558;6800;7358
6224;6283;12507
1811;5002;6813
6145;4509;10654
2329;3299;5628
7315;3633;10948
6295;2095;8390
2445;5358;7803
9697;5550;15247
8079;9815;17894
4666;1595;6261
408;9768;10176
2271;8103;10374
7122;2248;9370
6983;751;7734
9426;9114;18540
5297;5245;10542
4489;100;4589
8453;7056;15509
3485;5195;8680
8370;3513;11883
7739;2868;10607
5452;7206;12658
7042;1252;8294
9677;4184;13861
9032;8444;17476
3845;2314;6159
5628;6127;11755
2649;3724;6373
1433;9920;11353
5325;7112;12437
7980;8579;16559
3678;1912;5590
5652;5494;11146
6953;9503;16456
8748;8638;17386
3031;5611;8642
9392;507;9899
9436;3728;13164
5846;5679;11525
2631;70;2701
5680;536;6216
6049;2424;8473
6544;8264;14808
6228;9947;16175
9037;1417;10454
7975;7593;15568
7146;200;7346
1955;2916;4871
8871;8457;17328
5749;1184;6933
5415;7748;13163
4364;4540;8904
8413;458;8871
8760;4605;13365
3665;5458;9123
3077;9226;12303
7705;6029;13734
529;9397;9926
7449;1508;8957
740;935;1675
9416;9436;18852
3063;4555;7618
329;8967;9296
7004;9951;16955
9601;8409;18010
8046;3199;11245
6038;4212;10250
4612;7679;12291
6423;8648;15071
8964;8461;17425
7003;8345;15348
8170;5730;13900
2623;5764;8387
302;7970;8272
3109;9261;12370
730;2792;3522
1403;8629;10032
4419;1515;5934
3998;5674;9672
3217;2706;5923
2564;2480;5044
5749;4366;10115
6403;7847;14250
2198;6979;9177
6140;6514;12654
7831;8879;16710
2902;9037;11939
5148;7085;12233
9754;7328;17082
2842;9496;12338
5629;7251;12880
7129;4365;11494
1320;7127;8447
6888;1291;8179
4189;9489;13678
4541;9919;14460
6449;9476;15925
1124;4734;5858
6571;5204;11775
1086;3415;4501
349;1572;1921
868;2780;3648
4365;9209;13574
4684;6764;11448
1226;9173;10399
4908;1221;6129
1415;5046;6461
2333;8715;11048
5363;8856;14219
1844;6658;8502
4006;6311;10317
9054;2559;11613
5410;3892;9302
9431;2366;11797
3180;6879;10059
1826;4158;5984
1080;3699;4779
7636;9560;17196
5735;2413;8148
8565;5849;14414
6822;1527;8349
7924;1657;9581
7100;3650;10750
8313;5956;14269
1533;4739;6272
3721;6559;10280
416;5155;5571
4433;3199;7632
1815;6621;8436
1400;5269;6669
2367;7299;9666
8571;5546;14117
1645;5360;7005
7367;1458;8825
1214;4151;5365
7519;6421;13940
5656;2325;7981
1664;9294;10958
7861;4471;12332
9534;4877;14411
6618;1758;8376
1000;7524;8524
2078;1185;3263
1240;1715;2955
449;3760;4209
9611;7461;17072
2364;8216;10580
8177;1545;9722
9520;5935;15455
6842;7054;13896
7938;2824;10762
332;5550;5882
7718;4804;12522
730;4;734
9035;8353;17388
8955;5308;14263
9968;5470;15438
7424;9678;17102
2772;1538;4310
9087;1055;10142
3037;6487;9524
3074;2124;5198
281;8450;8731
1766;6639;8405
3206;2640;5846
9783;4113;13896
4763;9295;14058
1910;8003;9913
5254;8909;14163
2322;3924;6246
1218;3240;4458
3644;9006;12650
1428;6656;8084
6342;5434;11776
8086;959;9045
5945;9734;15679
811;747;1558
2401;716;3117
2238;8912;11150
4026;6788;10814
4485;1093;5578
8341;9956;18297
1147;1806;2953
1107;228;1335
2657;430;3087
5380;5017;10397
9518;5302;14820
143;9363;9506
193;5951;6144
5565;706;6271
4342;597;4939
1853;1931;3784
5711;260;5971
6354;687;7041
4396;6464;10860
5167;4517;9684
2821;2413;5234
4920;6997;11917
4689;707;5396
8497;5107;13604
7066;8312;15378
8466;5013;13479
4174;8259;12433
8972;4293;13265
8341;5265;13606
5608;8188;13796
8320;1656;9976
2012;2344;4356
937;454;1391
335;9410;9745
1934;8976;10910
3522;5307;8829
3421;6190;9611
5700;860;6560
4741;1298;6039
2287;9841;12128
8927;4678;13605
9297;3538;12835
4685;940;5625
6849;8425;15274
5684;3144;8828
9571;4729;14300
734;6203;6937
4170;6286;10456
3482;9476;12958
5472;4670;10142
4063;166;4229
4732;3709;8441
9793;8255;18048
1279;3624;4903
5653;2580;8233
304;2432;2736
8145;8785;16930
5782;8191;13973
527;1225;1752
9672;2706;12378
4164;6344;10508
7123;9143;16266
2386;7442;9828
9932;3043;12975
1163;8670;9833
9161;4792;13953
1719;4707;6426
4313;7660;11973
9731;5162;14893
3350;4520;7870
9541;6219;15760
1035;8382;9417
4367;6327;10694
3512;1282;4794
2336;2736;5072
4856;9411;14267
4136;7238;11374
9917;4922;14839
7707;3644;11351
401;8618;9019
9769;2998;12767
3909;6340;10249
4459;706;5165
7960;606;8566
1198;3416;4614
9573;5218;14791
3979;6391;10370
5001;6305;11306
3958;1990;5948
5467;8497;13964
205;7968;8173
2075;7833;9908
4628;8635;13263
266;2371;2637
1864;1047;2911
5445;9737;15182
4376;3183;7559
5275;5183;10458
3707;5133;8840
8018;5689;13707
6923;8765;15688
4759;8010;12769
4014;5204;9218
4120;6736;10856
4366;7576;11942
7173;4582;11755
5468;422;5890
1678;4368;6046
3659;2595;6254
4098;1229;5327
769;7405;8174
253;1748;2001
3043;5506;8549
6376;3320;9696
8988;6027;15015
9005;8531;17536
1346;6788;8134
9578;6312;15890
5429;7606;13035
2554;7732;10286
2703;8293;10996
9234;8187;17421
3638;3816;7454
70;1333;1403
6665;2801;9466
121;9557;9678
2555;2373;4928
5894;2332;8226
2699;3401;6100
1167;596;1763
5689;3359;9048
2368;4577;6945
944;6314;7258
1331;7252;8583
271;4851;5122
6554;3053;9607
9711;9339;19050
3092;1466;4558
6019;1846;7865
59;112;171
252;7342;7594
303;5835;6138
4402;4147;8549
6141;8261;14402
1158;9226;10384
623;1830;2453
648;9180;9828
227;2636;2863
7916;72;7988
4993;7371;12364
9554;1378;10932
4791;5283;10074
3261;4942;8203
7481;3316;10797
3508;9935;13443
973;7840;8813
897;8489;9386
3653;5875;9528
5782;6;5788
3445;9874;13319
1278;2045;3323
2335;5741;8076
1713;1589;3302
1590;5112;6702
3938;3468;7406
8997;1475;10472
3100;8822;11922
59;8431;8490
1100;189;1289
2979;5818;8797
1474;6651;8125
5638;371;6009
8903;4020;12923
6422;4891;11313
2060;2833;4893
3344;1186;4530
534;2534;3068
2422;9723;12145
7008;5837;12845
8101;9529;17630
6373;5328;11701
6658;3932;10590
1881;985;2866
9325;4321;13646
4460;4176;8636
624;4713;5337
6509;7461;13970
2782;3800;6582
1819;7416;9235
5795;4323;10118
5434;9690;15124
5806;1514;7320
1639;6318;7957
3423;5725;9148
8520;7242;15762
2539;2015;4554
2166;3444;5610
215;8109;8324
6626;8955;15581
4156;7975;12131
7265;3550;10815
3542;5644;9186
3769;252;4021
5056;754;5810
4660;2204;6864
8592;7562;16154
2347;4305;6652
7224;9965;17189
9996;746;10742
8054;1908;9962
2610;4903;7513
2820;7718;10538
6079;4667;10746
5924;409;6333
1649;2272;3921
6207;1800;8007
4812;5932;10744
6260;9247;15507
1037;3888;4925
8978;7512;16490
2723;9822;12545
6692;344;7036
8178;4635;12813
7853;6008;13861
2606;710;3316
7669;2028;9697
9041;5471;14512
8443;2647;11090
2369;1311;3680
767;5719;6486
624;3393;4017
1814;1980;3794
8325;9099;17424
3329;4475;7804
6329;9498;15827
6248;7709;13957
1468;8750;10218
4551;3749;8300
3425;5020;8445
4114;4208;8322
5835;799;6634
9784;8167;17951
2761;329;3090
5196;2902;8098
8754;1803;10557
8922;1421;10343
4460;5686;10146
3583;2859;6442
9453;2349;11802
2049;8682;10731
783;3942;4725
1601;6717;8318
9093;1623;10716
3699;4140;7839
972;5500;6472
9786;9525;19311
4234;595;4829
7554;7197;14751
5991;214;6205
8273;6048;14321
9555;3783;13338
1167;9099;10266
1876;6461;8337
325;1228;1553
2834;4898;7732
911;4774;5685
1435;6511;7946
9442;2254;11696
340;4410;4750
1613;3935;5548
3431;1183;4614
9036;8987;18023
5694;6306;12000
7263;4101;11364
7719;1179;8898
2817;3497;6314
4955;6290;11245
7068;9703;16771
3645;2527;6172
6861;1379;8240
7709;6270;13979
2446;9040;11486
7267;2382;9649
9505;8463;17968
5183;1118;6301
7482;5140;12622
1704;8770;10474
3899;6809;10708
8766;5212;13978
4225;9747;13972
8888;2427;11315
2239;8459;10698
502;9745;10247
2018;3756;5774
2821;4395;7216
8915;145;9060
4289;1385;5674
5533;6545;12078
8108;6174;14282
8132;4441;12573
4837;9664;14501
5863;860;6723
1780;7765;9545
3336;9103;12439
6750;5867;12617
8641;4805;13446
3776;8578;12354
842;2564;3406
9360;5335;14695
907;2616;3523
5388;869;6257
2231;2617;4848
1492;2827;4319
3602;1777;5379
7435;7222;14657
7826;708;8534
48;5777;5825
5196;4762;9958
5670;8798;14468
5499;7078;12577
8799;3790;12589
1655;7744;9399
8508;4013;12521
534;8731;9265
4366;3530;7896
1379;9354;10733
5958;4007;9965
3398;4735;8133
5097;3157;8254
5224;2965;8189
2313;4400;6713
8672;1500;10172
3579;4940;8519
7987;3003;10990
7304;6675;13979
3807;7821;11628
6588;7847;14435
7683;9396;17079
9248;1712;10960
9833;1525;11358
5693;5170;10863
6419;2929;9348
7295;7186;14481
8083;2928;11011
3355;8724;12079
9793;122;9915
3509;9372;12881
109;3220;3329
535;3438;3973
1474;2221;3695
6935;399;7334
1706;6658;8364
4997;8949;13946
9131;6502;15633
5388;3469;8857
8645;7686;16331
9041;6090;15131
7009;8234;15243
4307;2993;7300
256;5094;5350
2908;7438;10346
9959;3444;13403
3056;2197;5253
1792;3508;5300
7898;4438;12336
324;846;1170
5173;1433;6606
9047;5075;14122
2504;8842;11346
2296;4955;7251
3699;9056;12755
4982;1047;6029
534;8010;8544
5264;6057;11321
9053;2955;12008
9313;363;9676
7833;6439;14272
6437;8517;14954
2597;8961;11558
3045;6544;9589
205;20;225
3555;897;4452
9918;8182;18100
5550;9986;15536
9003;5954;14957
8980;1075;10055
5006;7501;12507
8901;9429;18330
8373;1383;9756
1207;8281;9488
4645;8585;13230
6281;384;6665
2405;6888;9293
4442;1206;5648
6081;2965;9046
2236;625;2861
8369;1399;9768
3261;4369;7630
8876;46;8922
6390;6253;12643
9558;5322;14880
5972;3183;9155
5512;5978;11490
4916;8632;13548
9337;3750;13087
1481;8505;9986
1687;5011;6698
3499;5815;9314
1842;9190;11032
1254;7105;8359
6877;7669;14546
2490;9690;12180
8854;3898;12752
1029;1247;2276
338;7089;7427
350;2741;3091
7315;3926;11241
2118;7682;9800
4733;9674;14407
2684;8307;10991
2961;1820;4781
9509;7973;17482
8106;9768;17874
1648;5487;7135
2856;4663;7519
8083;2588;10671
9244;7223;16467
1630;1362;2992
4397;610;5007
633;6609;7242
2483;4577;7060
2977;6987;9964
3683;5628;9311
265;1624;1889
3773;8159;11932
4531;7510;12041
4968;5648;10616
4599;3847;8446
688;8000;8688
7548;7538;15086
4364;62;4426
4140;5478;9618
180;9899;10079
687;4347;5034
2265;1982;4247
2624;3424;6048
6507;1392;7899
4311;1668;5979
9881;4301;14182
8997;4003;13000
4284;8102;12386
931;6456;7387
9507;1028;10535
5452;3366;8818
5242;7068;12310
1869;518;2387
2706;1642;4348
5545;4215;9760
5739;5851;11590
3080;3056;6136
1440;7101;8541
2097;1449;3546
5736;5660;11396
9153;3509;12662
5629;7820;13449
6226;9190;15416
2076;6596;8672
9644;4367;14011
8967;1255;10222
1740;3765;5505
6793;3642;10435
5952;5265;11217
7263;3861;11124
1991;2045;4036
6896;9381;16277
122;5404;5526
7650;1441;9091
392;3854;4246
4300;1098;5398
1395;4286;5681
3503;8489;11992
1875;4607;6482
3032;4082;7114
8619;3001;11620
8670;5359;14029
4544;7369;11913
1632;708;2340
8767;8724;17491
1762;6162;7924
1190;9187;10377
2866;7041;9907
5834;2802;8636
4447;7461;11908
9677;4917;14594
2560;6298;8858
5160;5525;10685
3329;9412;12741
5273;334;5607
3039;147;3186
1174;3311;4485
3096;9754;12850
1522;8361;9883
1704;1748;3452
5487;3667;9154
1020;1871;2891
85;6196;6281
753;3387;4140
6880;5455;12335
180;8840;9020
8166;6907;15073
9182;466;9648
3595;5796;9391
689;4483;5172
6250;1909;8159
2911;523;3434
4451;4658;9109
205;6170;6375
6264;1349;7613
652;8460;9112
7311;6539;13850
4705;7444;12149
4958;2033;6991
9777;666;10443
4486;7123;11609
5805;2063;7868
7444;4908;12352
2159;86;2245
8343;4018;12361
6687;9011;15698
1399;2334;3733
7606;6301;13907
1473;6;1479
9806;4267;14073
9610;6475;16085
9725;2258;11983
5671;5623;11294
5914;2408;8322
8226;5105;13331
3161;3361;6522
6047;4840;10887
1689;4276;5965
747;2094;2841
7800;2536;10336
5002;5966;10968
6780;7118;13898
2379;5915;8294
9279;6502;15781
8951;7385;16336
8103;967;9070
4935;3512;8447
2598;6070;8668
9284;8806;18090
5933;7994;13927
2754;8986;11740
8340;8281;16621
4906;884;5790
4157;4828;8985
9390;5493;14883
1316;8425;9741
3149;5104;8253
334;492;826
2124;6589;8713
3336;6987;10323
5928;7858;13786
950;9776;10726
2421;7264;9685
3955;2050;6005
6292;8171;14463
434;7375;7809
1710;9592;11302
7497;4128;11625
1853;7508;9361
6649;8316;14965
3211;353;3564
5576;4980;10556
6313;6491;12804
7643;5405;13048
148;9476;9624
1027;4819;5846
661;2676;3337
6387;261;6648
6393;2473;8866
1142;7230;8372
6616;7669;14285
8603;6720;15323
9092;2629;11721
2439;7205;9644
5194;2205;7399
5932;9811;15743
392;2429;2821
6357;2378;8735
6975;3383;10358
2303;7028;9331
740;7224;7964
3488;7401;10889
7139;8329;15468
3990;6505;10495
3803;6257;10060
7080;4084;11164
7795;5620;13415
5201;9848;15049
2609;9413;12022
5827;1536;7363
6021;49;6070
6308;4831;11139
2505;8150;10655
2534;6093;8627
924;9178;10102
8584;8702;17286
2113;6817;8930
2754;3530;6284
1710;3669;5379
706;7110;7816
1212;4505;5717
6810;3574;10384
7001;3043;10044
4366;3096;7462
5843;7225;13068
7115;435;7550
1798;1352;3150
760;523;1283
7862;4507;12369
366;5427;5793
389;9684;10073
9741;417;10158
9867;228;10095
5403;7378;12781
8959;1764;10723
4250;5893;10143
6660;1108;7768
6967;3887;10854
1016;3865;4881
3416;9189;12605
6698;2019;8717
3844;7779;11623
3371;9648;13019
7466;4825;12291
5590;3977;9567
8837;5105;13942
4235;7369;11604
7762;4060;11822
8519;2584;11103
2714;2441;5155
9840;5014;14854
9071;4472;13543
708;7379;8087
7500;208;7708
2341;6425;8766
8694;1540;10234
8229;2923;11152
7477;5739;13216
2914;6573;9487
1622;528;2150
3342;2819;6161
9602;4762;14364
3144;9030;12174
3603;8259;11862
2326;5019;7345
9367;2886;12253
9531;3995;13526
1085;1422;2507
1387;461;1848
9732;8294;18026
2895;7279;10174
4271;9634;13905
6775;8207;14982
1478;6673;8151
2619;1380;3999
2164;133;2297
4354;8995;13349
9344;2641;11985
2143;89;2232
194;1524;1718
6030;7889;13919
281;6929;7210
5429;3936;9365
6787;7054;13841
3610;9993;13603
9031;3563;12594
4696;1789;6485
2946;2870;5816
9795;7867;17662
8252;2509;10761
1149;9918;11067
8389;5935;14324
4754;2328;7082
2351;3806;6157
1635;5316;6951
9577;3355;12932
3888;9183;13071
9641;6372;16013
1800;3050;4850
2759;2419;5178
9650;6828;16478
8229;6839;15068
6434;9298;15732
4078;8656;12734
71;9969;10040
1006;9790;10796
279;9127;9406
8535;1782;10317
8350;1996;10346
8873;4266;13139
6310;5562;11872
5994;4098;10092
3319;1820;5139
7654;3175;10829
7647;7843;15490
3445;8220;11665
430;2822;3252
9911;420;10331
4279;4139;8418
2312;7447;9759
7878;6868;14746
2006;285;2291
1932;8896;10828
3894;5161;9055
2341;9838;12179
1241;2756;3997
4361;7263;11624
8573;4628;13201
9512;5089;14601
377;6477;6854
7545;1247;8792
9740;5058;14798
1762;7720;9482
1009;2808;3817
1717;9363;11080
6069;5961;12030
7247;9943;17190
2469;6383;8852
8100;5240;13340
3571;5067;8638
5525;6786;12311
6608;7426;14034
4443;2934;7377
4226;2106;6332
910;8482;9392
6763;4716;11479
8417;9865;18282
1937;5623;7560
7816;2856;10672
1087;1469;2556
9348;2927;12275
6711;5057;11768
5422;2080;7502
4010;5216;9226
9712;8161;17873
962;9300;10262
8618;3559;12177
7216;3942;11158
4902;1982;6884
9810;2471;12281
1607;955;2562
2049;5980;8029
435;6731;7166
5899;3750;9649
9066;9943;19009
193;290;483
2415;7422;9837
6180;1972;8152
9760;7151;16911
8710;4992;13702
3829;751;4580
168;1601;1769
2170;8698;10868
2512;5437;7949
4915;5352;10267
6471;7555;14026
8815;7629;16444
4099;624;4723
3374;2805;6179
9486;8383;17869
8990;9296;18286
8276;3672;11948
9039;6801;15840
1789;1579;3368
4894;9582;14476
6786;8430;15216
3682;1765;5447
7485;7818;15303
999;3672;4671
6838;9417;16255
3305;4764;8069
2378;6452;8830
698;1947;2645
249;4052;4301
9905;3453;13358
3632;3741;7373
1617;6220;7837
8113;7706;15819
7170;1923;9093
3452;2157;5609
6023;9366;15389
5394;9758;15152
2292;5967;8259
1011;9600;10611
8382;5588;13970
117;6116;6233
2371;1078;3449
5014;1385;6399
9280;4227;13507
7002;983;7985
8788;5601;14389
2373;4897;7270
4519;70;4589
4047;8896;12943
4608;4153;8761
8843;8090;16933
424;1070;1494
1524;7506;9030
1256;8198;9454
5874;323;6197
4364;1500;5864
112;7837;7949
8451;2127;10578
9370;253;9623
920;4117;5037
9236;5428;14664
7287;4558;11845
7071;7621;14692
5383;5514;10897
781;5342;6123
423;5685;6108
9457;1845;11302
3266;1113;4379
8054;8394;16448
2549;887;3436
2797;702;3499
2753;2304;5057
2877;9751;12628
1402;4232;5634
3686;2339;6025
2716;9267;11983
9596;786;10382
3602;2008;5610
5459;1805;7264
6874;2169;9043
7201;321;7522
9057;1814;10871
9862;6123;15985
1746;8781;10527
3517;3357;6874
1717;3780;5497
484;508;992
3098;7497;10595
9993;2060;12053
3222;1633;4855
5679;6431;12110
7297;9236;16533
8695;3482;12177
420;5415;5835
6715;5213;11928
7086;2684;9770
431;1838;2269
9930;5188;15118
2346;2421;4767
2254;7213;9467
1129;3754;4883
2392;9168;11560
8036;9177;17213
5066;7993;13059
9433;6967;16400
5339;3820;9159
908;7224;8132
2047;9756;11803
1928;8455;10383
6139;5140;11279
1806;1383;3189
193;2643;2836
6770;8826;15596
4740;1318;6058
4766;1076;5842
4183;2076;6259
163;6507;6670
5351;3784;9135
3987;5159;9146
7289;9823;17112
4817;775;5592
5157;9001;14158
379;2343;2722
4872;6026;10898
3842;3192;7034
7988;9021;17009
4800;2839;7639
45;2032;2077
6116;3694;9810
9961;2249;12210
7807;5649;13456
7438;9437;16875
7401;6817;14218
4776;8706;13482
6946;761;7707
8906;1228;10134
3232;4222;7454
3418;6429;9847
7859;2555;10414
6282;7037;13319
5588;1561;7149
8825;3351;12176
6697;4990;11687
1118;605;1723
4762;9113;13875
6505;5733;12238
3248;5718;8966
2034;3126;5160
3718;2400;6118
4104;2649;6753
6190;9553;15743
2262;4734;6996
8591;6259;14850
5970;2436;8406
1128;1589;2717
6296;9196;15492
9085;9567;18652
8420;999;9419
6862;4339;11201
4799;430;5229
9759;7828;17587
7182;1894;9076
3045;7350;10395
5080;43;5123
9738;2444;12182
1126;1900;3026
8388;6303;14691
9177;8700;17877
145;5181;5326
3684;4229;7913
5205;8155;13360
4562;8052;12614
467;8282;8749
6854;3524;10378
2588;3463;6051
3187;2948;6135
2495;5391;7886
7679;671;8350
1427;568;1995
9589;68;9657
480;53;533
3639;1537;5176
9107;5339;14446
2612;4375;6987
7749;5711;13460
4441;9062;13503
8108;3695;11803
371;9198;9569
3109;2158;5267
5733;1457;7190
2923;1724;4647
4183;6388;10571
5523;9451;14974
6029;2589;8618
7851;9279;17130
307;2454;2761
8151;4582;12733
6774;4442;11216
2966;5886;8852
1796;1427;3223
8926;7454;16380
1310;8760;10070
1164;9362;10526
7121;8519;15640
2400;4293;6693
6278;6335;12613
1946;4571;6517
4808;6266;11074
1339;4330;5669
3366;8835;12201
490;4203;4693
4385;4441;8826
5784;3654;9438
6160;6785;12945
1450;7783;9233
7018;6045;13063
472;1464;1936
3764;5707;9471
5699;8300;13999
4524;7370;11894
3943;7312;11255
2862;6486;9348
1346;8031;9377
1052;94;1146
5230;6296;11526
5149;4694;9843
993;3352;4345
2557;6969;9526
3886;775;4661
1538;1872;3410
7758;1886;9644
8238;9583;17821
7875;7425;15300
1772;7674;9446
2558;673;3231
4876;6094;10970
4980;1001;5981
4095;2308;6403
3533;6620;10153
1982;4040;6022
6599;5481;12080
5298;8028;13326
663;2288;2951
379;5032;5411
7169;6307;13476
9789;528;10317
7069;1830;8899
4542;7329;11871
2766;1963;4729
7659;514;8173
1704;5257;6961
1738;6769;8507
6298;8238;14536
3702;1114;4816
5033;5790;10823
2398;3150;5548
3531;5913;9444
6554;2769;9323
7115;9331;16446
1991;7187;9178
4833;1980;6813
8366;3286;11652
4321;9100;13421
2030;6654;8684
1536;2903;4439
5928;8689;14617
1872;9709;11581
4340;2222;6562
1136;4378;5514
22;7;29
2002;8305;10307
7208;4416;11624
3;4536;4539
3594;5651;9245
8637;439;9076
4167;7425;11592
1906;6990;8896
3470;6195;9665
1142;5719;6861
5800;9011;14811
5748;7010;12758
8010;5782;13792
1672;1930;3602
4345;5726;10071
1608;1246;2854
5534;3975;9509
7847;1841;9688
5597;8337;13934
5630;9495;15125
4716;4437;9153
4888;761;5649
9107;9760;18867
400;7402;7802
4223;1118;5341
2844;4963;7807
3688;613;4301
4550;9323;13873
8118;2953;11071
9392;5194;14586
3443;9458;12901
3753;3505;7258
7579;2762;10341
4612;1259;5871
7186;8358;15544
9965;7186;17151
6295;8470;14765
4810;9783;14593
6027;5996;12023
772;1497;2269
8456;5951;14407
7555;435;7990
1814;64;1878
681;7423;8104
3160;3305;6465
5557;2054;7611
3712;699;4411
9612;8644;18256
4381;1892;6273
8412;7888;16300
5328;2070;7398
1;2375;2376
9291;810;10101
4253;708;4961
452;3140;3592
1517;9977;11494
1294;9127;10421
3475;2346;5821
5793;3503;9296
4680;3355;8035
1075;3784;4859
13;8144;8157
3215;8759;11974
1164;9460;10624
4186;3696;7882
6776;8868;15644
1905;8230;10135
4698;4414;9112
7655;6900;14555
1908;9976;11884
8393;7890;16283
3134;8068;11202
7004;1129;8133
5263;9709;14972
259;8704;8963
1587;8669;10256
5216;503;5719
1243;132;1375
463;9437;9900
9993;5201;15194
2024;8499;10523
4148;6499;10647
5052;3629;8681
542;7626;8168
9850;3088;12938
4965;9625;14590
2133;5422;7555
381;5079;5460
2582;133;2715
9749;9495;19244
6199;5931;12130
5964;8746;14710
8373;6044;14417
4289;6955;11244
733;5614;6347
2994;297;3291
7140;9974;17114
6903;161;7064
5710;8534;14244
82;2016;2098
1974;7899;9873
728;3739;4467
739;4978;5717
2199;1502;3701
3052;9923;12975
2603;4554;7157
7399;7234;14633
3265;924;4189
1140;9008;10148
5801;5450;11251
4838;8816;13654
3968;5841;9809
8565;5186;13751
7552;9316;16868
1635;58;1693
6501;9585;16086
5682;9542;15224
1850;6338;8188
3981;2485;6466
924;6967;7891
6843;6385;13228
4994;8630;13624
4775;8466;13241
9787;5686;15473
8537;3595;12132
7416;7520;14936
3152;5011;8163
4254;8010;12264
2766;5658;8424
655;5397;6052
2520;6587;9107
3491;8917;12408
8302;6427;14729
7288;3827;11115
8444;9805;18249
3725;9125;12850
6550;559;7109
1101;2881;3982
3817;5091;8908
1579;1877;3456
7015;7099;14114
1466;5721;7187
3032;673;3705
1958;1710;3668
3464;7473;10937
910;6593;7503
8117;11;8128
5386;6442;11828
2793;7783;10576
4193;1709;5902
509;6583;7092
4789;6869;11658
2937;3630;6567
5305;6359;11664
9676;7949;17625
1289;6939;8228
4008;527;4535
6768;4215;10983
6383;1052;7435
2599;4180;6779
5967;5376;11343
1414;7834;9248
5077;3283;8360
2336;65;2401
6135;7774;13909
3927;2680;6607
3514;4320;7834
7146;7699;14845
3997;5813;9810
5520;5658;11178
4464;9525;13989
4735;9459;14194
1602;5192;6794
5288;6768;12056
9502;2301;11803
5168;4824;9992
4859;9894;14753
3226;4898;8124
9251;8158;17409
6149;1197;7346
1408;4027;5435
9769;7067;16836
8346;7772;16118
9771;7501;17272
3268;7727;10995
7970;503;8473
2754;4708;7462
2489;3797;6286
5974;6069;12043
4722;9365;14087
6948;3136;10084
6754;9539;16293
7200;2087;9287
7149;2007;9156
4428;3307;7735
2914;3707;6621
3536;1125;4661
4007;7331;11338
522;8790;9312
7145;7946;15091
2656;8382;11038
9666;6239;15905
1829;4144;5973
741;8632;9373
8436;3644;12080
8674;7217;15891
2386;747;3133
2467;8971;11438
1883;4460;6343
421;8402;8823
904;2549;3453
9441;4824;14265
2233;2898;5131
9862;8600;18462
2272;8754;11026
6054;2817;8871
7390;2803;10193
934;9499;10433
2175;6785;8960
8524;7872;16396
4269;6121;10390
6995;3308;10303
313;1069;1382
9538;9613;19151
5166;2152;7318
8461;68;8529
3707;3244;6951
3344;558;3902
4626;1088;5714
839;6627;7466
2190;2813;5003
6192;2485;8677
6407;971;7378
139;3601;3740
8858;6644;15502
4643;4236;8879
8005;3131;11136
9452;1977;11429
5532;2194;7726
6924;8320;15244
753;8899;9652
7781;6260;14041
2743;6192;8935
8568;285;8853
1414;863;2277
8933;9477;18410
3547;9865;13412
533;8867;9400
8287;4252;12539
7661;1290;8951
177;20;197
9830;8568;18398
6632;5405;12037
8252;312;8564
4159;985;5144
1079;7477;8556
5065;1747;6812
8940;2977;11917
6218;3161;9379
757;6657;7414
6285;388;6673
7122;2462;9584
2761;205;2966
5040;9572;14612
7077;9487;16564
4966;9656;14622
193;8652;8845
3287;3731;7018
2947;9215;12162
9589;1472;11061
7663;7684;15347
754;3501;4255
2625;1405;4030
1147;9255;10402
7884;8215;16099
6123;1015;7138
3789;2123;5912
4052;4558;8610
7381;4505;11886
763;6035;6798
7291;7878;15169
593;9057;9650
5503;7296;12799
6563;1970;8533
175;2755;2930
2517;8513;11030
7026;9010;16036
6710;7933;14643
4092;650;4742
9924;3722;13646
5665;5576;11241
7217;19;7236
6589;4645;11234
490;7609;8099
7780;3844;11624
6034;6876;12910
4982;2997;7979
5232;7697;12929
3874;7394;11268
3468;6060;9528
1904;4824;6728
1574;5272;6846
2077;2187;4264
9354;2321;11675
4728;655;5383
5376;8781;14157
310;2390;2700
5864;1130;6994
8556;5032;13588
350;2966;3316
9448;8190;17638
5369;7718;13087
1684;2565;4249
7254;9924;17178
852;9460;10312
8073;3244;11317
8408;1363;9771
3254;8268;11522
3743;6487;10230
4245;5776;10021
7670;7721;15391
6876;5648;12524
7841;9334;17175
2167;4793;6960
7218;8303;15521
9257;8516;17773
7200;4328;11528
8662;336;8998
6146;9597;15743
4186;6680;10866
284;5411;5695
8156;7067;15223
2891;514;3405
522;6372;6894
3647;8930;12577
280;9222;9502
3558;6797;10355
8810;7544;16354
4902;4598;9500
1946;8596;10542
813;6885;7698
1253;1233;2486
8225;3313;11538
4179;9166;13345
8865;396;9261
1686;422;2108
5784;8543;14327
9428;7873;17301
5359;5952;11311
5335;2809;8144
464;8530;8994
2363;798;3161
7164;7823;14987
8948;997;9945
5881;408;6289
3432;9125;12557
7694;5235;12929
3973;5370;9343
369;4666;5035
6846;9353;16199
7421;3673;11094
6955;9971;16926
3806;8770;12576
2674;1076;3750
2329;4170;6499
9750;225;9975
789;2008;2797
3333;1912;5245
727;4252;4979
1357;5034;6391
487;6780;7267
9413;7364;16777
737;7123;7860
2774;251;3025
2349;859;3208
3243;8501;11744
7993;756;8749
6848;3409;10257
2266;2819;5085
2700;5857;8557
8289;8165;16454
6802;492;7294
9550;2938;12488
8248;1334;9582
1705;3897;5602
2550;218;2768
8874;5102;13976
2384;5641;8025
1857;5153;7010
8764;7030;15794
26;4819;4845
6008;5048;11056
2630;928;3558
6995;3136;10131
2321;1689;4010
7756;4765;12521
6750;6158;12908
3704;2018;5722
9836;1781;11617
4411;2832;7243
7186;2146;9332
7932;6184;14116
8164;1486;9650
8332;3365;11697
5723;6902;12625
68;7816;7884
2262;9113;11375
496;937;1433
6960;8263;15223
3230;132;3362
8779;1749;10528
7457;3099;10556
9135;3355;12490
9002;1128;10130
1297;2448;3745
3791;6270;10061
4035;8618;12653
5807;4301;10108
9421;3276;12697
98;1523;1621
2149;9990;12139
7068;9583;16651
5984;6440;12424
4971;7240;12211
9974;7535;17509
2151;8663;10814
3388;1600;4988
7424;2754;10178
9213;9833;19046
8572;1975;10547
8935;6356;15291
5860;4789;10649
9747;1324;11071
2257;2909;5166
3353;3986;7339
4309;4081;8390
9296;3378;12674
2842;2948;5790
4611;9113;13724
3337;883;4220
1422;44;1466
3362;6871;10233
4959;3689;8648
9833;5671;15504
5523;5233;10756
5888;1573;7461
1234;4931;6165
9343;5885;15228
1437;4243;5680
8178;9455;17633
8179;978;9157
2602;2523;5125
3528;4186;7714
4312;118;4430
2628;6646;9274
3441;16;3457
7771;7373;15144
7579;3641;11220
694;6769;7463
2633;3020;5653
1726;4065;5791
7457;5737;13194
5578;7987;13565
839;9612;10451
3225;6568;9793
7715;9723;17438
7636;3752;11388
5565;4018;9583
9492;1020;10512
327;4921;5248
2987;5400;8387
4903;1666;6569
1763;5036;6799
2720;8976;11696
292;3717;4009
4978;8749;13727
6531;403;6934
121;8408;8529
5738;8125;13863
2277;1141;3418
82;6889;6971
6076;7764;13840
1011;9719;10730
8886;9992;18878
1707;9101;10808
3;6324;6327
7073;9206;16279
3965;6609;10574
8466;6324;14790
5700;8895;14595
4990;8111;13101
347;2429;2776
6902;193;7095
492;809;1301
9128;9172;18300
7614;5417;13031
424;7916;8340
6943;1553;8496
6621;8796;15417
8814;2343;11157
5288;7382;12670
4932;7851;12783
2031;1375;3406
7176;3214;10390
9284;3229;12513
9670;8404;18074
9890;5337;15227
1776;2187;3963
3727;4959;8686
2299;512;2811
4580;8160;12740
5826;412;6238
3501;7498;10999
2089;447;2536
9288;1895;11183
107;3500;3607
6150;2828;8978
6590;7730;14320
2989;9030;12019
6553;3362;9915
1967;5890;7857
9345;5643;14988
493;5069;5562
1004;8231;9235
5596;840;6436
3691;8764;12455
2535;486;3021
1110;327;1437
7281;3306;10587
3996;9909;13905
2248;4267;6515
6259;9160;15419
5586;5678;11264
8329;4670;12999
2512;5090;7602
1668;3214;4882
3534;664;4198
5278;1424;6702
7927;3698;11625
3211;8890;12101
5182;9254;14436
938;1694;2632
4174;5251;9425
8967;6246;15213
3795;4287;8082
3023;9318;12341
2135;7667;9802
1178;7936;9114
2238;4656;6894
6694;4176;10870
1281;2164;3445
1724;8065;9789
383;286;669
454;1306;1760
4773;1708;6481
6212;8345;14557
9265;7414;16679
1208;4941;6149
2182;8187;10369
4527;6348;10875
9784;886;10670
1658;2521;4179
495;5193;5688
7526;307;7833
8931;186;9117
7234;6047;13281
5877;9771;15648
6546;7743;14289
963;3001;3964
3762;4574;8336
4951;7994;12945
7986;4544;12530
4559;4140;8699
2031;9054;11085
3228;4786;8014
7261;1055;8316
8245;1949;10194
5366;5913;11279
6955;4779;11734
394;176;570
9407;54;9461
4396;1;4397
1005;2906;3911
4359;2575;6934
9378;800;10178
1634;1361;2995
9866;3156;13022
8843;6655;15498
3278;4514;7792
7170;4902;12072
8661;1919;10580
9952;9870;19822
3769;2332;6101
6914;5746;12660
1056;3705;4761
7355;142;7497
1588;6971;8559
9991;9120;19111
3586;2400;5986
3522;4279;7801
7924;4381;12305
9549;4887;14436
1097;9645;10742
8379;6702;15081
1179;8062;9241
5105;9002;14107
3634;3795;7429
5910;3224;9134
2090;3090;5180
6146;2473;8619
167;2895;3062
8389;5374;13763
382;6153;6535
6443;9129;15572
7150;5375;12525
6924;2999;9923
5519;593;6112
2658;2400;5058
3725;2617;6342
4637;8203;12840
2458;5552;8010
5050;5381;10431
3603;7325;10928
6421;773;7194
93;9074;9167
334;8349;8683
4120;5579;9699
1996;6479;8475
4095;2317;6412
9414;9173;18587
251;4154;4405
2839;5456;8295
9325;1409;10734
1384;6573;7957
7551;7565;15116
3241;4641;7882
2732;8846;11578
734;7845;8579
5181;5243;10424
9795;1729;11524
5971;6045;12016
1616;8915;10531
5841;2307;8148
8866;9193;18059
5298;5016;10314
4075;9473;13548
5362;4144;9506
4884;9741;14625
8220;7696;15916
494;1759;2253
8483;7188;15671
8104;8633;16737
726;5074;5800
1166;9075;10241
6470;4271;10741
1340;9831;11171
4091;770;4861
3840;6373;10213
9501;7591;17092
5074;3024;8098
2893;849;3742
7306;8431;15737
87;2061;2148
7830;4053;11883
8918;7147;16065
3155;2496;5651
8436;3128;11564
1772;2682;4454
7931;107;8038
3336;2786;6122
767;2497;3264
5224;8633;13857
2383;2730;5113
5806;6897;12703
4772;577;5349
1212;9892;11104
4312;8787;13099
4593;1405;5998
8435;8639;17074
2208;3795;6003
6380;6056;12436
4180;5743;9923
3188;3903;7091
2842;2756;5598
445;4689;5134
8049;2018;10067
7000;8830;15830
6248;4877;11125
7701;7906;15607
4111;7806;11917
9009;3851;12860
833;6164;6997
135;4535;4670
1888;4518;6406
9573;2415;11988
582;4912;5494
6391;5674;12065
3398;2836;6234
9253;491;9744
4566;5189;9755
1840;6602;8442
4743;5103;9846
7122;4054;11176
3990;5961;9951
4226;9852;14078
7198;7391;14589
5062;7472;12534
38;7789;7827
9836;8783;18619
8752;6132;14884
1241;2262;3503
4028;1980;6008
9030;57;9087
3301;4778;8079
3710;2052;5762
8303;9585;17888
5135;2064;7199
2207;241;2448
3703;6080;9783
4580;5354;9934
6553;9498;16051
1606;99;1705
4950;9551;14501
6436;5632;12068
1632;6386;8018
9010;4016;13026
7947;7701;15648
5152;7111;12263
9677;1476;11153
3907;136;4043
8084;7223;15307
7490;9500;16990
4254;9649;13903
4552;4186;8738
6491;9630;16121
2258;4111;6369
8248;1181;9429
2445;6822;9267
8679;4347;13026
6042;6461;12503
5133;9798;14931
8691;8181;16872
1411;4983;6394
1177;7998;9175
4784;3591;8375
5251;3882;9133
1975;4653;6628
7960;2279;10239
8721;2155;10876
5410;7028;12438
6077;7232;13309
9952;8520;18472
5048;3561;8609
7461;561;8022
2214;5277;7491
7973;5165;13138
7329;5857;13186
9199;9576;18775
5951;1626;7577
7505;6562;14067
5095;5086;10181
7433;5972;13405
7445;9651;17096
4220;8044;12264
109;7360;7469
4919;9507;14426
11;472;483
2756;1417;4173
8796;8299;17095
8095;4864;12959
8014;242;8256
4160;4730;8890
312;3344;3656
2970;8152;11122
6036;9549;15585
6899;8765;15664
864;3108;3972
6634;1884;8518
8587;4107;12694
2535;3595;6130
7447;4211;11658
8378;8421;16799
7009;3271;10280
7584;5611;13195
7251;1638;8889
5521;6031;11552
9293;7057;16350
703;2644;3347
7148;8680;15828
5212;3986;9198
1735;7775;9510
6164;9172;15336
4904;4749;9653
3846;1088;4934
3300;2708;6008
9570;5324;14894
2611;9684;12295
7353;6171;13524
2964;8351;11315
9725;6565;16290
5709;8283;13992
9726;8761;18487
3259;4580;7839
1501;8592;10093
8215;7805;16020
2297;5050;7347
6607;1146;7753
4579;1810;6389
8508;5962;14470
2250;8635;10885
5129;1000;6129
620;9966;10586
9571;2546;12117
6293;1009;7302
2688;8887;11575
1494;4019;5513
297;5753;6050
6804;6420;13224
9706;9715;19421
8464;822;9286
797;5114;5911
5209;8874;14083
36;111;147
8232;5949;14181
2552;9898;12450
9443;7322;16765
3797;9143;12940
4120;4373;8493
9136;4310;13446
6062;1034;7096
1795;6933;8728
5503;2891;8394
2513;7440;9953
2941;5092;8033
8936;3822;12758
1811;238;2049
8845;8422;17267
2692;7863;10555
5494;7489;12983
7416;4198;11614
3607;8280;11887
423;7245;7668
1269;9804;11073
4395;6569;10964
5217;4968;10185
6783;2874;9657
8631;1886;10517
611;947;1558
6698;6212;12910
2340;8234;10574
498;3859;4357
8828;5681;14509
3797;9731;13528
6648;132;6780
780;2697;3477
5982;4674;10656
8765;3695;12460
731;6786;7517
3533;806;4339
5953;9032;14985
6480;9734;16214
8520;3165;11685
8819;7783;16602
7211;3725;10936
7975;7071;15046
2479;7044;9523
6861;8330;15191
7349;8627;15976
987;9400;10387
924;6395;7319
1455;9296;10751
237;1470;1707
1207;6823;8030
3775;3255;7030
2679;1456;4135
1729;7589;9318
5127;4656;9783
8971;300;9271
9345;2331;11676
7902;264;8166
3293;2981;6274
4512;742;5254
5039;8614;13653
3254;2858;6112
7720;9278;16998
2413;1009;3422
5701;8473;14174
2411;3123;5534
976;4655;5631
6049;9678;15727
9727;9896;19623
6851;5754;12605
4737;9133;13870
5234;6865;12099
6780;3587;10367
4419;712;5131
8924;5899;14823
3593;2492;6085
5507;8845;14352
9836;9257;19093
1634;6609;8243
3313;5559;8872
6313;9029;15342
1423;8528;9951
5249;1827;7076
2073;4812;6885
2974;7456;10430
3462;2822;6284
8619;9367;17986
3543;7204;10747
5236;6020;11256
283;2401;2684
5595;3778;9373
8486;7615;16101
4991;1451;6442
6317;4765;11082
7258;6643;13901
2739;2911;5650
9968;2205;12173
9157;910;10067
3255;7911;11166
9251;2020;11271
5731;4799;10530
5962;5596;11558
1933;6973;8906
3745;4440;8185
7296;7595;14891
4735;5962;10697
4344;2590;6934
5326;8851;14177
57;5918;5975
8043;9130;17173
1131;5682;6813
862;1055;1917
6966;7380;14346
3542;7934;11476
677;1758;2435
9880;8561;18441
7533;7952;15485
9248;6572;15820
161;7003;7164
4078;9123;13201
5215;7424;12639
1659;1418;3077
7788;6655;14443
7917;785;8702
8806;9748;18554
8437;8202;16639
3993;9604;13597
7830;1519;9349
9627;7890;17517
5665;3211;8876
2679;178;2857
9214;5660;14874
5515;3278;8793
5890;3023;8913
8748;5645;14393
2310;2264;4574
5996;4216;10212
1651;4000;5651
6621;7393;14014
3876;73;3949
1817;9966;11783
3758;4855;8613
5157;2663;7820
7005;9707;16712
6779;5130;11909
3428;8469;11897
6044;7601;13645
905;6985;7890
5695;9726;15421
4619;7679;12298
7088;3550;10638
727;4653;5380
8288;4470;12758
4295;3458;7753
895;8073;8968
4522;412;4934
680;9150;9830
853;2981;3834
1812;60;1872
2711;510;3221
7256;4473;11729
4660;5945;10605
1267;1143;2410
4395;2550;6945
1924;8351;10275
1175;9770;10945
4603;6002;10605
9662;8742;18404
1840;7886;9726
1876;9114;10990
1324;4716;6040
264;9165;9429
690;6801;7491
1469;3990;5459
8325;9553;17878
8740;3078;11818
6713;3974;10687
8394;9500;17894
6713;6528;13241
2104;2854;4958
6889;9463;16352
285;6126;6411
93;8590;8683
3808;2482;6290
5276;7328;12604
4616;5387;10003
7600;2049;9649
7705;6786;14491
5634;8473;14107
568;7978;8546
8866;7208;16074
2685;6511;9196
8971;8411;17382
4125;6854;10979
9427;1965;11392
8847;9871;18718
1851;2426;4277
3743;3452;7195
9708;5982;15690
4860;5261;10121
9244;454;9698
2436;4582;7018
7090;5697;12787
9343;1159;10502
875;2884;3759
1709;1900;3609
6812;2532;9344
7352;1068;8420
1388;935;2323
6149;3967;10116
5297;2086;7383
684;395;1079
8876;7497;16373
907;2014;2921
1678;1976;3654
1366;5348;6714
1617;8725;10342
6542;4017;10559
1845;3993;5838
5914;8858;14772
1715;7610;9325
5373;2955;8328
8197;4734;12931
7065;1081;8146
7862;1567;9429
9281;9691;18972
9362;3686;13048
6533;1340;7873
2921;1459;4380
5296;3676;8972
9321;4659;13980
8475;3322;11797
6904;1013;7917
2371;5554;7925
317;1498;1815
7450;5711;13161
7369;2225;9594
4391;7445;11836
6986;9824;16810
5338;3688;9026
3440;9459;12899
1001;8021;9022
1782;8127;9909
4224;217;4441
7981;4413;12394
798;5100;5898
1553;5084;6637
1463;8388;9851
6891;3207;10098
8259;6760;15019
2638;7391;10029
6861;1284;8145
1839;9070;10909
9484;4398;13882
8487;4168;12655
3505;4728;8233
2460;9818;12278
4083;4700;8783
5386;1403;6789
5713;7834;13547
2171;9792;11963
8899;990;9889
9259;2119;11378
9652;2150;11802
8299;9548;17847
1225;7739;8964
493;3931;4424
1377;1045;2422
256;9551;9807
2934;7817;10751
10;3769;3779
5331;7306;12637
5300;538;5838
4389;5970;10359
8994;8159;17153
9048;5379;14427
873;2878;3751
7633;8484;16117
3565;6171;9736
9437;9360;18797
9449;9000;18449
5589;2816;8405
2799;9109;11908
7611;7084;14695
2135;3940;6075
3895;9802;13697
6140;8910;15050
5844;7766;13610
1699;7382;9081
7678;6459;14137
4284;754;5038
5095;1052;6147
6320;5175;11495
9298;2027;11325
8814;3797;12611
4108;5052;9160
3475;5324;8799
9589;6916;16505
9660;4227;13887
5888;5503;11391
2971;378;3349
4204;5440;9644
6014;6407;12421
8048;5382;13430
73;2481;2554
60;767;827
6903;5938;12841
111;4434;4545
568;575;1143
9668;96;9764
3426;8886;12312
5374;3853;9227
4070;5949;10019
4444;9800;14244
686;2691;3377
5524;6265;11789
7045;3388;10433
7939;4900;12839
7347;8368;15715
6815;7685;14500
8413;8947;17360
7475;6663;14138
4086;3737;7823
1920;6220;8140
7670;1951;9621
5420;5001;10421
1903;5625;7528
2874;2622;5496
6765;8837;15602
2259;9376;11635
8966;5122;14088
7390;5788;13178
2268;7466;9734
7519;8628;16147
6492;7081;13573
4980;3975;8955
2624;8648;11272
812;5136;5948
7839;7954;15793
4628;2465;7093
5410;6122;11532
1524;6861;8385
444;8344;8788
2042;8837;10879
1162;4058;5220
4543;4163;8706
1137;5426;6563
6946;4055;11001
5563;7860;13423
2109;4639;6748
1620;3354;4974
6863;2856;9719
2304;6920;9224
7712;5681;13393
2251;1718;3969
5893;7410;13303
6076;8442;14518
3997;2599;6596
9545;5489;15034
4152;3884;8036
2482;8964;11446
6185;3217;9402
9734;2134;11868
6103;8135;14238
4508;5980;10488
4721;3182;7903
5402;7345;12747
3750;795;4545
6445;2407;8852
5843;424;6267
8659;2692;11351
156;6137;6293
65;9139;9204
2001;8942;10943
1541;1084;2625
759;3673;4432
5301;7997;13298
1827;1070;2897
1079;9396;10475
7552;925;8477
7076;1412;8488
7032;87;7119
6213;6785;12998
7580;8028;15608
3490;923;4413
8318;8731;17049
6710;7548;14258
1859;6614;8473
2051;8639;10690
6676;183;6859
1147;8235;9382
520;336;856
6335;8928;15263
9334;3828;13162
5893;9386;15279
3576;495;4071
3897;9850;13747
6026;2649;8675
9961;3604;13565
1578;5264;6842
3450;7310;10760
5075;9733;14808
7587;6151;13738
9975;168;10143
1831;6114;7945
368;8566;8934
4462;6077;10539
3731;747;4478
1826;409;2235
1610;2836;4446
8986;4659;13645
284;388;672
1779;4383;6162
3059;9146;12205
747;4640;5387
816;6068;6884
6676;299;6975
3535;2949;6484
1010;1484;2494
4801;6787;11588
785;181;966
662;7763;8425
8877;1675;10552
126;9407;9533
892;6362;7254
923;4079;5002
3298;446;3744
5471;2017;7488
9774;312;10086
5289;3598;8887
2762;8309;11071
4588;9360;13948
7034;4695;11729
243;8096;8339
5365;1834;7199
1596;7958;9554
7671;2223;9894
656;7617;8273
4959;756;5715
7284;711;7995
2110;6712;8822
213;3049;3262
9156;6374;15530
2552;3285;5837
7516;4420;11936
9953;8898;18851
5978;6019;11997
3951;5088;9039
6513;1991;8504
5134;816;5950
2400;5831;8231
9277;8761;18038
8351;1855;10206
1481;8856;10337
4147;4554;8701
8425;7133;15558
1974;9622;11596
8949;8320;17269
4329;1545;5874
5570;8930;14500
2123;8944;11067
2332;9156;11488
5932;407;6339
9091;6564;15655
9110;8615;17725
8510;9848;18358
5419;7666;13085
8873;6817;15690
3428;6530;9958
1299;5797;7096
5500;4921;10421
651;9861;10512
3018;1524;4542
2406;9665;12071
5694;4470;10164
2270;6699;8969
7029;1407;8436
24;7596;7620
8345;5885;14230
5284;1461;6745
8298;7765;16063
8431;246;8677
1577;845;2422
6468;754;7222
4722;7605;12327
1916;3138;5054
475;1516;1991
7050;5138;12188
6997;8087;15084
9457;3884;13341
5976;6840;12816
8816;7538;16354
6358;4993;11351
5843;1518;7361
3601;4075;7676
8411;7156;15567
8405;140;8545
7539;7593;15132
4993;5609;10602
4011;7493;11504
7195;347;7542
3375;1497;4872
754;6492;7246
2845;706;3551
9540;9796;19336
4146;2819;6965
968;7308;8276
7490;6890;14380
2750;3253;6003
9769;5520;15289
8530;4761;13291
1397;7071;8468
3942;6643;10585
7624;1622;9246
9224;1325;10549
5875;8685;14560
1536;8583;10119
4169;6464;10633
451;6238;6689
2217;9493;11710
2871;5282;8153
4276;8782;13058
3213;8016;11229
6426;4179;10605
2083;737;2820
9881;4712;14593
1622;4332;5954
4148;5532;9680
3589;8739;12328
5061;1658;6719
4583;9214;13797
6768;7447;14215
8793;203;8996
8088;8913;17001
1272;5370;6642
1150;3671;4821
4180;4959;9139
4147;3751;7898
1843;6415;8258
167;3461;3628
8793;1858;10651
8235;9162;17397
1133;9808;10941
3432;9318;12750
8069;2416;10485
4483;2476;6959
2366;6510;8876
6642;3706;10348
974;2762;3736
9261;3057;12318
1879;5373;7252
7049;2438;9487
5289;4253;9542
1131;8351;9482
6461;847;7308
2701;8820;11521
9706;9130;18836
2902;5708;8610
2764;2390;5154
1933;5684;7617
8800;727;9527
3278;1174;4452
7835;568;8403
9090;272;9362
995;4941;5936
1618;30;1648
8177;289;8466
6011;1995;8006
8222;7735;15957
3861;4016;7877
1805;2834;4639
5426;4414;9840
428;5919;6347
8332;7810;16142
3143;8574;11717
337;7270;7607
8809;8305;17114
3029;1074;4103
1474;3224;4698
5415;6509;11924
661;2884;3545
7167;4639;11806
7273;3130;10403
7870;286;8156
2372;2851;5223
1049;5699;6748
438;4858;5296
1858;9100;10958
4220;513;4733
5412;6078;11490
6409;8391;14800
6389;6626;13015
4776;3887;8663
7992;5717;13709
5066;7904;12970
9259;1933;11192
2018;2181;4199
5879;8463;14342
9446;7341;16787
8756;7416;16172
2068;6442;8510
8687;9669;18356
5972;5808;11780
2263;7721;9984
1718;9560;11278
4844;7746;12590
3521;9796;13317
7797;8776;16573
2341;8544;10885
6384;5355;11739
9914;2102;12016
9551;8592;18143
6944;8361;15305
795;8418;9213
9005;8610;17615
5495;8682;14177
2467;6952;9419
5805;8545;14350
5939;1544;7483
4380;9384;13764
5759;8245;14004
8859;4775;13634
5756;9066;14822
6980;3780;10760
9959;9728;19687
8857;693;9550
2496;4174;6670
2555;5742;8297
5667;1742;7409
8101;4316;12417
8024;1118;9142
3668;868;4536
1389;1100;2489
5870;4139;10009
7272;3531;10803
7521;8924;16445
3663;719;4382
9612;3985;13597
7615;5308;12923
2874;8457;11331
3822;1470;5292
5919;2652;8571
1431;5632;7063
205;2956;3161
4060;6292;10352
4454;5278;9732
9074;9224;18298
3817;7382;11199
5712;3011;8723
3577;9362;12939
5572;1773;7345
1531;9609;11140
3012;1822;4834
5111;2271;7382
3852;805;4657
9121;5057;14178
5859;8914;14773
6115;3565;9680
8505;9868;18373
5232;1728;6960
9561;5750;15311
2315;3102;5417
9370;9435;18805
7231;9939;17170
3110;4281;7391
5418;4582;10000
2460;6830;9290
589;1253;1842
3038;4295;7333
6389;2441;8830
773;1675;2448
1883;4124;6007
6300;4283;10583
6811;9921;16732
4721;7286;12007
9211;7115;16326
1226;6495;7721
2273;9909;12182
1973;3046;5019
6826;3226;10052
1695;24;1719
5292;8037;13329
568;9695;10263
6435;1839;8274
8814;8647;17461
2471;9802;12273
1513;279;1792
9551;9328;18879
9953;6116;16069
7942;7983;15925
7309;4824;12133
7720;3510;11230
5315;243;5558
3480;5173;8653
2120;9414;11534
7148;2324;9472
24;9638;9662
8759;6639;15398
4875;7560;12435
2168;2794;4962
3008;7438;10446
9135;9282;18417
974;8311;9285
2630;811;3441
7310;9181;16491
5030;7712;12742
9825;1502;11327
6454;8512;14966
7912;1256;9168
8649;8419;17068
62;1622;1684
8226;7312;15538
1442;1253;2695
7287;8521;15808
9347;4889;14236
2723;9575;12298
2428;1948;4376
4458;6504;10962
5811;5921;11732
2361;6030;8391
5855;9830;15685
591;8552;9143
2686;7539;10225
3343;9935;13278
6075;5915;11990
2294;4595;6889
6927;6697;13624
621;2914;3535
1806;1555;3361
4331;664;4995
7966;5548;13514
2624;9665;12289
4888;2820;7708
5332;138;5470
6613;5490;12103
1631;9978;11609
738;9455;10193
4269;2618;6887
1004;5735;6739
2159;8084;10243
606;9789;10395
5038;5173;10211
7597;1181;8778
7124;5224;12348
6432;3078;9510
2570;4909;7479
8066;8302;16368
5265;6385;11650
9960;4786;14746
1120;9303;10423
3649;3555;7204
1100;2704;3804
1912;4715;6627
9424;3722;13146
9510;4490;14000
8212;607;8819
1527;7082;8609
4003;6614;10617
9024;334;9358
2082;3680;5762
3345;3886;7231
9714;2267;11981
7430;8439;15869
3093;7911;11004
9704;7220;16924
5378;9974;15352
8443;8816;17259
2438;9781;12219
3009;4594;7603
5835;6705;12540
7200;1633;8833
2364;9990;12354
7377;5766;13143
9635;1076;10711
502;8540;9042
7113;2236;9349
8622;300;8922
6960;3916;10876
7312;4922;12234
6534;8654;15188
2213;9450;11663
456;6836;7292
5180;6111;11291
7265;4557;11822
6997;8475;15472
2573;9330;11903
5402;7036;12438
6467;6465;12932
7304;7560;14864
6032;5300;11332
6621;3779;10400
3524;8372;11896
3724;6950;10674
3333;9634;12967
2616;3499;6115
6047;1816;7863
4007;1;4008
9245;7455;16700
251;6851;7102
2909;7910;10819
1677;9692;11369
720;4048;4768
8444;6773;15217
8273;1108;9381
1098;4369;5467
8476;7186;15662
375;4032;4407
4413;2473;6886
759;5599;6358
7911;9226;17137
3192;5302;8494
3856;8650;12506
3049;664;3713
3513;3779;7292
5061;5353;10414
5135;9389;14524
659;296;955
4403;8096;12499
9692;1850;11542
7623;4836;12459
8330;9873;18203
4311;676;4987
1700;1618;3318
934;3138;4072
8154;1482;9636
1951;7192;9143
9949;4694;14643
9820;8121;17941
7820;9491;17311
8943;3055;11998
4072;3852;7924
3060;3491;6551
9396;5434;14830
2965;5136;8101
6751;4390;11141
4760;5191;9951
3126;4651;7777
5662;610;6272
3664;7773;11437
1871;8751;10622
6955;4130;11085
4013;5779;9792
8115;9330;17445
7409;4498;11907
3303;9418;12721
5525;4527;10052
325;3554;3879
8063;1020;9083
7597;943;8540
8742;1382;10124
6602;1661;8263
9237;8829;18066
4077;8125;12202
6327;2200;8527
3979;7156;11135
1256;1949;3205
4435;3110;7545
4313;128;4441
2008;8062;10070
5324;6953;12277
3272;4936;8208
9430;1618;11048
93;9123;9216
6271;1823;8094
1966;4175;6141
7611;8144;15755
3350;38;3388
2465;6103;8568
6845;9296;16141
3730;2283;6013
1805;1765;3570
6394;4233;10627
4303;9418;13721
9691;6163;15854
7296;4407;11703
1797;1399;3196
8948;8358;17306
7315;4984;12299
8514;8777;17291
7569;9836;17405
40;5103;5143
2894;8562;11456
6162;8874;15036
8160;9167;17327
6987;4005;10992
1280;2061;3341
4466;6985;11451
3002;93;3095
4395;8645;13040
9414;4864;14278
4874;4466;9340
427;3866;4293
8507;8964;17471
6195;6242;12437
6920;5609;12529
1367;7795;9162
1781;3530;5311
3321;8541;11862
2636;3811;6447
9970;1154;11124
3358;7665;11023
1904;7528;9432
4353;327;4680
1363;9588;10951
3575;8639;12214
1256;1565;2821
7162;1235;8397
5238;9014;14252
9452;5894;15346
8836;6861;15697
4943;3387;8330
6416;4404;10820
1285;102;1387
4219;3711;7930
4493;8522;13015
5107;5720;10827
3843;6020;9863
6229;2270;8499
65;4715;4780
5978;8789;14767
1538;7219;8757
6827;8842;15669
1185;2674;3859
1925;6024;7949
3104;1948;5052
4356;8154;12510
3943;4882;8825
5730;4716;10446
8952;7905;16857
7242;8935;16177
3594;2992;6586
1972;8239;10211
6931;3889;10820
4458;3806;8264
4337;5392;9729
6067;9320;15387
4386;3694;8080
5943;6628;12571
7281;4437;11718
9151;8827;17978
6883;8477;15360
5983;3528;9511
3997;4152;8149
6560;2537;9097
8491;2561;11052
9785;5281;15066
3902;9705;13607
7277;9049;16326
2980;7013;9993
2042;1346;3388
1274;4857;6131
4958;9760;14718
5639;7356;12995
9648;9976;19624
3524;4316;7840
9232;8856;18088
5824;7466;13290
9990;4286;14276
7716;7271;14987
102;2306;2408
4929;4945;9874
8305;8867;17172
4396;869;5265
6119;9711;15830
7336;3022;10358
1914;9045;10959
8473;5393;13866
973;9473;10446
40;5269;5309
6996;6953;13949
7039;1436;8475
7444;9136;16580
1922;4079;6001
5118;1899;7017
4372;9622;13994
9495;7250;16745
1798;3514;5312
1761;166;1927
4965;7567;12532
2453;4800;7253
5658;9198;14856
9450;4901;14351
9609;4296;13905
5291;6991;12282
2043;4476;6519
4531;768;5299
6516;3469;9985
7489;2154;9643
6666;4791;11457
2824;4076;6900
7105;7955;15060
7773;5759;13532
5011;5039;10050
6728;2968;9696
996;4019;5015
3398;9389;12787
245;6145;6390
5229;2477;7706
5144;8634;13778
954;3738;4692
3241;7686;10927
6573;1951;8524
9927;772;10699
9341;8081;17422
3919;6725;10644
5183;731;5914
6629;9796;16425
1107;3413;4520
9222;2969;12191
8146;7875;16021
5272;8828;14100
2690;5799;8489
792;1457;2249
404;3139;3543
8705;6316;15021
5997;9704;15701
1268;2186;3454
3366;1120;4486
9567;499;10066
6523;8157;14680
1931;7218;9149
7259;3826;11085
8166;7463;15629
1318;8677;9995
692;2119;2811
145;2773;2918
3550;7019;10569
1932;4454;6386
658;9067;9725
9691;8289;17980
3189;6069;9258
6907;5173;12080
6416;9649;16065
4999;5723;10722
6724;5664;12388
8747;1747;10494
7460;8906;16366
763;1489;2252
2612;1221;3833
1845;1178;3023
5616;8759;14375
59;9216;9275
5706;3982;9688
7554;1483;9037
310;6274;6584
9201;461;9662
3734;3039;6773
5482;5786;11268
9772;9349;19121
8768;3047;11815
6469;6856;13325
2540;7465;10005
8880;2986;11866
2825;6253;9078
870;6695;7565
1463;5926;7389
2159;7223;9382
7359;9637;16996
6808;7291;14099
8781;216;8997
5927;3176;9103
4610;7695;12305
1505;8405;9910
1610;5555;7165
6670;4304;10974
9847;8670;18517
5620;1819;7439
7934;737;8671
1335;1819;3154
9851;5250;15101
5432;4522;9954
5175;2892;8067
9582;2537;12119
4988;8344;13332
2488;2225;4713
4462;387;4849
3181;9420;12601
8993;2006;10999
3111;8733;11844
6390;4923;11313
2114;5322;7436
5559;8191;13750
1132;5078;6210
2705;2730;5435
5998;9604;15602
3679;1662;5341
960;1950;2910
3790;4861;8651
1215;9037;10252
7341;4552;11893
6189;8092;14281
4404;4388;8792
7608;8039;15647
4515;7070;11585
9055;6114;15169
426;1338;1764
9295;4118;13413
8655;9628;18283
9183;9749;18932
8060;3474;11534
9066;1231;10297
7104;8517;15621
9515;628;10143
4120;9059;13179
9504;3398;12902
3661;3532;7193
8639;4369;13008
6842;6408;13250
5801;8364;14165
8024;4455;12479
8822;8836;17658
5541;1022;6563
3331;6375;9706
9620;8953;18573
7989;4291;12280
8551;7303;15854
4274;471;4745
530;8051;8581
8184;8916;17100
8003;1817;9820
3536;6257;9793
4663;2217;6880
6512;4671;11183
3916;1892;5808
4726;286;5012
7509;5501;13010
8789;9459;18248
4865;80;4945
8460;1464;9924
8498;1862;10360
1108;2302;3410
5559;5189;10748
4324;1714;6038
6017;4474;10491
4228;662;4890
8700;7726;16426
5844;9779;15623
1711;2412;4123
837;5683;6520
8696;8733;17429
7644;9775;17419
2915;9558;12473
6652;3786;10438
6963;3690;10653
6053;7685;13738
7846;2676;10522
764;1902;2666
6291;5770;12061
8413;2626;11039
3855;9700;13555
9184;3814;12998
3838;1920;5758
493;5825;6318
7138;9068;16206
3841;3057;6898
7934;9890;17824
7891;192;8083
8830;8006;16836
6901;6885;13786
9568;4281;13849
1117;3552;4669
1826;9272;11098
9527;1494;11021
8906;2841;11747
8970;8888;17858
3763;1690;5453
2262;7285;9547
332;3492;3824
1825;8319;10144
5574;170;5744
6791;3854;10645
526;2629;3155
5332;1272;6604
2344;6476;8820
6672;5814;12486
4325;4107;8432
7776;9113;16889
9066;5031;14097
8488;4013;12501
8561;3669;12230
4461;490;4951
7298;9075;16373
1465;7965;9430
9609;345;9954
293;1986;2279
5327;4383;9710
9940;2136;12076
7409;7190;14599
4970;5802;10772
8831;2224;11055
7808;1005;8813
3981;1834;5815
8256;2925;11181
1492;6123;7615
7113;8770;15883
2104;8633;10737
552;1694;2246
943;3060;4003
7223;5545;12768
466;5898;6364
5728;9972;15700
4159;3593;7752
146;4392;4538
9015;9543;18558
3947;3229;7176
5472;3884;9356
1579;7474;9053
9984;6137;16121
3508;6396;9904
2733;4639;7372
2079;6047;8126
3299;6155;9454
4200;1367;5567
4702;9611;14313
5366;9891;15257
3577;5150;8727
9123;4698;13821
1533;7415;8948
5082;604;5686
121;2523;2644
4906;8599;13505
3342;6860;10202
8017;5790;13807
4228;3869;8097
7067;1904;8971
4625;3805;8430
9136;3965;13101
6853;3396;10249
134;1617;1751
1322;1449;2771
8616;1000;9616
7474;1665;9139
4040;3187;7227
9721;6452;16173
5074;616;5690
7762;8546;16308
2327;5977;8304
3809;9452;13261
1022;7100;8122
4519;2177;6696
7529;6866;14395
7436;3747;11183
4870;1134;6004
6666;6884;13550
4463;2812;7275
8915;8847;17762
5541;3649;9190
129;5731;5860
9868;6046;15914
5484;5273;10757
8615;6988;15603
1015;7412;8427
5980;158;6138
5034;6267;11301
7524;747;8271
4640;5111;9751
1173;4455;5628
1651;6242;7893
2884;7630;10514
4641;9566;14207
5314;9258;14572
4151;1126;5277
92;7654;7746
8155;640;8795
1348;3614;4962
6390;397;6787
9066;2483;11549
7973;7376;15349
3381;6746;10127
3121;3188;6309
8705;548;9253
3316;7082;10398
9827;445;10272
3882;5598;9480
537;8213;8750
9690;1708;11398
3649;9193;12842
512;4594;5106
6041;5109;11150
8566;5860;14426
5537;8506;14043
2180;9861;12041
9153;4256;13409
496;3341;3837
5144;6875;12019
1725;9637;11362
3837;4058;7895
947;6650;7597
7440;1677;9117
4942;6214;11156
5804;1984;7788
3373;2472;5845
6131;4457;10588
256;3124;3380
2681;1188;3869
3692;6753;10445
5356;5302;10658
6986;7944;14930
3531;5283;8814
31;1952;1983
7430;559;7989
397;2902;3299
6826;1049;7875
4109;2251;6360
5861;1367;7228
2979;8543;11522
1861;6166;8027
5887;2223;8110
8552;8674;17226
4454;3597;8051
2749;8905;11654
5791;2336;8127
4243;2983;7226
468;3428;3896
3911;5722;9633
9433;3408;12841
7709;4569;12278
1792;3096;4888
8058;5947;14005
3733;2482;6215
3960;2273;6233
5623;1925;7548
9222;885;10107
7678;654;8332
1723;3372;5095
8853;8106;16959
9834;6710;16544
8941;30;8971
1400;7366;8766
9939;538;10477
6221;5010;11231
2651;9212;11863
9181;690;9871
2163;1718;3881
6221;120;6341
9212;8619;17831
2674;2850;5524
9499;166;9665
2615;2501;5116
1442;7074;8516
8678;7164;15842
2590;3936;6526
5499;6575;12074
1005;5590;6595
7076;6893;13969
819;4705;5524
5122;1461;6583
5226;4641;9867
8602;9452;18054
5695;2759;8454
8374;1031;9405
1952;9320;11272
6427;6609;13036
7334;7842;15176
8552;6427;14979
3904;1032;4936
6191;2525;8716
2648;2057;4705
7155;8373;15528
631;2272;2903
4626;7838;12464
1303;1401;2704
4690;307;4997
736;7380;8116
2841;3333;6174
6828;6112;12940
6933;6532;13465
7930;9762;17692
8949;4850;13799
8402;4059;12461
9777;6030;15807
1414;9259;10673
5487;5331;10818
3552;4353;7905
4227;6671;10898
9306;6672;15978
2001;3854;5855
5249;9258;14507
3091;2152;5243
2738;5250;7988
1581;387;1968
5838;5305;11143
2455;4991;7446
846;925;1771
4214;9893;14107
5289;1488;6777
1270;9318;10588
9605;2325;11930
1049;5473;6522
6246;503;6749
4726;8354;13080
2428;498;2926
7578;3981;11559
4163;3662;7825
2064;4178;6242
7519;2545;10064
3537;9095;12632
3144;8250;11394
4459;6442;10901
4600;124;4724
2403;2500;4903
3529;7978;11507
335;9546;9881
8998;2880;11878
6049;3574;9623
1165;1192;2357
4182;5927;10109
6670;8173;14843
9561;4962;14523
299;4974;5273
174;4072;4246
1536;5434;6970
2016;998;3014
3339;9703;13042
3293;8828;12121
3351;1400;4751
1091;418;1509
3927;8598;12525
3214;6399;9613
796;8884;9680
3719;9194;12913
8239;8456;16695
8457;2787;11244
5417;4602;10019
5615;6810;12425
3362;991;4353
763;86;849
5157;6765;11922
5024;3888;8912
4496;2313;6809
3905;4566;8471
1990;7472;9462
6088;817;6905
855;5087;5942
2305;5245;7550
9622;9025;18647
5885;2451;8336
6232;6062;12294
3649;5739;9388
4328;2247;6575
4835;7659;12494
4798;2260;7058
7549;7291;14840
1860;999;2859
3561;3501;7062
9164;4667;13831
3694;3927;7621
9779;2110;11889
2677;8886;11563
1529;3421;4950
6216;202;6418
2214;3559;5773
1768;3535;5303
9925;2488;12413
2976;3062;6038
3197;6744;9941
8297;360;8657
2097;8587;10684
2052;6333;8385
685;4245;4930
2815;6990;9805
9151;2618;11769
6171;75;6246
4524;351;4875
4426;6798;11224
811;2606;3417
7961;5407;13368
9971;2398;12369
299;9613;9912
100;6743;6843
6746;3706;10452
9057;2537;11594
793;8345;9138
2790;5428;8218
5465;1123;6588
7763;4862;12625
6301;2722;9023
8683;950;9633
1576;3836;5412
8699;6380;15079
8344;9700;18044
6902;5932;12834
7498;7975;15473
1726;1657;3383
5414;5098;10512
9869;5118;14987
1280;1350;2630
7472;6571;14043
4345;3216;7561
8587;6024;14611
3099;2484;5583
2160;3696;5856
3908;5821;9729
4301;262;4563
6123;4799;10922
2233;8225;10458
7334;9179;16513
6786;6586;13372
9919;7930;17849
5758;8119;13877
4350;4546;8896
3966;5180;9146
4750;8451;13201
4707;6866;11573
511;3583;4094
4410;4296;8706
7416;2369;9785
6681;6352;13033
1652;1490;3142
1633;8653;10286
8970;300;9270
8092;7173;15265
1877;4210;6087
5598;4057;9655
5050;1676;6726
5256;4163;9419
2994;4436;7430
5869;5947;11816
9497;7313;16810
6381;6015;12396
3679;3931;7610
6287;6052;12339
1029;4213;5242
2653;295;2948
5985;1574;7559
7091;5913;13004
5016;1354;6370
3881;7471;11352
4289;8030;12319
5218;9741;14959
3354;9992;13346
578;4871;5449
2731;4218;6949
2899;1819;4718
8666;1447;10113
9521;5830;15351
5506;781;6287
5132;8229;13361
4972;6398;11370
7563;8891;16454
7172;5417;12589
5466;1265;6731
965;3294;4259
3999;3720;7719
9513;7886;17399
7156;4996;12152
2585;6457;9042
4487;9086;13573
4236;1996;6232
4896;4348;9244
5584;4793;10377
7837;3571;11408
2799;2;2801
2217;7556;9773
2295;9385;11680
8692;1808;10500
2109;1702;3811
9803;1119;10922
7656;1752;9408
4763;9871;14634
3485;7186;10671
6852;922;7774
8659;9668;18327
7981;8761;16742
2288;2581;4869
4799;2524;7323
927;302;1229
5217;6273;11490
4393;1610;6003
7461;9007;16468
2489;9504;11993
7510;6076;13586
9303;5066;14369
9275;921;10196
5356;130;5486
4489;9212;13701
3679;2380;6059
8467;1274;9741
8243;2852;11095
1039;8902;9941
8097;9952;18049
2153;6418;8571
906;1583;2489
902;1466;2368
2878;1605;4483
8011;5139;13150
2560;2915;5475
4475;329;4804
7854;5804;13658
1299;4386;5685
4395;7350;11745
1217;9140;10357
8244;2329;10573
4052;4857;8909
7240;6205;13445
1333;473;1806
4177;2397;6574
8693;4226;12919
6302;2024;8326
7562;7569;15131
1557;1705;3262
7836;4647;12483
356;6818;7174
2221;944;3165
7088;9348;16436
8084;6563;14647
3250;644;3894
271;2470;2741
2364;6673;9037
6914;5579;12493
4655;9998;14653
1634;9797;11431
245;2186;2431
7203;1044;8247
7645;6174;13819
197;4768;4965
9767;7696;17463
9082;548;9630
9522;3069;12591
8477;9450;17927
2258;109;2367
4280;6103;10383
9715;6074;15789
7585;1472;9057
8291;5024;13315
9867;3264;13131
6921;1672;8593
2786;9497;12283
7218;250;7468
2874;2993;5867
7996;8043;16039
6101;5139;11240
3173;3597;6770
5122;7318;12440
7118;2096;9214
6692;2431;9123
2702;7054;9756
9072;133;9205
4053;4265;8318
7031;9129;16160
4467;6353;10820
7590;4310;11900
285;300;585
4230;8186;12416
6451;7792;14243
3278;8882;12160
5892;1463;7355
6661;8760;15421
1490;5439;6929
3311;6040;9351
7503;173;7676
4179;1416;5595
4565;8701;13266
4946;9674;14620
8293;4261;12554
333;6701;7034
9440;8378;17818
38;3050;3088
98;5287;5385
504;9133;9637
1305;6814;8119
1080;8883;9963
6710;9932;16642
3716;5077;8793
1503;1928;3431
712;5437;6149
6130;204;6334
599;8978;9577
6668;5156;11824
9807;234;10041
8040;6998;15038
4010;8478;12488
9592;8578;18170
5224;8957;14181
8306;9004;17310
9251;6109;15360
6845;5303;12148
8063;5857;13920
2462;457;2919
5314;2451;7765
5886;7906;13792
9110;769;9879
2524;9863;12387
5579;3835;9414
170;3767;3937
2844;9092;11936
5306;5410;10716
8182;1606;9788
1103;1088;2191
193;5115;5308
6323;8442;14765
2306;1361;3667
8477;6210;14687
6784;279;7063
9244;1039;10283
7211;33;7244
1756;953;2709
5366;476;5842
1852;8627;10479
8117;81;8198
8364;3058;11422
4402;3774;8176
8737;6349;15086
2093;5228;7321
7327;4033;11360
7228;8435;15663
3972;1761;5733
8057;6602;14659
382;7790;8172
4871;1749;6620
5977;9666;15643
8676;5737;14413
9074;5996;15070
6845;4274;11119
9154;9120;18274
9148;1323;10471
8009;3967;11976
2686;9058;11744
2198;8598;10796
497;9341;9838
3084;4658;7742
8103;6695;14798
4349;7506;11855
7460;9626;17086
3984;4749;8733
6747;6695;13442
180;9760;9940
1540;8295;9835
1649;8686;10335
7803;6066;13869
6340;9050;15390
3719;1750;5469
9159;6269;15428
1247;1588;2835
4852;7061;11913
8501;4167;12668
6076;5978;12054
6721;4930;11651
8303;7046;15349
5688;9977;15665
1237;2267;3504
2136;7402;9538
9566;6469;16035
8857;4674;13531
7901;7839;15740
2660;2406;5066
3026;5094;8120
9223;5087;14310
376;9203;9579
8451;9625;18076
2730;5269;7999
9663;1193;10856
7856;1783;9639
3466;7175;10641
471;3758;4229
8354;3294;11648
8888;7968;16856
5187;8947;14134
7597;8934;16531
2485;5034;7519
16;5459;5475
9046;7092;16138
9472;8923;18395
7102;8236;15338
3754;560;4314
5623;5525;11148
240;7137;7377
7077;7405;14482
4416;141;4557
1646;45;1691
8872;6842;15714
2130;7700;9830
202;5182;5384
9924;7202;17126
5995;7779;13774
1708;422;2130
5524;5098;10622
3409;4988;8397
3791;9337;13128
5757;9235;14992
8394;6117;14511
4371;4897;9268
2805;3658;6463
1138;3210;4348
4107;6529;10636
256;5125;5381
5016;4132;9148
9750;9630;19380
8167;7782;15949
9087;4600;13687
905;6452;7357
8466;9516;17982
7710;623;8333
6126;2001;8127
9063;7618;16681
4410;4252;8662
2654;905;3559
1914;231;2145
8517;2709;11226
4066;9070;13136
3700;2974;6674
3515;3812;7327
2342;130;2472
9467;797;10264
7638;8547;16185
3576;8638;12214
4197;1709;5906
1461;6884;8345
5423;43;5466
7539;4496;12035
3850;7377;11227
7012;3361;10373
5932;3152;9084
567;605;1172
2211;1537;3748
2298;1374;3672
8429;3989;12418
7575;4918;12493
1209;6097;7306
7221;1440;8661
3724;3931;7655
9244;6561;15805
3413;4482;7895
1041;4538;5579
8975;1497;10472
42;7461;7503
7365;8856;16221
8935;7450;16385
3602;9103;12705
4524;7798;12322
1865;860;2725
7946;8882;16828
801;9802;10603
4496;1077;5573
6850;2727;9577
8985;2879;11864
1040;7256;8296
9685;7344;17029
8109;9987;18096
9810;7685;17495
6715;2344;9059
5729;707;6436
1707;9052;10759
7345;8443;15788
7958;1118;9076
5124;44;5168
9251;1613;10864
7516;8481;15997
8109;8525;16634
174;8221;8395
2427;6231;8658
7173;8551;15724
3125;9537;12662
1254;1634;2888
7048;1541;8589
1842;6882;8724
3699;2310;6009
2332;7413;9745
9195;1545;10740
9610;6073;15683
9362;1142;10504
5396;4124;9520
8208;2097;10305
2039;9527;11566
5473;442;5915
8394;1581;9975
532;7358;7890
5424;2716;8140
9217;1002;10219
6221;287;6508
1413;7150;8563
4513;4978;9491
7651;5790;13441
3128;4143;7271
8522;5622;14144
6259;3083;9342
5724;8030;13754
6616;3476;10092
3880;424;4304
3743;6207;9950
8406;167;8573
9470;2478;11948
7596;7886;15482
7830;8568;16398
3270;8249;11519
2660;131;2791
1594;1092;2686
2483;9680;12163
8180;4702;12882
2216;7584;9800
7229;7976;15205
3919;100;4019
7354;8935;16289
5681;2287;7968
3884;5574;9458
7677;5633;13310
8186;2485;10671
8816;662;9478
8616;4982;13598
9916;1230;11146
9312;6236;15548
2563;1224;3787
9366;5504;14870
2300;8469;10769
8285;3254;11539
1499;885;2384
2627;9435;12062
2450;9018;11468
9071;674;9745
6773;3444;10217
160;8082;8242
7459;1086;8545
8557;1515;10072
8740;3757;12497
857;4996;5853
2315;2215;4530
2775;358;3133
2524;7093;9617
3306;4118;7424
1561;3550;5111
986;2747;3733
4340;66;4406
2692;9209;11901
5505;3450;8955
9106;1409;10515
9410;4173;13583
9261;6551;15812
4191;25;4216
2681;6304;8985
7549;2774;10323
8160;2711;10871
6903;6293;13196
8015;906;8921
6326;3860;10186
2804;4145;6949
8017;493;8510
9220;7984;17204
8253;9726;17979
5934;7714;13648
2721;5986;8707
3420;4632;8052
4160;2349;6509
1103;2208;3311
7844;9653;17497
8509;333;8842
5486;2806;8292
3115;4592;7707
8831;2776;11607
8987;5341;14328
8712;5589;14301
8673;4896;13569
4128;8485;12613
4087;2387;6474
3649;3598;7247
2218;7866;10084
9766;5622;15388
9053;5903;14956
4195;5102;9297
1939;5195;7134
4580;9326;13906
2626;7712;10338
7738;7082;14820
7336;9944;17280
6463;5026;11489
548;6915;7463
102;1638;1740
8863;24;8887
3639;3811;7450
8775;7394;16169
4671;4251;8922
506;7555;8061
2438;1298;3736
6248;4622;10870
4251;9628;13879
2590;6850;9440
9512;5322;14834
9373;5801;15174
2548;3781;6329
3532;5589;9121
7431;4674;12105
6605;2145;8750
4765;5218;9983
7871;5146;13017
6021;1038;7059
7770;5677;13447
902;1023;1925
9950;1167;11117
6612;3893;10505
8854;1424;10278
5722;1308;7030
415;2872;3287
9048;6449;15497
7855;602;8457
36;587;623
2495;6709;9204
5990;2875;8865
3021;2018;5039
6227;5446;11673
5340;6850;12190
3298;2284;5582
153;6687;6840
5668;200;5868
4452;1467;5919
8796;3140;11936
2189;4961;7150
4503;2814;7317
6948;7677;14625
5612;6396;12008
404;2205;2609
862;1211;2073
9847;2000;11847
7213;2862;10075
4332;1132;5464
6045;6628;12673
3136;2989;6125
6183;9833;16016
1536;629;2165
4070;4089;8159
2295;7173;9468
4225;6425;10650
288;2314;2602
555;5209;5764
9308;5841;15149
6460;5420;11880
4446;9182;13628
6418;4811;11229
6320;2376;8696
7363;5950;13313
6018;6707;12725
2076;8571;10647
7271;6110;13381
5927;8905;14832
9429;5947;15376
6999;3870;10869
7621;5347;12968
295;4644;4939
7861;9125;16986
6452;4763;11215
5541;6906;12447
6481;8195;14676
8372;2310;10682
6576;3877;10453
9677;7376;17053
7603;8023;15626
6647;7657;14304
3635;2231;5866
4827;6609;11436
9560;8448;18008
1451;458;1909
5193;8638;13831
959;6546;7505
7615;4301;11916
337;2090;2427
9650;7209;16859
885;3536;4421
9514;4319;13833
8561;5495;14056
2139;8222;10361
4664;9727;14391
2496;5422;7918
2467;4279;6746
9946;1558;11504
253;9839;10092
3266;955;4221
4228;2975;7203
6031;154;6185
1886;1980;3866
6959;4019;10978
3293;9920;13213
6601;578;7179
9623;2922;12545
8780;6405;15185
4992;2278;7270
1338;5018;6356
3335;5640;8975
4213;9096;13309
9382;594;9976
1458;2039;3497
151;7092;7243
4815;819;5634
4479;5340;9819
6680;7880;14560
300;1806;2106
8916;485;9401
4010;4714;8724
8760;4330;13090
608;8201;8809
7512;7984;15496
6300;2798;9098
7214;207;7421
6347;2325;8672
3396;1474;4870
3762;9585;13347
3894;6955;10849
2335;5161;7496
2075;1174;3249
5438;8104;13542
4092;8346;12438
3135;3426;6561
1032;8561;9593
4724;412;5136
1211;5683;6894
1407;4675;6082
176;8693;8869
8032;4665;12697
8144;6747;14891
3654;9806;13460
5803;7524;13327
2706;5838;8544
8873;6103;14976
368;8412;8780
5643;2136;7779
5595;6940;12535
5086;3089;8175
576;2937;3513
1685;9300;10985
6615;4102;10717
9340;112;9452
1286;8247;9533
6128;5457;11585
5982;5438;11420
2260;6021;8281
7625;7611;15236
8743;3758;12501
6014;3204;9218
2225;9719;11944
3527;7243;10770
1699;9022;10721
5238;6203;11441
7114;8616;15730
2394;9828;12222
9632;5247;14879
3043;8750;11793
8076;4579;12655
8618;8304;16922
7100;7660;14760
460;3848;4308
5829;2103;7932
6913;7026;13939
2804;5653;8457
9519;8504;18023
8321;6682;15003
7920;357;8277
2609;6665;9274
9500;8142;17642
9957;5993;15950
1053;5575;6628
7957;9916;17873
351;9913;10264
4175;3375;7550
5083;8735;13818
4555;8465;13020
5132;1633;6765
9650;7241;16891
8288;60;8348
4845;6111;10956
56;5375;5431
5803;6175;11978
93;6694;6787
697;607;1304
7753;3766;11519
8579;3951;12530
5767;6618;12385
5418;4886;10304
5628;9665;15293
8500;8208;16708
9839;1394;11233
7352;5750;13102
5710;6562;12272
234;2729;2963
3791;6422;10213
2609;7934;10543
1868;8235;10103
7584;7341;14925
4121;9706;13827
9467;5220;14687
9749;9611;19360
7885;5437;13322
7237;5970;13207
2382;9467;11849
8669;2887;11556
1730;5293;7023
5388;2594;7982
9429;9744;19173
2576;153;2729
4184;3062;7246
1986;7088;9074
6470;9677;16147
3379;9197;12576
996;2255;3251
8767;7366;16133
7215;6700;13915
1829;6779;8608
9282;5561;14843
1543;8102;9645
980;5631;6611
916;2919;3835
9645;2579;12224
6794;573;7367
7615;9917;17532
987;5302;6289
6528;6784;13312
3055;2244;5299
8604;7039;15643
8623;5863;14486
3656;4610;8266
7749;6994;14743
2211;7022;9233
3260;9484;12744
2050;6943;8993
5243;2959;8202
9070;8210;17280
5716;5249;10965
4293;1636;5929
7451;7814;15265
3875;5832;9707
4953;576;5529
6267;6971;13238
2965;5222;8187
5229;5479;10708
4813;9408;14221
4686;2448;7134
431;4583;5014
4842;2454;7296
1628;8643;10271
9490;6594;16084
9564;5409;14973
1137;279;1416
8908;5814;14722
6870;3750;10620
4774;5176;9950
4677;5302;9979
230;7830;8060
852;8677;9529
6745;2288;9033
2520;40;2560
3248;6071;9319
8581;9320;17901
3509;4505;8014
9140;2401;11541
2588;1142;3730
3690;6501;10191
2356;902;3258
4854;7351;12205
1543;7188;8731
6083;8081;14164
2040;1971;4011
83;6324;6407
1905;7408;9313
9706;8103;17809
91;1888;1979
7519;6458;13977
9312;7326;16638
3703;1443;5146
7387;2476;9863
7907;8424;16331
3294;9635;12929
3247;8744;11991
4119;7384;11503
2874;2307;5181
3214;7117;10331
2073;2846;4919
9729;1311;11040
7720;5755;13475
3161;6467;9628
8590;9847;18437
3470;4193;7663
2273;1499;3772
76;7534;7610
6990;1072;8062
4022;6995;11017
2757;2750;5507
2590;5574;8164
2599;5423;8022
8094;7975;16069
5512;9570;15082
8455;4553;13008
7977;1605;9582
4279;8040;12319
676;9496;10172
9677;5305;14982
9983;4711;14694
2900;563;3463
6590;4338;10928
9701;4620;14321
1786;8194;9980
4003;2324;6327
1101;6212;7313
7041;2564;9605
6465;2454;8919
1194;2520;3714
553;2481;3034
3814;1227;5041
4289;2529;6818
6725;6090;12815
3747;8819;12566
2314;4211;6525
113;3903;4016
3917;2000;5917
535;3244;3779
6347;4164;10511
4531;8302;12833
1211;8208;9419
4942;892;5834
1039;1528;2567
2619;707;3326
3922;6844;10766
8255;7219;15474
2740;1563;4303
1586;8703;10289
7932;7365;15297
698;2100;2798
601;4293;4894
5784;6881;12665
7754;1894;9648
7554;2304;9858
9889;7394;17283
5138;999;6137
2898;3007;5905
3584;2500;6084
1599;4947;6546
8139;4856;12995
5809;8918;14727
9392;8740;18132
8573;8209;16782
9446;3972;13418
8345;1359;9704
3454;5487;8941
9896;5686;15582
5058;3386;8444
8868;1937;10805
1340;9976;11316
8222;2705;10927
8156;1212;9368
1382;4802;6184
2452;6060;8512
7682;7124;14806
7667;5126;12793
5856;4294;10150
4400;1173;5573
6307;3951;10258
8805;2981;11786
5683;2146;7829
8454;3732;12186
2518;197;2715
6101;8291;14392
5706;1295;7001
3238;9442;12680
5143;6108;11251
4687;8424;13111
5904;2144;8048
1958;6884;8842
8275;4345;12620
8463;2033;10496
4566;5683;10249
7520;7805;15325
643;8569;9212
7682;7166;14848
9141;2432;11573
5839;572;6411
3102;801;3903
3170;3348;6518
2875;4216;7091
4449;4142;8591
3164;7615;10779
2733;4259;6992
7465;3758;11223
5633;834;6467
4534;231;4765
8900;3080;11980
8344;6884;15228
6440;9042;15482
2917;2556;5473
4129;3891;8020
150;9304;9454
4598;6019;10617
859;4269;5128
4170;7153;11323
7972;4250;12222
1043;7936;8979
8821;7553;16374
1557;1003;2560
5589;7608;13197
3078;5975;9053
6383;4103;10486
2611;7421;10032
4909;8032;12941
6475;4944;11419
7945;4223;12168
5852;8797;14649
5371;2738;8109
4830;1506;6336
8060;2315;10375
874;636;1510
3679;8653;12332
8385;3582;11967
2842;7649;10491
8831;5557;14388
1984;7649;9633
556;1691;2247
2469;5285;7754
4474;4312;8786
9971;4257;14228
5694;4646;10340
2787;1640;4427
5596;4476;10072
7953;9167;17120
6377;5096;11473
6158;769;6927
8913;7382;16295
3923;2122;6045
1324;9856;11180
3648;5943;9591
7072;9604;16676
2460;9601;12061
2075;6811;8886
3903;659;4562
5320;5808;11128
6371;6417;12788
6267;9836;16103
8121;311;8432
6672;5901;12573
6702;1688;8390
3391;1384;4775
2617;8784;11401
8075;4179;12254
4821;619;5440
643;3381;4024
2352;3236;5588
8493;713;9206
2583;7111;9694
9604;8930;18534
8556;782;9338
7890;2217;10107
595;9691;10286
8738;9602;18340
8879;1250;10129
2044;9032;11076
3962;8240;12202
9243;1825;11068
4379;4877;9256
2618;3901;6519
5627;7040;12667
103;666;769
7148;3389;10537
3020;5464;8484
6305;1224;7529
3280;2531;5811
5905;9165;15070
5922;4193;10115
2476;6224;8700
8304;443;8747
1737;4262;5999
5248;1382;6630
5492;5934;11426
667;2639;3306
206;6882;7088
5500;2928;8428
9754;3004;12758
8240;5423;13663
4903;2984;7887
5280;221;5501
1819;4095;5914
6889;9361;16250
6966;9840;16806
7304;3844;11148
8527;3457;11984
9576;6519;16095
4376;8283;12659
1472;9935;11407
866;7008;7874
4421;3503;7924
737;1155;1892
6406;2129;8535
6098;2103;8201
4381;8319;12700
9582;4756;14338
818;4873;5691
2060;2043;4103
232;4882;5114
9656;591;10247
6057;37;6094
4444;4323;8767
7265;9263;16528
9463;832;10295
8715;487;9202
3039;3184;6223
6988;2746;9734
6523;5335;11858
8248;8054;16302
4343;878;5221
5587;8753;14340
8683;3259;11942
3999;7685;11684
9262;4600;13862
8940;3922;12862
744;2597;3341
7335;8887;16222
800;1824;2624
3319;8501;11820
6269;7793;14062
7738;1440;9178
6010;5639;11649
794;4356;5150
1939;8887;10826
7161;4070;11231
5173;2914;8087
7525;9534;17059
9961;4088;14049
4719;6429;11148
9832;1573;11405
7498;3685;11183
5409;6624;12033
6817;9561;16378
8088;1486;9574
2185;2099;4284
252;1947;2199
8876;5841;14717
3894;704;4598
303;4674;4977
7620;5547;13167
3479;7968;11447
2099;4713;6812
2533;214;2747
1911;2359;4270
196;8905;9101
3745;6961;10706
8420;4779;13199
4625;8672;13297
9914;2340;12254
1396;8252;9648
3162;3217;6379
3990;9246;13236
4178;8468;12646
5390;6919;12309
4999;2725;7724
9067;6563;15630
4874;315;5189
1574;4703;6277
907;6752;7659
2359;4872;7231
2954;1739;4693
7970;5913;13883
1395;5680;7075
785;897;1682
7421;2360;9781
5398;5507;10905
5713;1696;7409
1508;5084;6592
7984;2181;10165
6224;2950;9174
9569;1016;10585
1681;9160;10841
8530;9644;18174
7814;7152;14966
4456;4607;9063
2828;395;3223
4476;2669;7145
7216;7948;15164
926;3330;4256
2714;1105;3819
6148;25;6173
898;9008;9906
9653;219;9872
3744;2847;6591
2963;9385;12348
4562;5842;10404
3207;2506;5713
2369;677;3046
996;9759;10755
9467;1824;11291
5587;5910;11497
8504;2401;10905
3756;940;4696
5734;7137;12871
7922;3421;11343
4308;7693;12001
9216;5187;14403
1882;6961;8843
2607;9986;12593
1651;4263;5914
1482;528;2010
7312;2617;9929
1271;8157;9428
5881;7478;13359
6746;8770;15516
1013;32;1045
8457;6895;15352
2416;7114;9530
2030;4728;6758
4688;7771;12459
1726;6741;8467
208;3495;3703
2201;2482;4683
7933;344;8277
9516;2367;11883
667;5310;5977
2483;6782;9265
6496;3137;9633
9538;526;10064
4749;8211;12960
3632;8534;12166
8692;9023;17715
4327;8333;12660
5354;6466;11820
516;8076;8592
540;1466;2006
6997;3029;10026
5392;5128;10520
5139;2720;7859
1711;9583;11294
4244;9537;13781
7040;485;7525
4491;178;4669
1101;1939;3040
517;4551;5068
3613;8039;11652
3185;4499;7684
3563;5708;9271
2275;6468;8743
4485;8553;13038
4182;843;5025
9059;8497;17556
3383;6979;10362
9569;7946;17515
7319;7146;14465
9963;5194;15157
6362;5261;11623
3588;2907;6495
3451;4750;8201
30;2063;2093
2704;6459;9163
8663;2539;11202
7220;33;7253
4252;4729;8981
4017;7224;11241
5536;9347;14883
7332;375;7707
6372;9128;15500
6879;3031;9910
8329;7613;15942
6219;2214;8433
3459;7578;11037
9119;8016;17135
5598;7018;12616
2310;3311;5621
2833;9527;12360
4883;8724;13607
8656;1005;9661
816;4695;5511
5263;9806;15069
1377;2828;4205
2980;8306;11286
8504;109;8613
9450;7236;16686
4783;2193;6976
5027;5022;10049
1815;4081;5896
1814;8809;10623
758;6796;7554
9433;7203;16636
5384;4162;9546
7071;1184;8255
1652;6334;7986
6062;4533;10595
1538;4069;5607
6959;6800;13759
9860;5884;15744
9074;1233;10307
1696;1386;3082
8788;3506;12294
6507;4022;10529
5203;3261;8464
2796;5175;7971
5791;1332;7123
8676;1837;10513
3068;6805;9873
4256;6402;10658
7421;3228;10649
3959;2211;6170
4769;4491;9260
9047;7873;16920
9416;4392;13808
4260;2470;6730
4923;1216;6139
4245;779;5024
7522;9740;17262
2393;1526;3919
2920;4571;7491
952;1614;2566
1832;2263;4095
301;7073;7374
6716;2113;8829
6049;2421;8470
503;9467;9970
5891;3141;9032
8145;9621;17766
7216;264;7480
2024;6757;8781
220;4780;5000
9296;9072;18368
7097;2137;9234
2722;1792;4514
6139;4549;10688
1746;1825;3571
3813;6313;10126
9633;2026;11659
660;3422;4082
4345;9206;13551
2504;9214;11718
6607;2810;9417
1566;8447;10013
2886;375;3261
6030;6350;12380
3608;4424;8032
3736;7019;10755
5094;4385;9479
7892;3679;11571
6760;8530;15290
3845;3966;7811
8;9085;9093
1769;6868;8637
6543;6859;13402
1587;8157;9744
1507;9776;11283
327;6312;6639
4353;6764;11117
3467;1313;4780
3269;986;4255
5551;308;5859
3565;1850;5415
6342;173;6515
9580;4116;13696
7603;5808;13411
1953;4596;6549
8488;5479;13967
1605;3546;5151
1587;1807;3394
229;2342;2571
6045;7973;14018
1954;676;2630
3540;7994;11534
5337;4065;9402
6323;2813;9136
4048;345;4393
8542;8041;16583
5588;5825;11413
9839;1451;11290
4036;2740;6776
3417;3186;6603
575;2499;3074
4703;5583;10286
7197;2275;9472
7974;8493;16467
1263;7186;8449
7796;3345;11141
6790;3938;10728
9254;6511;15765
5799;6674;12473
173;6822;6995
4489;5596;10085
371;9198;9569
7662;8353;16015
6678;4767;11445
4213;6338;10551
4639;3086;7725
4617;8986;13603
4840;9246;14086
4854;3119;7973
6292;2412;8704
901;9716;10617
3338;5458;8796
8333;8361;16694
7082;95;7177
1450;6361;7811
2093;6086;8179
7695;8468;16163
5466;3003;8469
4829;1572;6401
6677;3206;9883
490;7512;8002
8258;800;9058
4867;4137;9004
6075;2790;8865
7795;6425;14220
4743;8404;13147
9922;3350;13272
5138;8587;13725
1023;9824;10847
7937;5524;13461
1461;4317;5778
423;1138;1561
5849;671;6520
9212;2824;12036
6631;5047;11678
6036;4004;10040
2194;742;2936
8743;7601;16344
8410;5567;13977
4221;87;4308
5274;7183;12457
849;2605;3454
1229;8835;10064
1946;2651;4597
3995;2809;6804
6336;5680;12016
9440;1411;10851
9916;99;10015
441;7208;7649
5629;3188;8817
3751;6701;10452
1043;9878;10921
5601;3502;9103
5013;5458;10471
2089;5977;8066
5520;3432;8952
1052;4997;6049
6195;2978;9173
9290;6486;15776
5215;1608;6823
5785;4348;10133
6015;8621;14636
1882;4950;6832
2341;9511;11852
7758;8204;15962
6258;4261;10519
7138;3794;10932
9368;1534;10902
6901;3746;10647
5400;9349;14749
5929;5134;11063
6226;3237;9463
6664;198;6862
3772;9308;13080
8581;2830;11411
5498;139;5637
5466;4536;10002
7522;4122;11644
6656;2964;9620
7457;7832;15289
2911;6533;9444
5015;302;5317
5644;8511;14155
7317;589;7906
7862;8804;16666
573;559;1132
4171;7205;11376
7639;3323;10962
2199;3922;6121
4621;314;4935
4865;3953;8818
1346;7923;9269
3268;3301;6569
2014;7555;9569
4453;9001;13454
907;4390;5297
1283;5500;6783
1878;8445;10323
325;9296;9621
8340;9561;17901
5087;8507;13594
1635;6154;7789
1896;2276;4172
3264;702;3966
5711;8204;13915
5680;8417;14097
4532;3161;7693
4347;8614;12961
2238;2258;4496
5395;6626;12021
9983;7093;17076
9999;8010;18009
3747;7914;11661
2209;731;2940
7045;4093;11138
6751;786;7537
3645;8939;12584
8258;9168;17426
2599;5642;8241
1993;7880;9873
244;6053;6297
240;3933;4173
1715;4667;6382
3605;3360;6965
2639;233;2872
1151;9931;11082
4448;8144;12592
2954;5859;8813
4400;7528;11928
3709;8607;12316
3678;6981;10659
3118;3726;6844
8120;1161;9281
8453;8599;17052
4060;744;4804
8856;8524;17380
2094;375;2469
4891;5428;10319
3638;8387;12025
1022;2895;3917
1172;5435;6607
7006;2599;9605
9795;4749;14544
2529;6910;9439
1792;9185;10977
8386;4130;12516
8544;1571;10115
6090;6782;12872
292;2442;2734
9584;4679;14263
4704;2254;6958
1043;6243;7286
1;3544;3545
3929;6832;10761
4518;3402;7920
993;1314;2307
7100;5747;12847
1770;8283;10053
8909;3883;12792
4961;5102;10063
5074;2507;7581
9346;9924;19270
9642;5021;14663
8897;5783;14680
4762;6630;11392
8287;1011;9298
3400;8942;12342
1968;3701;5669
4134;7378;11512
1509;3735;5244
4266;6929;11195
2357;7624;9981
570;155;725
7169;6849;14018
8021;2884;10905
131;463;594
647;3335;3982
2940;8420;11360
2535;9269;11804
2858;4634;7492
2490;1525;4015
6847;6901;13748
4295;1998;6293
3642;9381;13023
9563;2548;12111
9029;6672;15701
6211;3116;9327
5153;3923;9076
6347;5613;11960
276;2508;2784
2668;8605;11273
9435;8470;17905
1943;2999;4942
9425;1635;11060
4102;465;4567
8504;5384;13888
1254;8734;9988
7739;1701;9440
4544;4443;8987
7055;3371;10426
1282;2612;3894
2799;6094;8893
1311;322;1633
5126;9118;14244
68;4710;4778
4469;3084;7553
4442;1688;6130
9486;4848;14334
9194;8491;17685
1423;7891;9314
1248;9344;10592
9998;4769;14767
8684;7199;15883
1086;5824;6910
5153;9661;14814
1548;9182;10730
1072;8804;9876
7429;7390;14819
2750;9862;12612
6186;4049;10235
7269;9479;16748
971;7149;8120
6239;8616;14855
6122;2316;8438
9915;6332;16247
8042;777;8819
2706;8475;11181
6840;6474;13314
1944;4220;6164
6282;4529;10811
6188;4111;10299
1261;366;1627
7711;5490;13201
6395;5796;12191
5803;72;5875
829;6549;7378
9658;8884;18542
628;7999;8627
1257;691;1948
6745;3457;10202
5601;1231;6832
3723;4089;7812
6992;9053;16045
6307;4973;11280
4262;3307;7569
3262;2144;5406
6603;2065;8668
4027;1175;5202
8419;2856;11275
6286;7381;13667
6426;1262;7688
2091;6336;8427
9331;8608;17939
4470;1985;6455
5496;8513;14009
7979;8597;16576
545;5018;5563
138;6563;6701
1231;7805;9036
7978;6513;14491
3373;6242;9615
16;1421;1437
7077;3976;11053
9450;9687;19137
6031;1479;7510
6878;4648;11526
1116;2798;3914
5820;579;6399
453;5866;6319
8950;6284;15234
212;1401;1613
1120;1177;2297
7860;4028;11888
1651;648;2299
2115;605;2720
560;7262;7822
3198;7782;10980
2661;1266;3927
457;9482;9939
8192;2473;10665
3453;7031;10484
8206;5062;13268
4137;7103;11240
5077;5544;10621
5512;5183;10695
1179;3881;5060
7350;2367;9717
1559;3577;5136
1303;5191;6494
7153;5013;12166
7077;2677;9754
4044;3077;7121
7453;3974;11427
5823;6789;12612
3200;8381;11581
6538;7846;14384
7509;6874;14383
3080;8859;11939
6148;2029;8177
4148;1087;5235
9927;2334;12261
517;5185;5702
8950;2221;11171
2990;732;3722
6542;4189;10731
7085;3176;10261
6998;7788;14786
5262;850;6112
8977;3485;12462
7427;4993;12420
58;5113;5171
4444;4408;8852
1207;2486;3693
1425;4281;5706
768;33;801
5738;321;6059
9113;1394;10507
4540;6651;11191
2073;4555;6628
4187;6877;11064
3176;6858;10034
9183;940;10123
7818;8005;15823
1241;9892;11133
2465;1308;3773
1105;848;1953
1218;1524;2742
9915;4259;14174
8045;3202;11247
7096;4949;12045
4378;3074;7452
3489;8516;12005
531;6578;7109
710;9791;10501
7986;6768;14754
8623;7051;15674
3143;5162;8305
5054;4426;9480
7403;7670;15073
346;3750;4096
667;9135;9802
1723;779;2502
9434;7322;16756
5836;1672;7508
6977;9333;16310
7151;4535;11686
9213;8448;17661
5854;5335;11189
2616;7459;10075
1832;1451;3283
7171;542;7713
5818;3451;9269
6559;1377;7936
6343;892;7235
665;1769;2434
3746;3908;7654
1447;3273;4720
6834;9292;16126
6822;7920;14742
2890;6322;9212
1681;8187;9868
3942;9815;13757
5979;9353;15332
1013;196;1209
8292;2293;10585
478;393;871
7962;2751;10713
5065;2320;7385
2660;2773;5433
9728;1657;11385
2562;9570;12132
1905;4707;6612
7901;1981;9882
2638;2130;4768
7342;5203;12545
417;1346;1763
3004;1767;4771
6312;7964;14276
1192;7317;8509
8509;4975;13484
6346;6614;12960
2175;9115;11290
1046;1551;2597
6126;2287;8413
3817;8153;11970
2269;556;2825
3217;5058;8275
563;4744;5307
6630;4663;11293
8705;242;8947
8597;3569;12166
4828;1075;5903
9583;1298;10881
8893;2139;11032
5092;3088;8180
3339;1436;4775
1466;7836;9302
9662;3205;12867
2718;987;3705
9465;867;10332
7147;9226;16373
1693;7577;9270
4840;6987;11827
617;8357;8974
4842;6852;11694
685;137;822
2347;9609;11956
7608;7392;15000
4153;8411;12564
5211;3603;8814
5353;4997;10350
5915;2487;8402
1549;6960;8509
4144;7239;11383
8676;9868;18544
9098;9907;19005
1661;7021;8682
5524;461;5985
8315;8706;17021
9541;1252;10793
5376;4713;10089
1953;7426;9379
7893;6180;14073
4879;6615;11494
6307;464;6771
2674;4829;7503
7044;586;7630
4805;339;5144
6159;127;6286
4782;9099;13881
5519;9921;15440
1566;8711;10277
6927;2580;9507
3821;5967;9788
3247;3025;6272
9654;9654;19308
8425;5440;13865
7111;8114;15225
8294;7213;15507
4749;4077;8826
3022;5920;8942
9336;4217;13553
6184;1056;7240
7088;9020;16108
3088;5970;9058
2596;5900;8496
3288;6105;9393
9103;5261;14364
2246;9322;11568
3250;1755;5005
3086;6760;9846
7751;8732;16483
2720;7103;9823
1337;2477;3814
6088;2791;8879
6951;2641;9592
6077;9299;15376
8339;5701;14040
5162;4346;9508
8759;3051;11810
3028;7198;10226
699;3366;4065
420;4141;4561
969;8406;9375
6738;3023;9761
2620;5829;8449
7723;5945;13668
321;7310;7631
4047;3492;7539
6395;3181;9576
4672;760;5432
1786;3952;5738
7913;7437;15350
160;2878;3038
7233;86;7319
8035;1412;9447
7876;8442;16318
7237;2542;9779
7368;145;7513
286;466;752
9222;2082;11304
5075;3494;8569
9234;1777;11011
7969;9963;17932
4332;5805;10137
4591;7095;11686
6736;9315;16051
1602;8019;9621
4680;997;5677
9575;9849;19424
8382;192;8574
489;4365;4854
1044;9642;10686
3410;9843;13253
2862;3081;5943
1547;5749;7296
7470;8335;15805
8513;6215;14728
2089;8547;10636
6563;4516;11079
1690;227;1917
4892;3772;8664
1290;5015;6305
5652;9576;15228
2442;1128;3570
900;6684;7584
6520;6162;12682
5363;8037;13400
8783;4803;13586
9601;3154;12755
3343;870;4213
8587;2273;10860
7400;7832;15232
6720;1522;8242
6728;9785;16513
5638;9280;14918
9241;4926;14167
4041;6840;10881
6238;9855;16093
6419;3292;9711
4793;6965;11758
5975;8550;14525
2560;7226;9786
3572;9844;13416
1833;8441;10274
3690;4249;7939
5896;7222;13118
9106;7344;16450
9452;28;9480
4930;5596;10526
6055;8749;14804
8124;6960;15084
1884;5760;7644
6737;9823;16560
9034;238;9272
7051;1320;8371
7002;4933;11935
6395;2209;8604
863;8944;9807
9039;6564;15603
1090;4090;5180
8379;1355;9734
5062;4699;9761
2402;8853;11255
2450;7203;9653
6210;8129;14339
8128;289;8417
2929;8649;11578
3434;6768;10202
3342;9929;13271
3417;2707;6124
2529;5250;7779
9884;868;10752
5342;5132;10474
9930;448;10378
7366;4446;11812
5110;8973;14083
1514;7657;9171
328;9461;9789
5168;5867;11035
4732;3387;8119
7017;9253;16270
6547;9485;16032
266;245;511
8384;9701;18085
5024;5728;10752
5495;2923;8418
1203;5783;6986
2528;6872;9400
2271;3953;6224
4937;3794;8731
4958;3562;8520
1609;3161;4770
3340;6305;9645
1970;6351;8321
6556;5658;12214
7832;3001;10833
809;1767;2576
2793;700;3493
680;8122;8802
9396;2622;12018
3638;3572;7210
8077;6418;14495
1001;3136;4137
8878;1108;9986
8777;9585;18362
1315;2366;3681
6848;641;7489
386;6793;7179
4503;2008;6511
4445;860;5305
7759;1958;9717
5810;8701;14511
8296;2818;11114
665;7490;8155
1385;9923;11308
1717;8077;9794
833;2951;3784
351;4133;4484
6675;8801;15476
8183;7624;15807
1115;1675;2790
5582;8940;14522
2052;8886;10938
211;1031;1242
3925;4018;7943
5071;6739;11810
6868;380;7248
6581;9494;16075
9628;6506;16134
6058;681;6739
9982;7137;17119
4385;7963;12348
9212;1797;11009
815;7696;8511
2930;7862;10792
950;6510;7460
6187;7847;14034
3696;5882;9578
758;4826;5584
4117;1864;5981
5382;7162;12544
3065;4619;7684
3136;4453;7589
5905;3816;9721
4947;585;5532
5550;7364;12914
433;3398;3831
2679;2841;5520
7481;5952;13433
1662;3035;4697
7873;2640;10513
204;3942;4146
2208;6904;9112
9690;4197;13887
9811;4213;14024
7361;6476;13837
4956;6552;11508
5242;7837;13079
5037;9911;14948
3292;1588;4880
5424;6694;12118
3809;9143;12952
5422;448;5870
8393;4047;12440
6264;8834;15098
6127;5540;11667
772;8936;9708
5445;1676;7121
7384;1208;8592
5788;9787;15575
3094;7010;10104
7807;4783;12590
5708;1215;6923
8133;7175;15308
3482;1046;4528
522;6180;6702
2532;5088;7620
5894;2811;8705
3864;8475;12339
9666;4583;14249
1018;2082;3100
8423;9507;17930
7216;3591;10807
5933;3406;9339
5985;5907;11892
2397;8480;10877
1566;4899;6465
6655;7304;13959
637;7;644
3938;1679;5617
7753;5952;13705
7491;4543;12034
7645;5290;12935
9869;4744;14613
5646;1413;7059
2674;4486;7160
9860;8962;18822
185;4909;5094
431;9372;9803
9523;7469;16992
3082;1930;5012
3075;6494;9569
7675;4792;12467
613;2978;3591
4421;8755;13176
8839;6423;15262
5367;4474;9841
8003;8220;16223
281;1926;2207
7449;949;8398
1834;3486;5320
762;6257;7019
9784;4475;14259
6808;5612;12420
7798;5471;13269
273;4402;4675
47;2302;2349
2190;2043;4233
8666;9470;18136
5505;212;5717
4535;652;5187
7281;2123;9404
1960;7940;9900
9306;4564;13870
3161;7625;10786
6500;30;6530
6846;9154;16000
7335;8741;16076
4908;4344;9252
9128;2067;11195
8770;99;8869
4304;8479;12783
7086;4657;11743
395;856;1251
2056;5223;7279
1108;1820;2928
9191;5924;15115
4266;9999;14265
4959;7066;12025
8471;9192;17663
6581;7591;14172
2370;2714;5084
5208;636;5844
8866;9487;18353
4641;4911;9552
1110;9440;10550
7827;6003;13830
1568;6033;7601
9466;8591;18057
6595;7735;14330
2438;3686;6124
5248;3147;8395
7857;351;8208
2286;1544;3830
8458;7802;16260
6565;8450;15015
6217;3272;9489
3669;2152;5821
5824;4790;10614
1390;816;2206
3491;7717;11208
808;4331;5139
4405;357;4762
9195;2587;11782
946;9256;10202
2663;7421;10084
755;1827;2582
559;7192;7751
8318;9291;17609
1266;3676;4942
348;7924;8272
5560;7111;12671
2820;1490;4310
3957;9287;13244
8599;9658;18257
6999;2700;9699
3135;9895;13030
2947;3658;6605
5635;2145;7780
3748;6982;10730
4743;3899;8642
4924;5762;10686
4805;7397;12202
243;8126;8369
6432;551;6983
2084;1944;4028
8182;8261;16443
4535;9230;13765
4296;878;5174
4955;3909;8864
5599;4588;10187
100;1790;1890
5294;2450;7744
1587;3620;5207
5018;5583;10601
4469;9290;13759
4399;5825;10224
6730;8863;15593
6091;8984;15075
1820;9843;11663
2991;2475;5466
8065;3778;11843
1142;7399;8541
9796;6483;16279
125;3755;3880
3605;6871;10476
9717;3325;13042
5865;6465;12330
5039;2447;7486
6587;8134;14721
2247;9483;11730
4938;8003;12941
497;7124;7621
5410;3593;9003
9115;1060;10175
2436;8239;10675
651;9177;9828
1749;6035;7784
7573;762;8335
212;3048;3260
3426;8486;11912
6963;9925;16888
6420;2642;9062
5498;9666;15164
2560;7315;9875
9447;5747;15194
8779;2010;10789
8013;5349;13362
6226;6755;12981
3442;5984;9426
9287;9604;18891
3810;8021;11831
7919;600;8519
9330;3218;12548
8441;4243;12684
6871;9345;16216
2737;1506;4243
654;5370;6024
2509;4823;7332
7636;4919;12555
8250;3326;11576
518;9965;10483
5525;6421;11946
9755;4401;14156
9677;2204;11881
7067;3431;10498
4064;7985;12049
8025;9060;17085
8148;4371;12519
6133;4730;10863
8759;7884;16643
4978;4304;9282
1886;6336;8222
4371;1861;6232
4190;6095;10285
3115;388;3503
3736;7621;11357
6923;3649;10572
7556;8548;16104
5321;4292;9613
8625;5285;13910
2842;2544;5386
2646;3135;5781
2125;349;2474
6697;2302;8999
5225;712;5937
3450;9357;12807
8081;7113;15194
3795;2278;6073
530;518;1048
6474;9325;15799
4073;6857;10930
4387;3464;7851
1538;751;2289
2134;9666;11800
2146;4299;6445
1856;2993;4849
2704;2431;5135
1745;2493;4238
5912;6872;12784
2410;8114;10524
968;4964;5932
2133;2260;4393
316;6559;6875
6709;4144;10853
7460;9728;17188
7171;5171;12342
9030;3780;12810
1307;4261;5568
5711;9346;15057
8197;8528;16725
6259;7268;13527
4714;5155;9869
4208;837;5045
4640;6740;11380
1279;2442;3721
2412;7465;9877
7639;26;7665
6883;6298;13181
7866;3002;10868
2213;7630;9843
4022;6961;10983
2149;5825;7974
2677;2362;5039
5014;8369;13383
1141;1762;2903
3808;117;3925
8879;7163;16042
7558;7424;14982
1427;10;1437
4303;8958;13261
3524;4216;7740
1880;5258;7138
5267;3161;8428
2623;1130;3753
1992;2546;4538
8168;1078;9246
3754;598;4352
2944;5058;8002
6299;7002;13301
7211;9067;16278
9684;3213;12897
8660;8146;16806
1555;1425;2980
7518;5023;12541
419;6810;7229
8457;8682;17139
9737;2596;12333
9572;8568;18140
3313;823;4136
3242;7675;10917
9253;2366;11619
3248;2084;5332
8705;8542;17247
5690;7054;12744
6619;6035;12654
8702;6051;14753
544;6515;7059
3419;9302;12721
7040;3162;10202
3255;9778;13033
6885;1096;7981
5208;4660;9868
1585;2751;4336
5959;6643;12602
4858;5168;10026
6493;7878;14371
4698;1818;6516
9146;6501;15647
8374;7571;15945
8036;9830;17866
9404;6184;15588
5616;7722;13338
6467;1994;8461
1999;1332;3331
7039;8785;15824
4375;6062;10437
8018;9165;17183
8169;405;8574
8308;2531;10839
395;1690;2085
2494;3309;5803
7801;3595;11396
8506;8360;16866
499;1934;2433
2480;3901;6381
8098;6858;14956
6757;3454;10211
620;5157;5777
5571;9983;15554
6486;3156;9642
9900;8503;18403
3874;1191;5065
3743;331;4074
418;1229;1647
9341;6329;15670
8678;521;9199
4500;1451;5951
4570;7698;12268
3702;480;4182
6355;2981;9336
3;69;72
4756;2324;7080
4946;5918;10864
4377;8382;12759
2941;6414;9355
8550;2133;10683
3904;1030;4934
1330;3457;4787
3383;5221;8604
4052;8970;13022
1265;8830;10095
5219;3570;8789
5170;7699;12869
2691;9050;11741
7811;6789;14600
1534;7326;8860
244;3040;3284
8789;6957;15746
7308;5864;13172
3159;4457;7616
7754;541;8295
9664;789;10453
327;6732;7059
7768;5637;13405
7994;3999;11993
6231;907;7138
3802;2419;6221
65;7848;7913
70;1642;1712
8674;6051;14725
7216;5807;13023
3214;170;3384
8536;9828;18364
6585;6819;13404
8201;7796;15997
7280;8439;15719
1702;4464;6166
1346;5017;6363
5180;5698;10878
3161;5368;8529
9053;1763;10816
4;8756;8760
2203;6374;8577
1625;386;2011
5027;4942;9969
4471;7842;12313
6703;4712;11415
8791;7136;15927
1911;7179;9090
2528;6225;8753
1890;6558;8448
9329;9304;18633
636;3130;3766
1907;422;2329
7296;2658;9954
4170;8822;12992
3176;9593;12769
5923;79;6002
7046;9960;17006
8052;2193;10245
4270;7706;11976
5084;9987;15071
5849;9170;15019
5556;3694;9250
8156;1764;9920
3253;5230;8483
8057;6167;14224
3297;3319;6616
7538;8565;16103
608;1542;2150
5117;8681;13798
7287;592;7879
7089;4327;11416
6491;1270;7761
2869;8180;11049
5208;4262;9470
2275;3963;6238
8757;8790;17547
5546;9313;14859
5453;3;5456
852;7948;8800
5950;6953;12903
1050;7083;8133
6519;9619;16138
8575;5896;14471
8634;8842;17476
2244;3389;5633
8839;4506;13345
9777;8967;18744
6432;229;6661
8701;2636;11337
7366;9591;16957
3595;6020;9615
6596;7425;14021
3477;8834;12311
5256;7547;12803
3732;7279;11011
4349;7322;11671
7345;7762;15107
468;1713;2181
8112;3011;11123
6404;3188;9592
6562;6447;13009
692;6483;7175
1476;191;1667
225;3350;3575
1496;9531;11027
102;5946;6048
3349;8008;11357
125;5223;5348
7558;3111;10669
606;5621;6227
4230;9177;13407
8585;5342;13927
843;1048;1891
9564;2395;11959
4937;2074;7011
3801;9795;13596
8537;1680;10217
6645;1163;7808
9423;4977;14400
7003;1683;8686
1883;653;2536
799;781;1580
959;2903;3862
2103;3155;5258
4898;8640;13538
7885;336;8221
1119;4516;5635
4541;5292;9833
2424;8549;10973
9216;6209;15425
138;2096;2234
8606;5418;14024
6460;2684;9144
277;9909;10186
1254;4855;6109
5765;2394;8159
928;9440;10368
2558;8576;11134
2105;5535;7640
5977;5539;11516
2644;4623;7267
6859;5404;12263
9500;3948;13448
7231;3231;10462
1290;9544;10834
2015;3552;5567
6443;5972;12415
9647;4534;14181
7181;8901;16082
7908;988;8896
7166;9978;17144
4559;5774;10333
3091;125;3216
6885;300;7185
7252;2184;9436
9632;1475;11107
1037;5346;6383
5993;2267;8260
4729;1433;6162
5176;3080;8256
699;4200;4899
2785;3129;5914
8166;9288;17454
7662;6882;14544
2883;4365;7248
8886;5909;14795
3346;8842;12188
5859;5651;11510
594;5917;6511
3720;9315;13035
888;3147;4035
6296;6044;12340
6572;8152;14724
941;609;1550
2919;8455;11374
7852;9938;17790
2333;8591;10924
5362;1105;6467
7824;5632;13456
8234;5443;13677
7966;4068;12034
1561;4798;6359
3857;1200;5057
3838;666;4504
5232;5020;10252
9127;1387;10514
5401;9868;15269
3027;6616;9643
4636;9583;14219
2820;6042;8862
4894;5561;10455
418;9647;10065
4379;3469;7848
4158;4434;8592
1595;2688;4283
5470;5868;11338
6259;851;7110
9772;8740;18512
4579;163;4742
1829;5211;7040
6514;6169;12683
1461;1935;3396
959;3231;4190
964;1551;2515
140;4317;4457
164;1892;2056
1585;6347;7932
4245;1;4246
1973;9101;11074
3737;3433;7170
2286;6014;8300
7803;1482;9285
9438;4020;13458
9510;5416;14926
3453;3930;7383
9886;212;10098
6334;1648;7982
3724;7938;11662
7496;2293;9789
8293;7346;15639
5256;1208;6464
8078;4125;12203
4028;507;4535
4843;2318;7161
1047;4700;5747
3404;4385;7789
4782;9639;14421
2559;240;2799
4780;4911;9691
5678;9806;15484
5387;9346;14733
5452;271;5723
3843;4699;8542
4333;3665;7998
7570;6724;14294
5751;8352;14103
2787;4382;7169
9670;4041;13711
3263;6501;9764
9816;5938;15754
1061;8871;9932
2809;4013;6822
5975;7423;13398
8519;427;8946
3795;1098;4893
1978;8029;10007
7694;5618;13312
5395;100;5495
8516;2156;10672
1647;2423;4070
1022;6772;7794
8464;2256;10720
5311;1956;7267
22;8641;8663
8536;3417;11953
7818;6734;14552
7288;7802;15090
3588;4914;8502
4622;1730;6352
4908;3604;8512
5575;4888;10463
5878;6561;12439
4681;1241;5922
8810;5180;13990
8017;3973;11990
1232;252;1484
1128;9527;10655
515;6322;6837
4142;2245;6387
4998;7212;12210
5401;6606;12007
7569;636;8205
23;6814;6837
3454;2196;5650
5940;5184;11124
5633;2331;7964
710;2351;3061
1360;1790;3150
3368;5858;9226
8396;2770;11166
9067;7801;16868
2152;3655;5807
3221;9642;12863
4184;4881;9065
638;4316;4954
1790;2834;4624
8588;8957;17545
1478;5260;6738
501;5059;5560
2373;2736;5109
5486;289;5775
9395;4417;13812
768;6731;7499
3178;8073;11251
3973;8789;12762
9005;7690;16695
5274;1592;6866
2730;4766;7496
9790;7434;17224
187;8412;8599
3350;3970;7320
68;3946;4014
7866;7240;15106
3365;7695;11060
643;3476;4119
7588;8814;16402
1760;4633;6393
9897;880;10777
2180;6011;8191
5990;2075;8065
5393;4008;9401
6337;5414;11751
270;4703;4973
2037;7510;9547
6987;4437;11424
6529;5004;11533
4692;9677;14369
5163;7064;12227
7624;2809;10433
1123;9298;10421
8685;4536;13221
4188;3012;7200
5099;7716;12815
9034;9987;19021
4055;7172;11227
1596;6691;8287
8492;4734;13226
838;2221;3059
2838;8078;10916
6813;7513;14326
5789;9069;14858
6102;5546;11648
6725;5375;12100
6506;2809;9315
7043;9775;16818
9590;7416;17006
448;7526;7974
6086;8900;14986
780;5913;6693
6255;1262;7517
5027;3858;8885
8473;1629;10102
6838;9342;16180
1617;1511;3128
2310;7719;10029
6305;3740;10045
3029;9757;12786
1174;3617;4791
9141;611;9752
9763;7249;17012
1418;475;1893
9020;2841;11861
8436;3326;11762
7679;7371;15050
9587;7684;17271
4077;3275;7352
4735;5912;10647
7075;966;8041
1586;6554;8140
293;3850;4143
1235;4287;5522
2286;1460;3746
1579;1807;3386
4684;97;4781
7402;9079;16481
5335;3745;9080
2834;8995;11829
6838;4856;11694
861;1696;2557
6274;6401;12675
2375;7484;9859
1274;3285;4559
7244;5985;13229
5168;2904;8072
9830;2024;11854
8401;9748;18149
6432;9759;16191
6507;6511;13018
892;2498;3390
9885;6089;15974
2457;4068;6525
6597;954;7551
6205;1446;7651
4210;8489;12699
9793;377;10170
1544;1732;3276
2;3011;3013
8409;4497;12906
8885;8873;17758
6100;6596;12696
7430;2604;10034
5264;2629;7893
5513;6953;12466
635;1665;2300
4657;458;5115
3324;7430;10754
130;6421;6551
1178;3331;4509
4791;9515;14306
6265;4810;11075
8512;454;8966
2464;1806;4270
6331;2447;8778
3459;1849;5308
8239;140;8379
3321;4936;8257
3394;1422;4816
7737;1969;9706
5788;3675;9463
4308;2941;7249
1818;6784;8602
8549;8291;16840
6957;7824;14781
3149;4292;7441
4580;8657;13237
5732;1055;6787
6874;143;7017
120;5488;5608
7101;3115;10216
6689;1212;7901
380;444;824
1630;9360;10990
4503;7297;11800
1155;2483;3638
5023;6486;11509
9677;7002;16679
8155;3239;11394
4705;3630;8335
4483;981;5464
2273;9101;11374
7912;695;8607
8968;1079;10047
4822;6494;11316
6335;5467;11802
6121;5045;11166
3712;8472;12184
4198;6984;11182
7690;434;8124
8524;1346;9870
3570;3693;7263
7559;229;7788
5757;8112;13869
167;333;500
8682;5287;13969
6796;7507;14303
4041;1214;5255
2145;3758;5903
1581;9339;10920
8786;5120;13906
172;5435;5607
2495;2585;5080
8557;9231;17788
7748;9062;16810
7349;6422;13771
5770;5592;11362
9158;6081;15239
3498;7397;10895
2875;8044;10919
8483;3648;12131
7076;7662;14738
379;556;935
9665;2770;12435
9348;7715;17063
9642;5904;15546
690;6526;7216
1772;5840;7612
1541;2861;4402
3012;7055;10067
1403;5506;6909
8629;1730;10359
3135;6174;9309
4931;5824;10755
1396;3691;5087
8820;9679;18499
1400;4697;6097
5578;4979;10557
2989;9614;12603
41;8092;8133
7860;5946;13806
904;9861;10765
3355;7070;10425
644;9048;9692
5886;2376;8262
2821;602;3423
441;5967;6408
3960;5473;9433
2098;2772;4870
594;5543;6137
786;7451;8237
2947;3744;6691
453;7628;8081
4828;8066;12894
1726;4012;5738
2535;5921;8456
8339;943;9282
3027;9798;12825
742;9438;10180
1989;1849;3838
6491;9843;16334
7592;492;8084
7206;4205;11411
4426;4528;8954
7662;5259;12921
3272;7804;11076
8326;2978;11304
6918;617;7535
9756;1243;10999
8597;5334;13931
7725;9941;17666
1594;5874;7468
5239;6832;12071
596;2739;3335
6947;2868;9815
146;5841;5987
50;2686;2736
5848;4890;10738
4598;8794;13392
2747;5053;7800
2872;8303;11175
6370;8830;15200
2503;8480;10983
7624;6079;13703
6229;1492;7721
5283;2365;7648
9960;1077;11037
2353;7806;10159
5393;2725;8118
641;6181;6822
6176;2982;9158
5488;5228;10716
6230;7182;13412
3351;5991;9342
8551;1657;10208
3678;1124;4802
3671;7758;11429
244;8741;8985
3996;7510;11506
8902;1778;10680
7163;9969;17132
7986;6755;14741
3639;8421;12060
8589;9215;17804
7909;132;8041
7118;431;7549
8607;8431;17038
8518;5728;14246
472;8208;8680
2882;8791;11673
2657;7270;9927
2373;4680;7053
5036;767;5803
4670;660;5330
7520;9144;16664
3570;7224;10794
8517;6765;15282
9193;8182;17375
7207;2057;9264
335;7586;7921
3817;8184;12001
994;7723;8717
9746;2734;12480
4480;3796;8276
2374;1456;3830
3176;5927;9103
6302;7706;14008
99;9074;9173
5878;7730;13608
3078;3482;6560
9353;9937;19290
3012;9075;12087
2642;3231;5873
3183;636;3819
5493;8091;13584
8862;6104;14966
2179;7343;9522
1248;1121;2369
9479;8487;17966
8786;1822;10608
2001;518;2519
412;2056;2468
7858;5028;12886
9161;4183;13344
1461;5065;6526
2682;6108;8790
72;9869;9941
578;9392;9970
667;8305;8972
8414;2724;11138
9947;6071;16018
33;166;199
2291;8102;10393
6572;6246;12818
9203;4435;13638
7051;7258;14309
8037;5102;13139
5451;3318;8769
3707;8146;11853
2847;2545;5392
184;7949;8133
5008;6016;11024
1369;9819;11188
18;4144;4162
1698;1063;2761
5476;5476;10952
9680;2142;11822
5584;3955;9539
6995;7112;14107
6045;848;6893
3636;7519;11155
1160;4339;5499
9198;3475;12673
7884;8965;16849
4399;7320;11719
6471;6103;12574
1019;833;1852
762;9542;10304
2490;9981;12471
5208;9663;14871
2708;5781;8489
5467;604;6071
2916;3181;6097
6156;5398;11554
8588;7682;16270
4512;9103;13615
834;1001;1835
4447;9857;14304
4216;3411;7627
4109;234;4343
8004;6209;14213
453;3337;3790
3093;2460;5553
947;9299;10246
3241;8269;11510
1552;913;2465
6366;4830;11196
5893;3259;9152
9990;4971;14961
8305;9345;17650
29;3227;3256
854;3906;4760
7700;7116;14816
8737;6878;15615
6095;767;6862
669;654;1323
5006;6280;11286
5872;3621;9493
224;6197;6421
130;5889;6019
9310;9246;18556
4818;5928;10746
1082;7149;8231
210;2277;2487
9597;9612;19209
8875;3995;12870
4617;5211;9828
1142;4323;5465
5667;8184;13851
584;5184;5768
9751;5972;15723
5092;1250;6342
7497;3343;10840
9527;9203;18730
8946;533;9479
4501;6969;11470
8445;2365;10810
4752;2950;7702
2760;4902;7662
2902;9567;12469
4640;7122;11762
1950;8903;10853
483;6896;7379
7080;5804;12884
9729;6601;16330
1455;9263;10718
3122;357;3479
7970;6578;14548
2375;5916;8291
8330;1002;9332
2733;2057;4790
1115;8792;9907
682;6894;7576
6598;8289;14887
4137;7085;11222
203;3990;4193
330;356;686
4448;4873;9321
1952;2529;4481
5511;3514;9025
1737;7699;9436
7057;360;7417
1922;9754;11676
5223;3463;8686
2531;1318;3849
1084;2520;3604
2306;9450;11756
2827;5835;8662
9232;9198;18430
8802;3460;12262
3789;1842;5631
9583;924;10507
2634;5243;7877
7010;4371;11381
6452;4537;10989
6542;1589;8131
1647;4435;6082
1719;1816;3535
8803;105;8908
4440;2615;7055
2044;3640;5684
5619;2106;7725
1669;70;1739
8494;5381;13875
2469;4641;7110
465;5097;5562
8167;6882;15049
525;309;834
5484;8583;14067
79;9454;9533
4334;1390;5724
32;6117;6149
3118;6098;9216
6698;968;7666
4964;6599;11563
4999;5543;10542
8851;6688;15539
6244;746;6990
5732;4174;9906
3716;1686;5402
5170;7644;12814
4022;1413;5435
4883;9551;14434
8255;8420;16675
7116;2249;9365
2164;8450;10614
1169;2005;3174
6340;8300;14640
1285;7708;8993
7599;1115;8714
1050;9680;10730
3959;7001;10960
4144;9099;13243
4699;9628;14327
2232;7663;9895
2542;993;3535
7885;5984;13869
4088;3564;7652
421;4050;4471
3296;9773;13069
8688;7886;16574
513;7649;8162
7751;4340;12091
9066;6212;15278
5152;2968;8120
7951;8489;16440
2574;6373;8947
2024;8864;10888
6361;354;6715
3038;6312;9350
8915;2081;10996
4172;1239;5411
3279;66;3345
1840;2306;4146
2786;6272;9058
7220;1718;8938
1887;4710;6597
2521;686;3207
7036;9549;16585
7861;5985;13846
5490;4232;9722
5941;6772;12713
58;4436;4494
6503;3880;10383
3483;8799;12282
132;4962;5094
2936;2951;5887
8492;6881;15373
276;1031;1307
1284;9198;10482
8681;9879;18560
3314;6793;10107
1891;8783;10674
9336;7266;16602
3027;7987;11014
9190;4554;13744
4262;2443;6705
8006;9291;17297
4384;4088;8472
7357;3508;10865
8833;4040;12873
408;9715;10123
1238;1331;2569
8168;7800;15968
22;3653;3675
8318;7711;16029
2079;2131;4210
4087;2982;7069
9921;1831;11752
1620;271;1891
3379;3895;7274
1821;2844;4665
756;8663;9419
9669;9050;18719
3125;8484;11609
4878;870;5748
4453;5673;10126
2963;1015;3978
5437;2604;8041
3008;5951;8959
1440;804;2244
7119;5086;12205
977;6760;7737
5939;4511;10450
9871;1369;11240
5719;5018;10737
254;9551;9805
5344;7738;13082
5061;9804;14865
9513;7655;17168
5464;5622;11086
4027;7615;11642
5006;8060;13066
9917;4741;14658
5970;6305;12275
3226;6922;10148
5000;6554;11554
1695;8665;10360
9743;567;10310
6069;3693;9762
9758;1052;10810
2446;6978;9424
9263;3336;12599
2499;8727;11226
3493;9282;12775
5488;4324;9812
9858;7004;16862
2794;3536;6330
1392;4190;5582
3883;7378;11261
2719;7232;9951
8726;2222;10948
893;3430;4323
1993;4553;6546
6398;1361;7759
9200;3339;12539
5685;1530;7215
1761;6549;8310
6497;193;6690
1953;3873;5826
4778;4263;9041
7246;9049;16295
4151;2261;6412
138;1181;1319
2603;1416;4019
7787;4867;12654
8597;5497;14094
6219;5929;12148
5429;9378;14807
3917;8870;12787
4377;3094;7471
9787;6532;16319
9031;9598;18629
840;2434;3274
3235;5416;8651
7545;4388;11933
7680;96;7776
3310;7032;10342
6728;9183;15911
8236;2718;10954
5642;6250;11892
71;4394;4465
4045;6883;10928
7876;5658;13534
1160;6935;8095
2250;4727;6977
4405;2924;7329
9253;1460;10713
4673;6059;10732
4996;8780;13776
7252;8678;15930
9708;9657;19365
9440;4098;13538
1054;8127;9181
6786;8159;14945
7586;1678;9264
3991;606;4597
2495;5937;8432
3876;711;4587
9933;4814;14747
4509;8182;12691
6463;1837;8300
622;5776;6398
3846;7032;10878
8467;6896;15363
993;6609;7602
7951;8564;16515
6773;6232;13005
1181;3017;4198
6711;2810;9521
689;211;900
1426;6689;8115
2377;288;2665
8769;6556;15325
4774;8535;13309
4363;8630;12993
5913;198;6111
5728;8059;13787
48;9549;9597
9575;5184;14759
9646;9724;19370
827;9179;10006
7392;6183;13575
8915;1879;10794
3124;3893;7017
1985;4770;6755
1285;8844;10129
7349;4808;12157
6299;3385;9684
7020;4712;11732
9239;361;9600
2467;7074;9541
7592;6244;13836
7019;2230;9249
7841;3316;11157
8397;424;8821
8064;4186;12250
3769;471;4240
8096;6828;14924
5443;9941;15384
7044;5198;12242
2011;3141;5152
2301;4736;7037
2470;9470;11940
70;2290;2360
8779;2441;11220
4435;1654;6089
6692;3718;10410
9617;9721;19338
786;5462;6248
1500;3266;4766
1816;2354;4170
1186;7531;8717
5954;7544;13498
7503;2130;9633
7615;5174;12789
7181;9648;16829
5065;192;5257
2738;3854;6592
4110;5114;9224
5795;1338;7133
7043;6622;13665
3469;1346;4815
9019;9797;18816
7867;1513;9380
5795;6849;12644
92;3646;3738
869;8201;9070
7005;2753;9758
722;1967;2689
5795;195;5990
8369;7554;15923
5710;4704;10414
1064;2902;3966
8285;4023;12308
9760;5980;15740
8447;7352;15799
9195;5679;14874
1717;8255;9972
6503;5415;11918
9896;9050;18946
2108;2780;4888
4420;2659;7079
1381;4013;5394
6682;5880;12562
2852;1161;4013
4660;7658;12318
5900;5927;11827
1334;9406;10740
880;6334;7214
5361;1623;6984
7724;6746;14470
2632;2191;4823
5908;8966;14874
9943;715;10658
254;9641;9895
1678;6228;7906
2296;8895;11191
8064;3661;11725
9289;6743;16032
5624;7453;13077
2302;1518;3820
547;7712;8259
5113;5368;10481
3449;3623;7072
6107;9517;15624
2950;7699;10649
821;177;998
8598;3909;12507
2480;6271;8751
3044;7511;10555
9778;9778;19556
8917;2443;11360
4786;4516;9302
4075;6205;10280
7968;2275;10243
7485;8618;16103
5775;4293;10068
3674;6952;10626
31;6473;6504
874;5635;6509
8921;9542;18463
2850;4533;7383
5286;6377;11663
8300;9241;17541
6454;8176;14630
1755;874;2629
839;3027;3866
2896;2554;5450
3403;8271;11674
3810;8438;12248
3699;4509;8208
1994;2867;4861
1920;4181;6101
1342;9220;10562
8653;6487;15140
6909;761;7670
1192;3495;4687
446;6331;6777
4660;1625;6285
5781;6014;11795
630;1681;2311
576;1498;2074
2297;2141;4438
5709;3355;9064
1122;276;1398
6709;8121;14830
7502;1787;9289
4932;5126;10058
8481;6438;14919
6646;5;6651
2265;4011;6276
5030;5053;10083
1739;887;2626
8247;6567;14814
1665;6377;8042
3397;8559;11956
2166;4811;6977
9386;9183;18569
2231;8374;10605
8814;2145;10959
9428;4388;13816
2421;4580;7001
2742;5519;8261
733;3859;4592
6201;3474;9675
8832;1853;10685
7207;2912;10119
668;8953;9621
7772;5168;12940
8723;7782;16505
645;9843;10488
8362;628;8990
5598;1642;7240
6217;8826;15043
6625;5384;12009
4987;5779;10766
3839;5497;9336
611;3157;3768
7492;9099;16591
4907;8396;13303
9902;3577;13479
3799;9680;13479
13;6929;6942
1030;4571;5601
1508;9226;10734
8544;9239;17783
979;7796;8775
8997;8351;17348
1022;1607;2629
1126;1557;2683
3959;9980;13939
8681;9494;18175
5170;3604;8774
4355;5379;9734
7620;253;7873
3943;6104;10047
5213;3230;8443
8797;1103;9900
5594;6469;12063
9323;7879;17202
3349;8833;12182
3936;7545;11481
4564;320;4884
6976;9471;16447
3889;5396;9285
2826;9218;12044
2167;1450;3617
2536;1849;4385
4675;712;5387
5173;7964;13137
7309;4491;11800
2146;5935;8081
5431;8513;13944
736;6366;7102
7634;7191;14825
8520;1088;9608
3005;6142;9147
9613;1985;11598
4862;2490;7352
1508;4604;6112
3579;4398;7977
6833;8705;15538
7576;8022;15598
7534;996;8530
22;5067;5089
9929;5580;15509
3572;6272;9844
3920;6862;10782
7227;2503;9730
7819;8923;16742
1440;3412;4852
8916;3157;12073
8629;5773;14402
3284;9870;13154
8060;7624;15684
6834;1276;8110
3124;8405;11529
7093;1926;9019
7553;5239;12792
9754;1490;11244
2125;3967;6092
4788;1546;6334
9835;7194;17029
7900;3064;10964
651;5924;6575
1601;5731;7332
9669;7867;17536
338;2849;3187
4566;2480;7046
4658;9141;13799
4468;6172;10640
8960;5595;14555
8221;4797;13018
8584;4931;13515
9279;8788;18067
277;4500;4777
99;1010;1109
1061;9523;10584
4443;899;5342
8954;1631;10585
5687;4491;10178
7996;364;8360
683;626;1309
6045;6632;12677
6916;6320;13236
4603;7329;11932
5019;3907;8926
106;3542;3648
8578;5298;13876
3692;5764;9456
8824;1795;10619
1571;8323;9894
796;3197;3993
5502;308;5810
1823;9379;11202
4943;7206;12149
2906;6688;9594
9633;9895;19528
3151;8231;11382
9465;5935;15400
7204;6379;13583
9996;4406;14402
3197;5816;9013
4491;5259;9750
9648;6497;16145
7903;5256;13159
5030;3817;8847
2084;1116;3200
2349;8590;10939
8666;7005;15671
9101;5761;14862
496;5808;6304
9712;2404;12116
102;5434;5536
8691;3651;12342
9566;1228;10794
9607;1111;10718
693;4838;5531
816;5540;6356
7299;1109;8408
1946;7519;9465
7263;6714;13977
5859;7317;13176
9241;5867;15108
2071;6544;8615
4759;3816;8575
3764;4396;8160
7445;7373;14818
1078;7989;9067
5340;3590;8930
6399;8632;15031
1399;9832;11231
3700;2068;5768
2330;633;2963
2838;6675;9513
4728;7176;11904
2387;1111;3498
4722;3971;8693
7931;5768;13699
7692;2199;9891
4145;7218;11363
2252;233;2485
5839;4104;9943
1219;5023;6242
4774;439;5213
4635;8607;13242
5207;5504;10711
2366;7700;10066
8464;6228;14692
9675;3329;13004
7846;9536;17382
1181;3913;5094
3966;1927;5893
597;7637;8234
9881;8292;18173
6469;1661;8130
4001;2831;6832
6041;785;6826
3122;2686;5808
6392;6208;12600
7760;8991;16751
6199;1963;8162
2907;783;3690
9300;8767;18067
1219;3233;4452
5928;1693;7621
5503;7068;12571
9094;3918;13012
9747;4676;14423
9297;9076;18373
5812;3767;9579
8215;170;8385
5115;6281;11396
6957;4754;11711
9895;4742;14637
9848;3732;13580
4341;2267;6608
6300;2194;8494
3795;8764;12559
4263;9568;13831
407;5919;6326
9923;3712;13635
7285;6185;13470
7737;1739;9476
1622;8815;10437
9039;5222;14261
810;4791;5601
7373;4073;11446
5008;6830;11838
1833;539;2372
9241;6174;15415
582;2267;2849
1342;7642;8984
8230;7103;15333
611;3694;4305
7815;5509;13324
6086;7545;13631
3182;6516;9698
4663;3078;7741
2720;2094;4814
8397;3566;11963
3409;2176;5585
2356;3067;5423
1615;709;2324
6514;1634;8148
8957;2579;11536
8768;7868;16636
2174;8018;10192
7984;8440;16424
7607;5864;13471
2603;9655;12258
8170;7976;16146
9334;2732;12066
9567;6060;15627
7930;1417;9347
6314;1783;8097
9565;9533;19098
1956;9340;11296
7713;4704;12417
5854;3094;8948
163;2359;2522
3079;5465;8544
5395;8489;13884
9813;2842;12655
2032;2435;4467
4957;3114;8071
4122;6416;10538
3916;4821;8737
8976;4424;13400
1859;8663;10522
2026;2984;5010
6612;1988;8600
7730;5333;13063
5478;6896;12374
2086;7474;9560
5844;8339;14183
7841;6552;14393
5689;3180;8869
9633;6270;15903
5915;7213;13128
530;9399;9929
9124;4298;13422
5512;2678;8190
6287;8221;14508
7473;7138;14611
6255;7075;13330
8095;138;8233
877;1287;2164
8440;8840;17280
6902;7418;14320
9029;3645;12674
9391;3030;12421
7152;8341;15493
3939;4855;8794
81;7269;7350
5995;3008;9003
8029;7552;15581
6701;6571;13272
2592;9190;11782
5609;884;6493
454;6521;6975
7610;3289;10899
5198;2872;8070
6371;5085;11456
4101;9837;13938
3481;6082;9563
4338;6984;11322
1889;1755;3644
3574;4896;8470
43;7621;7664
6605;8366;14971
629;1342;1971
4233;5610;9843
2211;6043;8254
4392;939;5331
826;3196;4022
5554;2752;8306
6992;115;7107
5766;3333;9099
15;9663;9678
7359;6593;13952
3261;3180;6441
3644;5855;9499
4575;5197;9772
602;8440;9042
4461;6876;11337
5697;1443;7140
3576;6840;10416
2977;361;3338
8734;8699;17433
2847;4452;7299
3767;4914;8681
4986;4782;9768
6498;1407;7905
134;2159;2293
6121;4716;10837
4273;8206;12479
3323;1643;4966
2884;6009;8893
2598;2402;5000
8578;5908;14486
7766;3939;11705
3487;9588;13075
8630;5024;13654
5622;8574;14196
3321;3665;6986
3116;3677;6793
2862;7421;10283
3555;3919;7474
64;7640;7704
4373;2648;7021
2669;7590;10259
9160;5604;14764
3427;1224;4651
6802;7505;14307
6489;4561;11050
6724;7054;13778
1665;3646;5311
8387;7274;15661
9848;4087;13935
8707;2734;11441
5905;2911;8816
2609;7502;10111
987;6977;7964
8760;3973;12733
9217;1224;10441
1188;6809;7997
6773;1192;7965
1834;4036;5870
2124;7841;9965
2986;3219;6205
2816;7497;10313
9241;2407;11648
5037;8856;13893
6227;117;6344
5370;8238;13608
6878;6022;12900
834;4722;5556
3358;5145;8503
3233;8996;12229
7795;6937;14732
476;7933;8409
7173;1061;8234
378;1532;1910
2053;458;2511
2973;8267;11240
6009;3146;9155
111;3626;3737
417;6755;7172
6511;1027;7538
3594;7162;10756
8808;2783;11591
7052;4045;11097
3074;4419;7493
3746;3217;6963
9676;6568;16244
9629;7798;17427
5339;5246;10585
6021;8156;14177
6577;5896;12473
7346;8394;15740
1701;9241;10942
249;2734;2983
8460;5679;14139
9311;8963;18274
6673;831;7504
6746;6931;13677
9111;135;9246
8702;191;8893
5526;892;6418
5867;422;6289
7488;3682;11170
2074;1038;3112
7368;547;7915
280;9658;9938
2294;7313;9607
6521;9751;16272
7136;3172;10308
6284;7586;13870
3622;3962;7584
8987;7000;15987
4610;4888;9498
6438;6541;12979
53;862;915
2678;5507;8185
7520;1514;9034
38;6969;7007
3911;8019;11930
5689;7967;13656
8502;2721;11223
6094;577;6671
9417;5945;15362
8150;2583;10733
1271;1101;2372
4176;666;4842
9677;5389;15066
3347;4022;7369
2643;2595;5238
4613;9145;13758
2313;726;3039
6939;3113;10052
454;922;1376
483;657;1140
3166;7271;10437
3973;5466;9439
264;1680;1944
1248;7095;8343
4363;8151;12514
8486;3694;12180
9702;1858;11560
3193;5983;9176
2432;1930;4362
6223;946;7169
9160;3509;12669
4538;4697;9235
4999;6969;11968
5503;617;6120
7229;7195;14424
5009;5857;10866
9629;4949;14578
6697;4605;11302
93;6943;7036
7572;4738;12310
39;2097;2136
9571;5145;14716
5578;2694;8272
6548;876;7424
3753;170;3923
8056;572;8628
4576;1852;6428
2305;8298;10603
5989;9192;15181
7584;4477;12061
8542;1239;9781
7404;9248;16652
7209;553;7762
1627;5708;7335
7862;9921;17783
4719;2768;7487
3026;5660;8686
3604;4814;8418
8440;4712;13152
7764;7276;15040
4332;3066;7398
9330;1755;11085
2809;3849;6658
574;5062;5636
5350;537;5887
6504;3611;10115
1192;2930;4122
7940;5451;13391
3572;1665;5237
8955;2732;11687
2900;5363;8263
1257;9710;10967
8730;1092;9822
2036;734;2770
4239;8959;13198
1130;3247;4377
3654;8423;12077
1954;4056;6010
3801;8603;12404
5487;2550;8037
2285;2601;4886
776;9380;10156
6831;7469;14300
3100;6805;9905
2153;1739;3892
4960;3623;8583
2710;7959;10669
6922;89;7011
1778;7937;9715
354;1607;1961
2761;3412;6173
4285;5688;9973
2886;5453;8339
6205;8888;15093
2731;6093;8824
5429;3208;8637
5532;4520;10052
1558;3936;5494
5665;6350;12015
8754;8080;16834
5907;4847;10754
9065;5476;14541
6258;3105;9363
1263;5879;7142
4398;924;5322
130;6833;6963
1982;6686;8668
621;5191;5812
6318;1039;7357
4936;4518;9454
9348;6483;15831
5888;4479;10367
1913;7560;9473
6748;7540;14288
2950;8842;11792
7218;3597;10815
7991;5416;13407
2523;8663;11186
6531;3029;9560
7575;1889;9464
7020;3012;10032
3959;8189;12148
9178;1224;10402
1467;1444;2911
754;1189;1943
8587;4892;13479
3162;2155;5317
5608;1168;6776
5858;4868;10726
5289;5701;10990
3705;379;4084
6887;7461;14348
8452;7165;15617
3240;6573;9813
566;8061;8627
7775;5328;13103
197;3804;4001
1768;7948;9716
9979;9728;19707
232;6286;6518
1115;401;1516
9035;4944;13979
6541;9589;16130
2304;6236;8540
1844;9313;11157
1165;8774;9939
9803;693;10496
6267;5509;11776
9587;6006;15593
7637;9939;17576
5901;38;5939
9734;6408;16142
2513;9997;12510
6301;4994;11295
9879;3596;13475
6733;2010;8743
812;4431;5243
8676;6796;15472
118;731;849
8097;9461;17558
4687;2706;7393
2819;5315;8134
548;5707;6255
852;7027;7879
6723;4336;11059
8897;3512;12409
4311;6919;11230
5916;7893;13809
799;508;1307
5540;3295;8835
1004;4630;5634
7931;3046;10977
6718;3856;10574
7740;7066;14806
7921;5762;13683
4538;6384;10922
4536;6492;11028
3465;2513;5978
4741;8616;13357
6443;4235;10678
2966;7761;10727
3865;4355;8220
1850;6108;7958
2432;8725;11157
4634;6023;10657
7635;8661;16296
5755;7001;12756
5610;1345;6955
8703;6113;14816
3377;4920;8297
2540;8901;11441
97;567;664
9026;9356;18382
746;8087;8833
455;5097;5552
4451;258;4709
343;657;1000
2358;1630;3988
7580;5710;13290
8514;2068;10582
1910;2017;3927
6195;3940;10135
6088;8983;15071
7964;5655;13619
6143;6363;12506
6705;9314;16019
6187;1006;7193
6845;5305;12150
6666;5413;12079
8900;273;9173
7310;1314;8624
3432;4061;7493
9654;5766;15420
5438;2727;8165
3197;234;3431
5515;6262;11777
157;9988;10145
4256;6446;10702
908;4945;5853
4187;4317;8504
7119;1970;9089
7824;9909;17733
6741;9117;15858
8762;8952;17714
5347;4293;9640
5215;5263;10478
2155;336;2491
8859;7629;16488
1868;2345;4213
179;4632;4811
2394;7374;9768
1404;2240;3644
8827;8333;17160
5410;5761;11171
1975;5417;7392
6294;2224;8518
3424;3852;7276
4927;8602;13529
1119;6406;7525
5493;2318;7811
7177;7319;14496
6750;141;6891
6021;3124;9145
9030;4885;13915
9683;8618;18301
9027;5093;14120
2734;656;3390
1913;5084;6997
9937;185;10122
2703;4220;6923
6466;8598;15064
8130;9601;17731
8999;1597;10596
5076;3008;8084
3177;509;3686
1950;7101;9051
3488;3994;7482
6711;8783;15494
8118;534;8652
5194;69;5263
6808;2046;8854
4745;9207;13952
9950;9839;19789
3192;6526;9718
8563;9747;18310
3864;3731;7595
9583;767;10350
7637;2227;9864
5993;3802;9795
8571;3130;11701
8654;4029;12683
5911;4337;10248
5871;5192;11063
8647;7596;16243
1592;2350;3942
9016;9313;18329
1390;4498;5888
7683;3519;11202
1780;5973;7753
3093;8316;11409
8296;4874;13170
6375;1860;8235
3501;5658;9159
3096;1641;4737
4531;600;5131
9508;5946;15454
8407;6951;15358
1326;3289;4615
8571;6085;14656
7452;3431;10883
5904;822;6726
3938;4330;8268
2296;674;2970
4396;8839;13235
6735;5831;12566
4257;3566;7823
2625;770;3395
8243;3541;11784
1149;5709;6858
5349;3665;9014
3991;3182;7173
6945;6906;13851
2190;4469;6659
1702;1519;3221
5307;1305;6612
8894;2128;11022
2092;5701;7793
3891;3767;7658
8301;1521;9822
9300;823;10123
4761;9332;14093
7651;9911;17562
858;7420;8278
3617;6566;10183
1101;5023;6124
9344;2642;11986
7502;3793;11295
7356;4774;12130
7974;9288;17262
4012;1056;5068
6933;3124;10057
654;3985;4639
1045;8617;9662
7204;1279;8483
8538;6920;15458
5671;4519;10190
2751;9505;12256
2097;6640;8737
9999;4734;14733
4176;3712;7888
6502;8263;14765
4372;3965;8337
606;832;1438
8440;9837;18277
3310;5545;8855
9312;8662;17974
5483;3020;8503
986;6386;7372
2427;7993;10420
1397;866;2263
9881;2595;12476
3066;3764;6830
5173;3244;8417
6270;7287;13557
5803;8321;14124
2127;8508;10635
6950;230;7180
6626;7389;14015
9805;3270;13075
5245;8106;13351
4563;4699;9262
4497;4658;9155
3444;5756;9200
4263;6417;10680
3554;7217;10771
8736;205;8941
7162;7317;14479
8367;9167;17534
9270;2648;11918
9911;467;10378
7722;6815;14537
1044;7078;8122
8581;6016;14597
5858;7657;13515
9957;5787;15744
2323;3341;5664
1184;3298;4482
2561;5005;7566
8260;5260;13520
6722;8543;15265
9299;4654;13953
2651;539;3190
6698;429;7127
4174;7208;11382
1455;637;2092
1747;2295;4042
2628;2101;4729
8916;5931;14847
7143;9281;16424
3547;7188;10735
8579;2826;11405
7398;3692;11090
3627;6340;9967
1245;6852;8097
4831;2747;7578
181;3881;4062
5757;9170;14927
3990;2272;6262
6898;5283;12181
3630;1050;4680
7819;3987;11806
4956;3622;8578
7821;5076;12897
5422;4693;10115
8508;5782;14290
2446;3919;6365
4780;2510;7290
8734;5388;14122
8666;8653;17319
1932;7608;9540
2822;1686;4508
5426;8830;14256
2278;3411;5689
8024;7206;15230
9419;9537;18956
3820;7967;11787
5812;4154;9966
8627;5690;14317
8076;3513;11589
823;5423;6246
979;8043;9022
6001;5700;11701
5941;6086;12027
2017;1586;3603
9275;4699;13974
3642;9122;12764
2926;8777;11703
8373;1043;9416
4059;1098;5157
3369;950;4319
3931;513;4444
5032;1735;6767
260;4924;5184
2348;9625;11973
578;1154;1732
5411;4373;9784
8755;7996;16751
4088;9564;13652
5028;4118;9146
4724;7611;12335
3669;1633;5302
4873;9167;14040
4339;3081;7420
2777;7722;10499
3018;1089;4107
5034;7500;12534
4292;4102;8394
3230;6436;9666
8895;5489;14384
2126;6199;8325
5830;2077;7907
9013;7155;16168
6128;6914;13042
9107;9502;18609
1067;1460;2527
3910;5300;9210
669;6118;6787
7179;1279;8458
802;8983;9785
7753;5075;12828
9185;778;9963
3873;8877;12750
5727;6007;11734
6538;6431;12969
4092;9192;13284
1293;3694;4987
9210;7484;16694
576;1651;2227
5593;6239;11832
8144;1359;9503
5281;1939;7220
460;3628;4088
2577;5714;8291
3701;8716;12417
4398;4551;8949
1846;3802;5648
3714;7772;11486
689;9299;9988
3224;8450;11674
2383;6855;9238
7223;8724;15947
8909;7317;16226
8573;6073;14646
4908;9982;14890
7150;9339;16489
8387;9036;17423
4061;5824;9885
3237;5967;9204
218;4815;5033
4466;7993;12459
5982;1043;7025
8680;9601;18281
8337;6611;14948
6159;7661;13820
8481;8193;16674
2335;653;2988
2495;7949;10444
896;849;1745
7828;3065;10893
2860;564;3424
4317;8859;13176
2433;3042;5475
5990;8079;14069
63;2370;2433
3485;9468;12953
353;2340;2693
1870;5278;7148
8011;1748;9759
5915;8300;14215
7734;4046;11780
8642;8200;16842
5309;3553;8862
4590;7640;12230
9507;9068;18575
2896;8277;11173
954;2268;3222
7400;5862;13262
2937;2781;5718
8923;259;9182
3441;1256;4697
2988;6604;9592
2299;3030;5329
9381;402;9783
3255;2910;6165
9098;6569;15667
9241;3808;13049
2810;3074;5884
1756;522;2278
3656;6626;10282
4382;7263;11645
8063;8880;16943
5521;705;6226
4569;1401;5970
9507;650;10157
4983;3542;8525
7953;1251;9204
4013;6435;10448
455;1335;1790
5573;7767;13340
8649;7952;16601
7205;153;7358
1500;1251;2751
8198;9104;17302
3072;9953;13025
2665;7233;9898
6675;3514;10189
2599;7713;10312
1004;1676;2680
220;3073;3293
1397;7126;8523
6414;2270;8684
4147;565;4712
1790;4684;6474
578;9795;10373
1277;554;1831
5432;4075;9507
230;6968;7198
698;1138;1836
3090;2126;5216
3157;2017;5174
5954;1290;7244
2573;2921;5494
3345;5939;9284
8607;7847;16454
8218;3278;11496
2269;2539;4808
9213;824;10037
7483;4152;11635
5831;3408;9239
3418;3903;7321
7599;7158;14757
1537;5660;7197
3447;1038;4485
1255;306;1561
1092;9135;10227
1636;4612;6248
2811;6222;9033
8392;6600;14992
8754;2556;11310
9691;5109;14800
6630;5911;12541
931;1224;2155
4253;363;4616
3891;554;4445
8212;1720;9932
9966;6433;16399
973;581;1554
7521;705;8226
7740;8600;16340
1555;5459;7014
940;6691;7631
8751;6069;14820
7531;1827;9358
6319;7995;14314
6942;9835;16777
8061;7217;15278
5206;1871;7077
315;2741;3056
9037;2226;11263
4092;4961;9053
7956;8742;16698
4709;9491;14200
983;6251;7234
6926;5666;12592
7091;5721;12812
1366;2207;3573
8184;1172;9356
6514;7951;14465
7633;8866;16499
3203;6510;9713
4619;4288;8907
3568;6932;10500
2809;3019;5828
1564;3809;5373
6595;1144;7739
2616;1113;3729
9268;6846;16114
6292;342;6634
5302;160;5462
4355;3421;7776
9542;934;10476
8733;7664;16397
1414;7178;8592
7222;2466;9688
4532;3226;7758
8205;3057;11262
2449;5558;8007
4791;2713;7504
260;3716;3976
3094;3920;7014
5219;4295;9514
4213;8005;12218
6617;4247;10864
7306;7641;14947
4974;8588;13562
712;1195;1907
8818;5687;14505
8785;5932;14717
9481;5753;15234
1025;1402;2427
2702;4970;7672
1974;2235;4209
6764;147;6911
7482;589;8071
5040;9154;14194
777;5107;5884
8966;7514;16480
9698;4339;14037
6621;417;7038
9150;9783;18933
940;4676;5616
3981;4393;8374
1209;8137;9346
5813;5168;10981
6001;5969;11970
4107;7658;11765
2949;5919;8868
5154;2279;7433
4796;4489;9285
9380;6898;16278
8771;4481;13252
799;1448;2247
4396;192;4588
9115;6883;15998
6855;3592;10447
1255;4135;5390
4421;6486;10907
8314;6806;15120
1726;8666;10392
8272;312;8584
849;9697;10546
719;1040;1759
2699;4800;7499
955;2026;2981
1261;3274;4535
3638;2783;6421
3815;3181;6996
8313;4323;12636
4722;5445;10167
5975;6036;12011
108;3728;3836
5053;4528;9581
2476;8275;10751
7840;2129;9969
8248;8792;17040
4893;9005;13898
7962;184;8146
6004;4692;10696
5134;8073;13207
5154;1145;6299
8707;2310;11017
8660;6749;15409
2129;3546;5675
8273;9433;17706
7945;4737;12682
9083;6408;15491
8012;1563;9575
3675;3798;7473
692;9676;10368
78;6468;6546
6110;4933;11043
3314;9348;12662
2295;4638;6933
828;9919;10747
9351;9587;18938
9172;4484;13656
502;5962;6464
4753;5443;10196
3591;6773;10364
6882;653;7535
6196;1257;7453
2896;1060;3956
7679;2787;10466
1301;1697;2998
8003;6834;14837
1055;3614;4669
489;8137;8626
523;3871;4394
389;4600;4989
7872;2660;10532
3069;602;3671
2946;9327;12273
553;1875;2428
6780;2563;9343
2832;9894;12726
9021;6254;15275
1497;6900;8397
9649;7042;16691
8045;3771;11816
4057;6216;10273
5401;6180;11581
2661;3103;5764
743;2915;3658
1787;4143;5930
8289;8101;16390
425;4739;5164
9924;7744;17668
3159;8353;11512
3135;249;3384
3046;6690;9736
5042;2976;8018
8394;8563;16957
487;1066;1553
379;5072;5451
8053;7623;15676
1344;8457;9801
5031;139;5170
4353;819;5172
2175;199;2374
9592;6136;15728
7306;6752;14058
3693;5426;9119
7118;9783;16901
1279;5089;6368
2044;9366;11410
7373;2534;9907
7727;150;7877
9188;7640;16828
3288;8340;11628
6073;2658;8731
5190;6900;12090
6869;9243;16112
477;6741;7218
3477;9969;13446
7411;2455;9866
8096;6317;14413
2622;24;2646
9580;4143;13723
4429;4967;9396
4128;4887;9015
3202;3812;7014
7950;580;8530
1654;7217;8871
3502;8471;11973
1803;9492;11295
9778;8936;18714
5459;155;5614
381;6933;7314
6067;702;6769
537;8492;9029
74;205;279
9682;7379;17061
1377;7966;9343
9188;2430;11618
8097;3956;12053
2831;2357;5188
3320;9622;12942
5080;1583;6663
624;4820;5444
4872;4751;9623
9422;3137;12559
2382;1916;4298
9254;1893;11147
8803;2236;11039
2391;1121;3512
1948;1669;3617
5229;6718;11947
306;6572;6878
1781;437;2218
7028;3199;10227
3114;6503;9617
1484;7833;9317
9267;8191;17458
5449;5708;11157
4776;5894;10670
9899;9826;19725
1252;6672;7924
6113;7917;14030
330;7679;8009
1282;8195;9477
4216;345;4561
3281;2640;5921
4049;9357;13406
105;3634;3739
5957;7099;13056
3552;1907;5459
797;4693;5490
4856;6415;11271
9645;9880;19525
971;1939;2910
3968;4393;8361
116;5165;5281
7642;2208;9850
2655;9800;12455
5688;7281;12969
9383;6602;15985
1299;395;1694
4240;4702;8942
4336;2354;6690
7874;5265;13139
6471;2972;9443
5794;6054;11848
2303;633;2936
2787;4216;7003
1188;8424;9612
203;7049;7252
300;8832;9132
9343;6431;15774
4205;9727;13932
1701;2180;3881
4013;3024;7037
2492;2963;5455
2866;9936;12802
1193;2450;3643
9901;3889;13790
1288;8535;9823
9551;3056;12607
5219;6140;11359
4687;6639;11326
3031;3522;6553
1749;8370;10119
1126;4023;5149
6862;797;7659
8084;9913;17997
4444;5261;9705
8377;6498;14875
1558;2353;3911
6938;3280;10218
1201;2516;3717
6520;8944;15464
8169;9088;17257
1541;2468;4009
3033;1827;4860
4763;2124;6887
4033;6212;10245
1265;4713;5978
9712;8739;18451
858;7756;8614
696;1757;2453
3385;6191;9576
3555;9334;12889
4223;8065;12288
9292;4545;13837
7447;7609;15056
2330;8343;10673
3851;1911;5762
3326;3929;7255
5920;7590;13510
7852;2148;10000
737;4847;5584
3214;5220;8434
7528;7692;15220
9875;8168;18043
1189;104;1293
6880;5249;12129
3864;4234;8098
7372;6691;14063
4228;8497;12725
5343;9251;14594
9619;3636;13255
3182;1815;4997
4878;194;5072
1197;7890;9087
6421;4419;10840
5217;3679;8896
7378;6253;13631
3719;6843;10562
4996;5368;10364
5398;1889;7287
9697;705;10402
2034;3368;5402
8782;290;9072
8267;6834;15101
5129;3198;8327
959;1304;2263
6128;5338;11466
2346;3060;5406
2795;1405;4200
3270;1307;4577
1821;4859;6680
2357;7779;10136
8104;4858;12962
7240;8527;15767
9463;5244;14707
2972;3971;6943
8038;8333;16371
268;8117;8385
7851;3823;11674
5576;4186;9762
373;1184;1557
1483;2647;4130
2567;8376;10943
1697;9540;11237
7275;3118;10393
176;5087;5263
9962;4628;14590
3106;7063;10169
3671;511;4182
36;2151;2187
9249;327;9576
4880;5270;10150
7680;5249;12929
35;3737;3772
1498;4704;6202
2393;357;2750
5257;7801;13058
2316;4360;6676
2315;63;2378
8325;1657;9982
5922;1781;7703
4059;3195;7254
3857;3597;7454
9819;7771;17590
3573;3533;7106
6493;7279;13772
7556;3815;11371
9310;6195;15505
3414;8837;12251
8447;7021;15468
323;6769;7092
2724;4450;7174
7209;1758;8967
3293;777;4070
6118;3433;9551
8438;9906;18344
4835;9873;14708
7055;9189;16244
3571;5597;9168
9872;6238;16110
5623;8888;14511
532;5024;5556
7273;6405;13678
8440;7176;15616
7915;518;8433
7388;7367;14755
7137;1889;9026
1804;6753;8557
1819;4632;6451
6736;9615;16351
9144;7007;16151
5502;4606;10108
8825;3919;12744
1812;8013;9825
4652;6733;11385
7628;4364;11992
1216;6865;8081
5440;8895;14335
2047;3021;5068
6536;5532;12068
6448;3680;10128
386;4837;5223
3766;8917;12683
3545;2852;6397
2887;9907;12794
5335;265;5600
1420;7655;9075
81;8455;8536
3536;2813;6349
1126;4363;5489
1943;1585;3528
9368;5516;14884
1119;5887;7006
1190;415;1605
9954;1531;11485
2611;8151;10762
6537;1099;7636
5030;9842;14872
7554;3788;11342
1839;7553;9392
2898;2592;5490
5884;3246;9130
8085;9140;17225
6795;3981;10776
9655;1983;11638
9047;22;9069
6824;9928;16752
8478;8344;16822
3480;4348;7828
3252;4871;8123
2540;6992;9532
5566;5847;11413
1602;6654;8256
8535;9419;17954
7031;9540;16571
2425;3777;6202
559;1188;1747
5230;1926;7156
6041;6429;12470
3851;5874;9725
7133;4365;11498
8997;6774;15771
1729;1712;3441
486;1884;2370
1790;9292;11082
3450;512;3962
3837;8431;12268
6103;943;7046
4796;3112;7908
5982;8068;14050
7534;9089;16623
8732;8341;17073
1790;1797;3587
9963;6927;16890
4381;6473;10854
50;1848;1898
2458;7330;9788
9344;7302;16646
4132;1169;5301
881;2614;3495
1301;1692;2993
7035;1684;8719
4724;3519;8243
2796;9639;12435
1637;1093;2730
4429;3377;7806
8061;6047;14108
8599;1009;9608
4571;2659;7230
2348;2155;4503
1208;7256;8464
9031;4640;13671
9007;9161;18168
6064;461;6525
8920;8500;17420
325;6289;6614
393;9503;9896
5256;2841;8097
7757;2777;10534
5863;8305;14168
9387;843;10230
9363;5951;15314
2353;4011;6364
3544;9826;13370
2313;3749;6062
3639;5279;8918
8283;8120;16403
3626;8463;12089
9265;5524;14789
2904;8658;11562
5494;2242;7736
2123;5812;7935
9980;7610;17590
3576;8061;11637
7048;9536;16584
3712;768;4480
4064;4958;9022
5169;8328;13497
5203;7380;12583
3273;8070;11343
7693;491;8184
4994;4989;9983
6608;437;7045
9312;5944;15256
2350;9263;11613
2651;1765;4416
9888;4429;14317
6766;7959;14725
5226;9961;15187
8794;1777;10571
4758;1824;6582
3758;6645;10403
1955;2959;4914
9739;2302;12041
7273;1842;9115
4945;9406;14351
3987;3951;7938
4487;2771;7258
1927;7997;9924
5612;7673;13285
2079;979;3058
9293;726;10019
435;6183;6618
7047;4678;11725
7530;5524;13054
2860;2258;5118
5542;2590;8132
1418;304;1722
4001;4006;8007
9054;6405;15459
6063;6753;12816
7258;6430;13688
6241;5938;12179
8482;8674;17156
4034;4696;8730
5233;6441;11674
6801;2431;9232
2924;9252;12176
919;7747;8666
9687;8340;18027
5761;8815;14576
9013;7282;16295
4366;2761;7127
7009;8372;15381
2840;7643;10483
1351;1821;3172
7110;5300;12410
6820;2037;8857
9530;9320;18850
6306;3367;9673
1173;9563;10736
6021;5614;11635
9820;3460;13280
6868;4111;10979
5646;6288;11934
1329;1711;3040
1766;29;1795
5591;627;6218
5050;6428;11478
742;2594;3336
718;3259;3977
9499;3650;13149
2992;8307;11299
5524;6247;11771
9436;4712;14148
631;9068;9699
3280;7278;10558
6758;5673;12431
8865;2030;10895
3769;7216;10985
6393;5320;11713
1418;4865;6283
6230;1629;7859
1791;8321;10112
4438;8236;12674
3263;9867;13130
4465;9315;13780
493;4123;4616
2661;9267;11928
1897;7496;9393
9213;6618;15831
6335;3661;9996
6263;7460;13723
6013;5574;11587
676;3197;3873
1341;3381;4722
783;4858;5641
1068;8580;9648
5244;767;6011
1444;4471;5915
3906;7953;11859
1983;7037;9020
7692;3070;10762
7448;5640;13088
1931;3841;5772
4125;5018;9143
8899;822;9721
8160;602;8762
8731;7008;15739
9065;919;9984
6928;1050;7978
7957;5264;13221
6236;6292;12528
2565;7337;9902
7464;7649;15113
3594;9154;12748
555;863;1418
2693;2101;4794
9137;7616;16753
160;5665;5825
2324;8100;10424
2058;6345;8403
7786;9001;16787
2099;6049;8148
3688;9760;13448
1582;3629;5211
2353;8609;10962
1591;7760;9351
1525;7541;9066
5595;5041;10636
2633;6241;8874
2659;552;3211
8136;9586;17722
2990;2191;5181
3188;1244;4432
4577;6797;11374
9071;641;9712
1688;5762;7450
5050;8620;13670
6474;2406;8880
1283;8211;9494
9677;9779;19456
1681;9684;11365
7375;1304;8679
6403;9613;16016
6707;9958;16665
6023;6193;12216
9969;7753;17722
1839;645;2484
6405;4644;11049
3988;197;4185
2852;3721;6573
2619;1451;4070
139;5929;6068
6241;4684;10925
253;2496;2749
6701;3178;9879
4125;8325;12450
7372;3993;11365
8471;3810;12281
7526;8792;16318
5498;3969;9467
3802;6172;9974
2620;4506;7126
5285;4231;9516
7616;4658;12274
6142;2394;8536
7339;7911;15250
9695;6148;15843
8809;236;9045
2313;8426;10739
3065;5107;8172
8378;2153;10531
5936;9231;15167
363;6492;6855
6015;1882;7897
8983;6740;15723
9553;4808;14361
4252;574;4826
8573;1145;9718
1013;4183;5196
9126;7290;16416
6397;6153;12550
3466;14;3480
1698;7824;9522
9375;8939;18314
5156;6846;12002
6308;9383;15691
3496;4030;7526
1979;6844;8823
5152;1108;6260
7576;4506;12082
9956;1893;11849
2815;9787;12602
1234;2940;4174
7827;2347;10174
4581;5670;10251
83;9199;9282
7588;8469;16057
4150;1250;5400
8126;2312;10438
7507;4867;12374
2234;8521;10755
5829;2369;8198
5439;2781;8220
1672;540;2212
4477;632;5109
3247;5763;9010
8047;1567;9614
2415;3671;6086
3757;9761;13518
2881;3699;6580
4444;808;5252
3302;1845;5147
8988;1713;10701
8988;4827;13815
2237;4955;7192
2324;3355;5679
7684;4203;11887
5292;9341;14633
570;880;1450
3995;2768;6763
7013;1403;8416
6901;6748;13649
2024;3730;5754
3578;6206;9784
255;5843;6098
8886;6739;15625
7232;9180;16412
6050;2837;8887
4693;8967;13660
5013;4795;9808
5872;3696;9568
4889;2082;6971
117;5422;5539
2088;1115;3203
8306;7200;15506
8270;4854;13124
2754;9176;11930
9965;9876;19841
8333;239;8572
7782;6044;13826
5269;2927;8196
2807;8095;10902
5937;7942;13879
4115;8448;12563
1229;1726;2955
8060;7864;15924
3786;1785;5571
6607;5251;11858
2406;5940;8346
2271;2132;4403
7648;7838;15486
5715;7205;12920
4650;8834;13484
6017;7410;13427
3657;3402;7059
2011;7848;9859
3002;9913;12915
3759;5314;9073
7180;2333;9513
9283;7792;17075
7689;8998;16687
6905;1443;8348
7951;144;8095
1594;7713;9307
7119;3448;10567
4571;6044;10615
7215;9076;16291
4740;4652;9392
5939;3409;9348
468;8376;8844
8736;495;9231
5299;1591;6890
8059;5438;13497
9362;5824;15186
4551;5495;10046
4208;7380;11588
8239;6359;14598
5213;1807;7020
6456;8787;15243
747;882;1629
3173;7732;10905
1434;8437;9871
5633;2334;7967
6414;3791;10205
1712;8887;10599
1555;892;2447
411;8959;9370
1955;9078;11033
9639;8936;18575
3301;8706;12007
5879;3717;9596
6460;7575;14035
4596;6414;11010
3271;6575;9846
5573;5508;11081
6807;6303;13110
8073;8300;16373
6820;4372;11192
3819;938;4757
7223;5289;12512
2757;5349;8106
4158;2249;6407
5190;411;5601
4938;4611;9549
7244;6128;13372
5362;9418;14780
3433;5425;8858
2283;8294;10577
2602;2246;4848
1344;2348;3692
4678;3457;8135
8570;1549;10119
8388;5453;13841
689;4058;4747
3670;7365;11035
4348;6806;11154
5843;6112;11955
9822;8821;18643
8770;8186;16956
1091;4181;5272
7190;9154;16344
5757;7385;13142
5481;3340;8821
4724;2424;7148
7282;7812;15094
9643;5796;15439
1906;4573;6479
5529;7683;13212
1124;9857;10981
9461;9061;18522
7993;1873;9866
6365;9164;15529
5738;3668;9406
6901;2606;9507
6213;7804;14017
5086;2646;7732
8140;5172;13312
9252;8480;17732
6534;735;7269
1098;5216;6314
6250;4207;10457
8965;5287;14252
674;6840;7514
3129;6909;10038
5512;1429;6941
5001;3540;8541
3268;9239;12507
3846;9236;13082
6181;3816;9997
1238;7379;8617
5686;2008;7694
3805;2680;6485
9352;8012;17364
621;1130;1751
2558;6905;9463
2198;6151;8349
9837;8502;18339
4581;3660;8241
333;4322;4655
7578;5837;13415
128;292;420
1974;9005;10979
3988;6742;10730
869;9018;9887
6769;6710;13479
9626;6615;16241
7239;1493;8732
1889;4341;6230
5183;2990;8173
1228;4932;6160
9343;5119;14462
6288;7113;13401
5532;6064;11596
6190;9829;16019
7940;9947;17887
6962;7922;14884
980;4023;5003
410;929;1339
1776;709;2485
5825;9620;15445
7970;4934;12904
7023;8086;15109
9970;6361;16331
5401;4167;9568
2061;6317;8378
1647;8174;9821
5833;2569;8402
6003;7453;13456
5968;5286;11254
1742;7492;9234
8457;5228;13685
5659;7693;13352
270;9170;9440
854;6054;6908
9630;6854;16484
6395;5749;12144
4968;538;5506
7153;4250;11403
4169;4134;8303
5364;8510;13874
9890;1125;11015
3722;6139;9861
2800;503;3303
8270;221;8491
4129;252;4381
8624;6140;14764
8419;4298;12717
4844;626;5470
5622;2487;8109
3889;9665;13554
235;9262;9497
7909;5573;13482
993;6909;7902
3516;9020;12536
3792;6216;10008
4580;6144;10724
4493;5275;9768
7918;6512;14430
8567;4377;12944
7032;6357;13389
6132;4740;10872
1584;5127;6711
5241;9922;15163
5779;5273;11052
8478;2327;10805
5675;6744;12419
4185;8109;12294
1825;1551;3376
9800;5365;15165
7520;3861;11381
1644;8380;10024
890;7486;8376
2345;1932;4277
8044;2158;10202
593;4185;4778
3837;5896;9733
799;6459;7258
7190;8674;15864
3633;3970;7603
1519;1539;3058
7931;7058;14989
6629;544;7173
4968;31;4999
5375;8088;13463
5701;4505;10206
6352;2871;9223
3856;8711;12567
2222;5573;7795
7025;9072;16097
1233;6008;7241
231;8011;8242
4872;3589;8461
3587;6640;10227
3933;7367;11300
8517;2421;10938
5597;4316;9913
5957;652;6609
7322;8790;16112
6290;4383;10673
9114;3219;12333
5789;7213;13002
7459;7327;14786
5284;5920;11204
2036;1973;4009
173;187;360
8146;232;8378
3281;9115;12396
1206;6723;7929
9437;923;10360
8204;4458;12662
755;320;1075
600;3450;4050
5547;9893;15440
9903;9755;19658
3607;697;4304
3093;495;3588
5801;6588;12389
7246;9273;16519
8634;4932;13566
6072;2221;8293
6135;2159;8294
9477;1891;11368
65;1984;2049
3223;4991;8214
4399;1331;5730
3173;5991;9164
2345;4263;6608
8898;6135;15033
5759;1892;7651
2458;5205;7663
9252;3526;12778
5786;7308;13094
9573;9264;18837
4121;5618;9739
1296;1900;3196
2391;764;3155
4681;7745;12426
5902;2692;8594
8566;4652;13218
8696;9596;18292
3600;8992;12592
3490;5103;8593
1556;4015;5571
5803;6259;12062
9563;4088;13651
4682;7273;11955
1428;2460;3888
448;9846;10294
5816;8843;14659
4072;3912;7984
8048;7513;15561
4115;3367;7482
2543;9796;12339
7069;3567;10636
7189;9468;16657
7211;6216;13427
4474;3521;7995
3683;995;4678
811;942;1753
2585;2541;5126
1331;1404;2735
4835;2643;7478
51;1202;1253
3602;9718;13320
4820;4771;9591
3310;143;3453
8339;6714;15053
3312;6815;10127
1687;1507;3194
9608;5532;15140
7888;6279;14167
9031;3845;12876
1173;4410;5583
7705;7573;15278
9087;5996;15083
8481;4567;13048
1326;9385;10711
9802;2851;12653
1769;2486;4255
7938;964;8902
8826;5048;13874
8608;4879;13487
9018;7233;16251
6961;9194;16155
8952;1771;10723
4556;8355;12911
5931;6267;12198
4659;8025;12684
2065;8377;10442
920;7318;8238
6102;7677;13779
1550;5540;7090
3351;8640;11991
8845;1393;10238
5699;5867;11566
652;1809;2461
5658;4185;9843
553;2970;3523
6357;1679;8036
3454;4553;8007
4991;6697;11688
6453;2198;8651
8409;1324;9733
4625;7517;12142
1872;1863;3735
7783;3295;11078
4498;6104;10602
2131;7064;9195
6887;4713;11600
4064;1304;5368
3707;6317;10024
5059;7703;12762
3772;3875;7647
2898;1490;4388
5593;4053;9646
1210;4127;5337
9628;9525;19153
5548;3065;8613
1602;2026;3628
2478;9911;12389
4426;5106;9532
5399;376;5775
5446;3133;8579
5003;1076;6079
6105;1004;7109
8205;4063;12268
4288;5009;9297
1528;6069;7597
7994;1206;9200
861;5109;5970
2;9442;9444
8486;1186;9672
3892;2142;6034
9810;1324;11134
6216;2979;9195
9655;5460;15115
970;6889;7859
1907;3696;5603
7165;8432;15597
8041;9372;17413
9509;3547;13056
70;3039;3109
8763;7860;16623
8452;3798;12250
7472;8754;16226
4222;758;4980
9147;4089;13236
4853;1113;5966
7528;7122;14650
2624;2718;5342
3576;6139;9715
6302;2237;8539
8044;50;8094
8571;2129;10700
6028;5;6033
6461;7450;13911
9025;4827;13852
1487;9268;10755
7009;1123;8132
8049;5856;13905
4056;7289;11345
3766;9597;13363
5212;5699;10911
6654;3174;9828
1329;2111;3440
5004;4990;9994
287;3443;3730
4571;3859;8430
4898;1281;6179
7530;1891;9421
1911;4844;6755
5426;6831;12257
8784;1411;10195
2739;5662;8401
591;3801;4392
210;4093;4303
5789;1484;7273
8813;6530;15343
225;4456;4681
9159;205;9364
6448;1508;7956
8620;690;9310
1171;1087;2258
9593;8739;18332
6192;4056;10248
7740;4772;12512
5322;3895;9217
6735;9682;16417
9758;7944;17702
1516;8736;10252
9812;7047;16859
5894;7872;13766
5094;2466;7560
5385;6641;12026
3705;4180;7885
5686;6752;12438
5168;4440;9608
6113;2104;8217
4843;8110;12953
876;5400;6276
7596;3446;11042
4059;9848;13907
8834;6085;14919
8738;692;9430
9446;578;10024
1385;6897;8282
3581;8569;12150
8557;5205;13762
3882;7661;11543
5754;5731;11485
6017;267;6284
2500;4046;6546
5290;5779;11069
8219;8838;17057
7103;6921;14024
8006;5527;13533
873;736;1609
1563;1108;2671
2651;3565;6216
1881;2444;4325
9246;2460;11706
2361;1225;3586
3374;6094;9468
8044;720;8764
994;1314;2308
4697;76;4773
1894;4919;6813
1129;7718;8847
4391;4557;8948
8838;8354;17192
5389;107;5496
6614;2047;8661
7086;1598;8684
2119;7544;9663
2395;9206;11601
1324;5738;7062
3956;1647;5603
2955;4288;7243
9204;264;9468
8010;6321;14331
3492;5377;8869
3573;8415;11988
6518;4863;11381
4118;9502;13620
1321;5735;7056
961;232;1193
2309;124;2433
5635;2341;7976
1896;7420;9316
1868;8421;10289
6811;5419;12230
9200;7965;17165
1384;9239;10623
1871;9576;11447
9180;7658;16838
4529;1970;6499
7989;4554;12543
483;5040;5523
1936;6704;8640
8061;9648;17709
9002;8461;17463
115;1805;1920
5047;6054;11101
113;2450;2563
1027;2426;3453
9534;5384;14918
8490;8845;17335
2028;7042;9070
4158;8623;12781
5675;8547;14222
4053;8709;12762
2865;1891;4756
8871;7837;16708
4655;6815;11470
4319;4325;8644
3817;7675;11492
3642;3752;7394
5207;3358;8565
4253;7701;11954
2815;1738;4553
9584;2058;11642
9375;5975;15350
2264;3825;6089
2477;1120;3597
6440;7707;14147
2384;4311;6695
5950;4365;10315
5245;7045;12290
2402;5876;8278
5331;4561;9892
1664;8788;10452
1792;5708;7500
8591;8670;17261
5450;4192;9642
3559;4579;8138
2667;3533;6200
714;1083;1797
3967;5971;9938
4950;5343;10293
7068;7780;14848
1708;6365;8073
9975;3249;13224
9767;4460;14227
7296;5491;12787
341;1171;1512
3914;9989;13903
9492;4697;14189
6201;297;6498
7783;9373;17156
5965;9452;15417
2694;2080;4774
1296;8405;9701
6275;4389;10664
4680;3042;7722
1239;9571;10810
1927;1972;3899
6044;3604;9648
4821;4910;9731
4139;4731;8870
3111;443;3554
3666;28;3694
4941;8919;13860
3423;8792;12215
3614;7014;10628
371;9632;10003
6396;310;6706
4834;466;5300
8888;6162;15050
7854;1765;9619
1954;7099;9053
6485;937;7422
8504;8732;17236
5957;1447;7404
2074;7032;9106
8783;5691;14474
8502;7524;16026
3248;8230;11478
7046;4581;11627
9257;9870;19127
4578;5769;10347
6466;8110;14576
6943;95;7038
8265;6672;14937
4018;4137;8155
1007;606;1613
9695;9980;19675
2008;9725;11733
8061;9999;18060
60;23;83
2167;6432;8599
5671;4152;9823
1651;6610;8261
1439;4028;5467
4863;2842;7705
3446;8034;11480
604;6654;7258
9108;7152;16260
4270;145;4415
2898;8392;11290
4699;3754;8453
7964;443;8407
5479;1999;7478
9019;7398;16417
7348;2899;10247
1700;6891;8591
3790;1626;5416
8676;1432;10108
3387;2011;5398
2688;1092;3780
4862;1163;6025
137;3179;3316
6369;4082;10451
3371;3773;7144
183;8623;8806
1810;7749;9559
1744;8770;10514
2565;8856;11421
8813;5715;14528
4213;7368;11581
9292;4000;13292
8602;5904;14506
1361;7798;9159
6733;8444;15177
7515;4152;11667
7723;5659;13382
7417;9454;16871
5906;8496;14402
4704;8481;13185
8659;2582;11241
4989;6406;11395
1624;153;1777
9244;566;9810
414;8131;8545
444;1496;1940
7233;1603;8836
1987;8151;10138
442;2252;2694
4616;134;4750
3383;8599;11982
4323;8920;13243
5491;1862;7353
7255;4459;11714
318;6746;7064
2038;2177;4215
6727;4889;11616
8101;2045;10146
4060;6424;10484
7467;8413;15880
4284;9889;14173
4775;923;5698
642;780;1422
5798;7658;13456
6324;5230;11554
7575;2079;9654
3842;3569;7411
9981;96;10077
8838;7381;16219
5455;7982;13437
6815;3584;10399
4821;624;5445
6112;1203;7315
8272;9136;17408
52;6313;6365
7462;50;7512
8528;2474;11002
5693;5449;11142
9809;2690;12499
154;9846;10000
9942;2449;12391
1616;6079;7695
2519;671;3190
3265;7121;10386
8985;3392;12377
7791;8899;16690
4031;3071;7102
2883;3527;6410
3245;764;4009
6948;9321;16269
1122;1863;2985
247;4333;4580
2019;8953;10972
5320;9387;14707
894;1647;2541
8554;9676;18230
7217;3341;10558
4842;4252;9094
6122;8504;14626
3476;2512;5988
1172;5708;6880
4324;1927;6251
7611;9001;16612
7225;5976;13201
4707;289;4996
885;5190;6075
6221;9767;15988
5192;270;5462
2693;1560;4253
4765;8931;13696
6816;3718;10534
7387;8445;15832
8560;5196;13756
5532;4957;10489
5212;4694;9906
6983;41;7024
7560;9516;17076
3200;6391;9591
546;7038;7584
3847;7871;11718
3359;5725;9084
2308;7404;9712
9768;5433;15201
4113;3311;7424
8525;329;8854
3730;6261;9991
1422;2295;3717
645;1378;2023
901;4903;5804
6316;8695;15011
7146;1096;8242
618;6262;6880
2232;9878;12110
9451;143;9594
1139;8470;9609
8928;7417;16345
209;9476;9685
6758;7083;13841
5680;2148;7828
1431;3705;5136
6866;9756;16622
6719;9665;16384
1834;9004;10838
9217;511;9728
8747;5239;13986
8557;8689;17246
5043;311;5354
1654;6894;8548
2574;6408;8982
8119;9404;17523
1234;5245;6479
7958;524;8482
4466;2131;6597
8640;5343;13983
1209;5819;7028
4777;5351;10128
6185;3815;10000
389;5132;5521
2505;7700;10205
5464;9129;14593
6551;5138;11689
5877;1693;7570
1607;1980;3587
7543;4222;11765
263;1307;1570
686;1917;2603
5787;3322;9109
2034;6964;8998
8872;5516;14388
8890;1673;10563
9949;5625;15574
3112;8716;11828
4833;6585;11418
2589;2501;5090
3802;4069;7871
6387;3817;10204
7572;3031;10603
9042;9213;18255
472;3901;4373
4611;4589;9200
7790;7719;15509
7361;9448;16809
4101;8052;12153
9120;1217;10337
9399;7975;17374
7643;1596;9239
203;3927;4130
6842;726;7568
1064;154;1218
4046;4387;8433
6448;8449;14897
5323;1224;6547
4407;900;5307
9430;7548;16978
3907;7480;11387
436;7609;8045
2390;5729;8119
9008;5409;14417
9101;2995;12096
5794;5862;11656
5402;4166;9568
516;8063;8579
3673;3420;7093
7108;5621;12729
6928;2292;9220
7032;3677;10709
7783;4459;12242
2546;9706;12252
9552;1243;10795
5507;4180;9687
962;6116;7078
7654;7975;15629
5964;7009;12973
4995;2392;7387
4718;8496;13214
3762;6218;9980
4155;6381;10536
5425;4342;9767
597;7858;8455
7809;3462;11271
7918;3297;11215
5893;6279;12172
7862;4146;12008
9860;5218;15078
6624;5905;12529
574;1075;1649
7625;1139;8764
3308;7040;10348
3654;6180;9834
1739;625;2364
1747;8540;10287
6611;164;6775
3683;9018;12701
2794;8355;11149
712;5496;6208
9514;2477;11991
4881;7726;12607
2357;4598;6955
8517;8276;16793
2897;5080;7977
7506;8342;15848
6296;4418;10714
5428;4715;10143
3301;6746;10047
3261;7746;11007
5291;5881;11172
7023;3218;10241
8133;1653;9786
7289;4135;11424
537;7077;7614
5720;8202;13922
7373;7983;15356
1783;4109;5892
3705;8506;12211
9411;8613;18024
8733;5051;13784
3059;8371;11430
4130;7032;11162
125;7010;7135
9218;1039;10257
8813;6804;15617
1633;7776;9409
4197;5928;10125
725;3480;4205
5294;7194;12488
6080;1887;7967
7181;7753;14934
9555;413;9968
2563;6188;8751
1642;3501;5143
293;6915;7208
7475;6198;13673
5240;9376;14616
1588;1369;2957
7333;7232;14565
6623;2735;9358
641;4565;5206
6140;9586;15726
6638;8786;15424
9857;1817;11674
8996;3490;12486
3367;4059;7426
2243;9839;12082
4625;5156;9781
175;2196;2371
6429;389;6818
2848;4784;7632
7103;5459;12562
9767;2346;12113
9962;5015;14977
6612;6538;13150
4640;526;5166
7226;9427;16653
4841;2237;7078
5295;4389;9684
518;4550;5068
1534;6275;7809
3022;4289;7311
4329;5934;10263
5762;2496;8258
8039;4235;12274
2816;4965;7781
7921;4973;12894
2808;5767;8575
7586;5961;13547
134;4092;4226
4906;2151;7057
6690;3439;10129
5474;8436;13910
3916;5419;9335
398;2376;2774
8117;1405;9522
308;3515;3823
8277;5821;14098
1050;4792;5842
598;7100;7698
9011;6198;15209
972;146;1118
743;4914;5657
1803;7155;8958
1302;6969;8271
362;7305;7667
1406;2234;3640
4979;5209;10188
3989;6871;10860
5111;7236;12347
8997;1287;10284
2904;4608;7512
7020;293;7313
8780;3446;12226
9252;5821;15073
4141;4496;8637
8092;5638;13730
1242;4159;5401
3093;7538;10631
3348;2107;5455
1132;4760;5892
4679;4040;8719
3247;7250;10497
1175;4329;5504
3788;4947;8735
9267;9236;18503
3492;4203;7695
270;26;296
2277;6533;8810
2284;4073;6357
8676;6773;15449
9720;9975;19695
5028;1425;6453
1806;6282;8088
5905;3100;9005
3527;4032;7559
9251;5861;15112
3828;8156;11984
4792;9396;14188
6173;2997;9170
3001;532;3533
9796;2318;12114
330;3242;3572
19;4531;4550
7853;7717;15570
6960;137;7097
7534;3290;10824
6450;8493;14943
342;6556;6898
5853;6163;12016
183;2516;2699
4128;3259;7387
3997;719;4716
9506;8556;18062
7291;7997;15288
5458;7868;13326
884;9529;10413
1351;5171;6522
1830;4286;6116
7692;7611;15303
9300;1491;10791
6197;1498;7695
3969;3991;7960
9417;4425;13842
5781;3309;9090
338;198;536
6173;8970;15143
463;5573;6036
8061;5281;13342
5194;6949;12143
3763;5445;9208
9315;1174;10489
9074;6739;15813
7407;6536;13943
8535;8086;16621
4448;8970;13418
3411;9264;12675
2719;1180;3899
2159;8794;10953
9146;3371;12517
2188;1759;3947
7893;13;7906
2564;8579;11143
4654;1504;6158
7158;9346;16504
250;9890;10140
8135;6458;14593
7473;7448;14921
4061;7338;11399
4859;9354;14213
2184;4135;6319
7498;1330;8828
660;8971;9631
9363;2917;12280
9225;4446;13671
6322;2546;8868
8516;4707;13223
9501;7361;16862
1575;3826;5401
2246;4750;6996
7543;8490;16033
31;6555;6586
7526;6426;13952
4607;7731;12338
8821;9328;18149
5290;4753;10043
2557;3364;5921
1883;9277;11160
405;1348;1753
7065;2827;9892
378;2717;3095
2774;9485;12259
4449;5938;10387
3168;6864;10032
8043;5253;13296
4765;8998;13763
3824;1137;4961
8168;5378;13546
3434;5218;8652
9602;8316;17918
3990;5222;9212
9207;1103;10310
4134;6382;10516
1775;9048;10823
7416;5640;13056
7964;5187;13151
9670;7910;17580
3528;9641;13169
5009;7619;12628
2585;8643;11228
1142;1694;2836
9304;4606;13910
7281;5795;13076
5352;6042;11394
5352;4211;9563
4783;4397;9180
9174;9724;18898
1295;1022;2317
688;6745;7433
2409;5695;8104
6418;3131;9549
474;7732;8206
8047;5962;14009
18;8032;8050
7490;2253;9743
699;4124;4823
2039;4024;6063
5278;7304;12582
3992;1289;5281
4522;3648;8170
4728;1619;6347
1021;5438;6459
6236;8447;14683
1993;7798;9791
1430;7589;9019
8805;741;9546
93;4588;4681
6341;8348;14689
8545;2131;10676
9477;1242;10719
8401;8901;17302
6615;3481;10096
5788;1477;7265
5638;6571;12209
3523;1997;5520
5109;8434;13543
7786;4170;11956
851;1210;2061
4673;9698;14371
3143;1250;4393
3774;4328;8102
9851;7470;17321
7008;457;7465
2016;2227;4243
422;4889;5311
6230;6790;13020
1668;493;2161
3081;6187;9268
4772;6252;11024
8544;3137;11681
3899;7649;11548
8104;9968;18072
219;6966;7185
7835;1943;9778
7472;8651;16123
4953;3064;8017
9432;5423;14855
9662;4032;13694
3555;3036;6591
6713;3543;10256
1627;4110;5737
9833;5666;15499
5671;7921;13592
705;6947;7652
145;3386;3531
4639;509;5148
3075;1218;4293
4784;6250;11034
7169;829;7998
4445;3534;7979
4127;8477;12604
2856;8207;11063
9571;6893;16464
3256;3702;6958
5895;3122;9017
1150;7458;8608
5388;2568;7956
6618;2612;9230
3818;1903;5721
2000;2215;4215
5339;6439;11778
2205;5588;7793
4837;990;5827
8312;8260;16572
9965;9508;19473
6650;1051;7701
12;660;672
2379;3555;5934
3704;8966;12670
3440;5327;8767
6499;7725;14224
8892;1770;10662
6368;6177;12545
988;6692;7680
7070;7883;14953
154;5523;5677
4491;4934;9425
3783;9596;13379
8300;3061;11361
5526;5584;11110
7192;292;7484
1077;792;1869
4829;1407;6236
1276;2312;3588
9502;6535;16037
4377;2120;6497
7706;1264;8970
6169;7015;13184
9849;9319;19168
7665;3672;11337
8810;1569;10379
1718;1932;3650
2343;522;2865
3345;3877;7222
2085;4188;6273
9151;2446;11597
5396;8811;14207
3889;9795;13684
3382;7287;10669
4507;3141;7648
5879;5778;11657
939;2902;3841
7663;9983;17646
9415;1635;11050
5080;5548;10628
8322;1241;9563
2231;8360;10591
1976;3896;5872
5379;9655;15034
8495;8397;16892
5798;6284;12082
3876;7591;11467
4775;2203;6978
6846;3596;10442
9137;6954;16091
9012;8491;17503
716;6993;7709
4296;8062;12358
6788;7421;14209
879;7782;8661
5572;9551;15123
6238;4202;10440
9595;3645;13240
5198;6984;12182
9041;4623;13664
4212;5857;10069
5317;6918;12235
9168;5306;14474
8726;1903;10629
969;6212;7181
358;6818;7176
76;5582;5658
3498;2967;6465
6056;755;6811
5403;291;5694
1078;4416;5494
7216;323;7539
1972;3875;5847
9525;912;10437
4234;9817;14051
7569;4015;11584
712;7582;8294
5098;6340;11438
3935;7847;11782
8809;632;9441
3813;3888;7701
1705;9960;11665
2044;2224;4268
659;9566;10225
1752;5334;7086
8753;3234;11987
8468;2999;11467
1476;9222;10698
1571;314;1885
6399;6688;13087
6464;7170;13634
2648;8409;11057
5539;5160;10699
2086;251;2337
8674;6203;14877
3925;8016;11941
3022;8021;11043
9125;8512;17637
3978;9402;13380
7314;9846;17160
9151;1555;10706
8888;6438;15326
8186;3293;11479
5539;8143;13682
3539;7170;10709
6296;3033;9329
524;6831;7355
309;716;1025
1220;5870;7090
9347;1850;11197
7055;3978;11033
5997;5464;11461
1835;7876;9711
7136;2087;9223
696;9111;9807
2467;1452;3919
8256;4752;13008
7367;3607;10974
6855;8223;15078
2758;8848;11606
7017;4217;11234
130;7223;7353
7744;2974;10718
3926;9997;13923
8001;3707;11708
8042;4239;12281
2832;5754;8586
7834;5540;13374
8408;4400;12808
647;538;1185
6175;7071;13246
7392;4761;12153
6581;7144;13725
6927;1389;8316
1927;3063;4990
3265;309;3574
9968;5930;15898
9769;2071;11840
3413;7531;10944
6604;9443;16047
5413;1444;6857
6633;1480;8113
1720;9310;11030
7131;4439;11570
7030;3275;10305
2450;1648;4098
2460;7037;9497
9164;7951;17115
4679;1598;6277
1939;4827;6766
4470;7979;12449
9585;3753;13338
5391;3510;8901
5251;4827;10078
1214;9457;10671
2508;1902;4410
9188;3330;12518
1958;4234;6192
7773;4356;12129
830;800;1630
6245;9606;15851
7149;7912;15061
2128;6201;8329
3183;5490;8673
5445;9051;14496
3191;399;3590
3330;8389;11719
5518;4737;10255
4541;3765;8306
5332;8687;14019
7055;5648;12703
5717;8620;14337
9077;2816;11893
3074;6465;9539
7263;1711;8974
8567;3604;12171
2850;5882;8732
8906;5071;13977
2454;5527;7981
2207;9461;11668
7281;2199;9480
1199;3927;5126
4933;582;5515
1614;5250;6864
909;2385;3294
3615;2633;6248
1461;6909;8370
4650;4031;8681
7982;4099;12081
7977;976;8953
6884;1291;8175
1736;8869;10605
2658;9058;11716
4686;1190;5876
3974;3629;7603
1995;6204;8199
2817;8706;11523
757;7422;8179
7385;1327;8712
1691;1266;2957
2408;8683;11091
1148;798;1946
3429;6846;10275
4365;6971;11336
236;6266;6502
8492;9396;17888
4597;8623;13220
4630;8532;13162
6918;8570;15488
8524;2818;11342
2713;2541;5254
7518;7469;14987
6310;9897;16207
9345;1389;10734
3712;229;3941
2186;7671;9857
8477;1552;10029
8681;9351;18032
2310;499;2809
8624;4047;12671
1548;9509;11057
4214;9978;14192
7516;4318;11834
9289;2357;11646
1037;4895;5932
7740;8314;16054
7337;5680;13017
6337;3770;10107
1573;2094;3667
5231;6632;11863
3923;8119;12042
7347;8680;16027
3265;2287;5552
9181;8753;17934
3171;7171;10342
8668;2199;10867
3312;3790;7102
5393;8726;14119
863;4308;5171
9741;2505;12246
3284;6396;9680
219;9165;9384
5859;4994;10853
3081;8239;11320
4037;2512;6549
9420;1188;10608
5618;1702;7320
9326;9156;18482
9117;6539;15656
4698;7815;12513
7280;5093;12373
7988;8480;16468
9969;872;10841
2392;4883;7275
4463;7019;11482
4597;4817;9414
1190;5535;6725
5965;714;6679
9552;7180;16732
6490;8882;15372
9787;581;10368
5024;4537;9561
8457;4695;13152
214;1132;1346
977;4765;5742
7772;6420;14192
488;9972;10460
3222;1325;4547
9923;3522;13445
6576;2549;9125
8766;2353;11119
2387;1240;3627
961;6277;7238
8369;3225;11594
2022;9651;11673
6101;7121;13222
5953;6253;12206
3395;8676;12071
5462;3012;8474
2221;4548;6769
3156;4347;7503
1290;2721;4011
9270;9278;18548
1045;7262;8307
1756;6873;8629
9774;8964;18738
9102;5010;14112
6538;5030;11568
2868;8909;11777
2226;1864;4090
9490;4781;14271
3843;6557;10400
4908;6823;11731
6135;3964;10099
264;5827;6091
209;3901;4110
1063;7149;8212
266;1938;2204
6749;9870;16619
9978;2915;12893
5800;8045;13845
9556;1199;10755
2475;6588;9063
7640;6009;13649
6814;6686;13500
6090;8159;14249
7122;4338;11460
1959;1327;3286
9176;2623;11799
6980;3616;10596
7849;2403;10252
5389;1345;6734
8071;5277;13348
9652;2418;12070
9534;1002;10536
6546;1865;8411
5818;7842;13660
1617;7333;8950
9573;7850;17423
6003;6581;12584
5291;1535;6826
2744;9331;12075
6489;5560;12049
5084;5322;10406
1534;9553;11087
4203;5194;9397
7744;1956;9700
6162;2428;8590
2990;7550;10540
4506;2393;6899
2241;1835;4076
9272;4007;13279
6940;1228;8168
4239;6286;10525
1555;8584;10139
6668;3820;10488
6573;7250;13823
242;6270;6512
8887;1015;9902
4336;9669;14005
8606;847;9453
9108;6944;16052
8995;1577;10572
9087;4540;13627
1115;6226;7341
3217;8417;11634
6608;9459;16067
8449;1904;10353
677;1419;2096
8148;8346;16494
5943;2201;8144
5249;1785;7034
3415;8074;11489
8901;1512;10413
7923;1239;9162
3333;9426;12759
2413;1550;3963
3148;3811;6959
9971;2541;12512
4399;5269;9668
4843;7146;11989
8673;7670;16343
5021;1959;6980
3286;7323;10609
1119;5528;6647
2702;8469;11171
4996;1703;6699
1276;2152;3428
6613;1178;7791
4824;4560;9384
3992;2654;6646
3941;9656;13597
1929;3525;5454
3577;4857;8434
1815;2348;4163
8065;448;8513
7557;1234;8791
6920;3900;10820
4532;8468;13000
4855;7025;11880
491;6109;6600
9696;1855;11551
9471;3997;13468
4439;5496;9935
5355;1776;7131
6682;1502;8184
9594;8037;17631
2665;9027;11692
7942;4545;12487
366;6730;7096
179;1704;1883
7121;5097;12218
6020;1958;7978
7630;7747;15377
1408;3086;4494
4520;9947;14467
1397;4951;6348
9314;1667;10981
3935;680;4615
8070;5237;13307
2204;72;2276
6993;285;7278
6837;2887;9724
1209;6889;8098
9558;7027;16585
313;6091;6404
594;6523;7117
7092;8644;15736
7199;9146;16345
4573;3023;7596
2228;5728;7956
3927;1265;5192
4744;5175;9919
2996;5033;8029
5133;9187;14320
177;5849;6026
6392;7475;13867
6999;6710;13709
5118;3641;8759
2905;1296;4201
8613;4706;13319
1124;4350;5474
9751;3770;13521
5332;3473;8805
7872;5562;13434
9825;2121;11946
4519;7030;11549
4328;9866;14194
3812;9852;13664
511;9525;10036
4041;3816;7857
8640;5968;14608
7518;6068;13586
8385;2272;10657
2106;512;2618
2558;4987;7545
1175;4000;5175
6511;1616;8127
65;3401;3466
2068;2931;4999
91;5245;5336
1765;7959;9724
8563;4932;13495
6497;4735;11232
7984;1127;9111
8246;8118;16364
9143;7789;16932
4527;4724;9251
2698;6467;9165
2336;7081;9417
746;9538;10284
2328;3249;5577
6957;4893;11850
2152;5788;7940
745;1890;2635
8542;9243;17785
7213;2497;9710
1447;1963;3410
2354;9584;11938
7637;5276;12913
7904;7592;15496
9717;1849;11566
5364;4978;10342
218;316;534
4362;7091;11453
9468;5732;15200
7158;1593;8751
6431;6762;13193
3958;3779;7737
5782;8817;14599
4126;2110;6236
8092;8548;16640
7888;2984;10872
6883;2843;9726
6784;2261;9045
7915;6995;14910
2339;9290;11629
1787;204;1991
6025;8488;14513
9374;2217;11591
4082;3494;7576
4402;3847;8249
4122;9770;13892
6800;2982;9782
2187;5102;7289
4813;9597;14410
1419;6138;7557
8027;8364;16391
3572;7949;11521
3528;9413;12941
2379;6855;9234
5215;9201;14416
4549;7930;12479
5908;8597;14505
4914;6613;11527
5492;4993;10485
2004;819;2823
6955;4506;11461
8437;8646;17083
3742;5132;8874
3722;132;3854
8616;8826;17442
5949;8999;14948
7607;1455;9062
5544;6030;11574
2420;1919;4339
4490;344;4834
797;8429;9226
5706;3438;9144
8747;7147;15894
4098;2758;6856
7547;7980;15527
8055;3008;11063
6981;5864;12845
502;8301;8803
2000;2868;4868
9738;6123;15861
2703;9845;12548
1058;6090;7148
6333;7601;13934
2100;787;2887
6480;453;6933
5827;3871;9698
7587;7546;15133
8748;3571;12319
6148;5332;11480
6323;9559;15882
1512;6622;8134
676;3736;4412
8450;1696;10146
4679;5306;9985
7709;9675;17384
6743;688;7431
7925;599;8524
3376;4501;7877
9867;541;10408
9971;6171;16142
800;3970;4770
2001;8326;10327
550;9952;10502
7681;3240;10921
1511;7169;8680
4818;6479;11297
7687;8771;16458
7786;8714;16500
4989;7829;12818
5194;350;5544
4763;7572;12335
2541;8872;11413
5562;5315;10877
1405;4336;5741
5473;9461;14934
6188;6504;12692
4534;4047;8581
3119;1665;4784
2595;1215;3810
6967;809;7776
9112;2580;11692
5138;344;5482
3543;6866;10409
2433;2929;5362
2666;5011;7677
532;8868;9400
3249;77;3326
2399;7239;9638
4456;795;5251
4934;4579;9513
7301;9540;16841
9019;1332;10351
6963;9377;16340
5414;2287;7701
7927;4659;12586
6533;5437;11970
5277;1976;7253
5480;8764;14244
2167;7518;9685
5117;3670;8787
4845;8576;13421
1188;6287;7475
3824;7208;11032
7542;666;8208
7300;3694;10994
3406;676;4082
4463;1284;5747
3388;8448;11836
1249;5903;7152
2988;2263;5251
4552;8072;12624
3087;4835;7922
7917;5285;13202
2381;3325;5706
728;1664;2392
3127;9181;12308
7423;6735;14158
614;2025;2639
7014;168;7182
8699;8660;17359
9523;5960;15483
6177;9645;15822
3668;5029;8697
1853;7944;9797
659;8316;8975
9183;6464;15647
859;2411;3270
9482;7520;17002
1757;7354;9111
3948;9619;13567
3687;5601;9288
6221;4408;10629
6480;6904;13384
905;7283;8188
6185;8893;15078
7688;8998;16686
656;9744;10400
4470;4609;9079
3799;8286;12085
1461;7953;9414
9607;8904;18511
5215;7823;13038
7773;8343;16116
3670;9753;13423
9824;2316;12140
135;1536;1671
1514;7792;9306
6882;8907;15789
9901;8021;17922
8457;3787;12244
5324;2272;7596
6409;2345;8754
7004;2295;9299
878;8093;8971
7953;7186;15139
2347;2011;4358
1887;9596;11483
4750;620;5370
4773;2924;7697
9065;3401;12466
2282;4925;7207
5838;4800;10638
5062;6847;11909
8575;9102;17677
3050;3492;6542
1696;7633;9329
8531;5375;13906
8709;8606;17315
3482;4564;8046
625;2089;2714
3556;5894;9450
8877;474;9351
7087;9880;16967
4551;4171;8722
9120;1880;11000
7698;6867;14565
1404;5810;7214
4599;4084;8683
4603;9587;14190
3645;2403;6048
5401;7431;12832
7124;2982;10106
5737;7633;13370
681;8409;9090
7492;1211;8703
3561;7157;10718
9000;1350;10350
1473;5938;7411
4601;7685;12286
5873;6555;12428
3502;1738;5240
5988;366;6354
2561;9482;12043
5039;736;5775
6811;6583;13394
8187;1553;9740
7668;3653;11321
7426;9028;16454
8578;5090;13668
8773;7941;16714
5052;7686;12738
5441;6516;11957
1217;338;1555
8923;6663;15586
7445;5864;13309
7053;8227;15280
256;1346;1602
6233;643;6876
5009;8136;13145
3154;3895;7049
8920;6474;15394
3248;710;3958
8799;8230;17029
9618;4994;14612
1668;2658;4326
4421;9449;13870
2194;3328;5522
126;7977;8103
3909;9761;13670
5022;7198;12220
7281;2520;9801
2000;133;2133
7694;6256;13950
4418;8479;12897
1093;7987;9080
7572;943;8515
2038;3609;5647
5541;4013;9554
140;3918;4058
6838;1647;8485
3260;1170;4430
4754;5836;10590
2521;7817;10338
5752;9740;15492
727;8254;8981
7863;6891;14754
4175;9892;14067
7409;3751;11160
930;6718;7648
5438;1926;7364
3818;7299;11117
5246;1134;6380
3886;4402;8288
8885;6658;15543
1839;1813;3652
157;1527;1684
6557;2871;9428
1775;1084;2859
4602;4062;8664
5476;2956;8432
9170;1093;10263
8394;840;9234
2805;4489;7294
8019;1950;9969
1514;4554;6068
4801;217;5018
4059;4970;9029
8004;1695;9699
4569;3970;8539
2339;9810;12149
8624;338;8962
4015;326;4341
7578;1079;8657
2256;1912;4168
2323;6461;8784
6973;1663;8636
5586;5229;10815
7027;656;7683
2592;4098;6690
9293;5772;15065
3229;2378;5607
3707;4434;8141
2335;4080;6415
347;8886;9233
5322;2111;7433
4763;5142;9905
9634;8040;17674
6033;9644;15677
5412;775;6187
5823;7022;12845
4463;9588;14051
1482;9266;10748
7892;4399;12291
8651;8325;16976
2129;1060;3189
8040;2642;10682
7593;2379;9972
5717;7328;13045
761;9695;10456
7264;9306;16570
87;2769;2856
6124;3613;9737
7686;8258;15944
8630;9249;17879
2150;7522;9672
3390;2942;6332
8229;6174;14403
2162;1794;3956
5357;3884;9241
1523;6315;7838
9245;7608;16853
6229;998;7227
9059;8867;17926
7550;9559;17109
4675;664;5339
431;3616;4047
4028;2947;6975
7252;7200;14452
7349;7909;15258
4195;5248;9443
5295;8491;13786
6094;3336;9430
9216;4534;13750
7563;3367;10930
8288;8071;16359
5991;3732;9723
8743;8193;16936
2354;9728;12082
1356;1256;2612
6039;8869;14908
4251;3019;7270
2330;5449;7779
2176;8153;10329
8259;1093;9352
3613;63;3676
4978;7357;12335
7154;4095;11249
8569;5677;14246
5332;3295;8627
808;2902;3710
6775;4788;11563
1843;7540;9383
2837;4470;7307
5474;4173;9647
6593;9874;16467
2195;5792;7987
1628;537;2165
5399;5046;10445
4914;9048;13962
4465;7120;11585
5224;645;5869
1728;9133;10861
4600;5710;10310
2638;3556;6194
9269;9119;18388
6827;6061;12888
8986;3552;12538
1387;4615;6002
1301;4078;5379
1337;2970;4307
8792;7238;16030
1587;9778;11365
6183;4847;11030
1274;2868;4142
8233;4500;12733
7010;9989;16999
6324;9241;15565
2749;2748;5497
2724;5180;7904
6234;3492;9726
7820;3420;11240
7492;29;7521
6680;2925;9605
730;9658;10388
796;5926;6722
8992;6677;15669
8356;8045;16401
3413;7582;10995
8207;2790;10997
6798;4932;11730
2015;7712;9727
760;580;1340
2979;4233;7212
3050;5569;8619
7167;6470;13637
6356;9340;15696
9759;7397;17156
2865;5803;8668
101;400;501
7437;42;7479
3593;9248;12841
1170;1167;2337
9807;4407;14214
6477;7501;13978
6603;423;7026
8250;4183;12433
4370;6706;11076
3785;4105;7890
1545;2179;3724
5666;34;5700
7617;5148;12765
1430;3735;5165
8266;9474;17740
1706;1923;3629
2834;3077;5911
5239;5252;10491
5783;9595;15378
6023;5373;11396
1136;7243;8379
2009;1320;3329
7036;5366;12402
2728;7818;10546
5156;2017;7173
127;1599;1726
2791;3446;6237
3154;7277;10431
4167;8788;12955
7336;7236;14572
526;9741;10267
4307;9897;14204
2304;5415;7719
9329;9116;18445
699;9489;10188
770;4497;5267
7319;4817;12136
7955;446;8401
9126;8162;17288
3579;9873;13452
4593;8858;13451
4539;6397;10936
1176;1611;2787
9731;913;10644
1784;6464;8248
9573;16;9589
5469;8232;13701
6682;5370;12052
3200;8597;11797
5572;2209;7781
3450;8121;11571
754;9850;10604
5561;9601;15162
6942;8118;15060
1505;6437;7942
3448;6208;9656
4541;4372;8913
8958;6758;15716
6204;2390;8594
510;8513;9023
3167;2483;5650
9525;241;9766
815;5161;5976
7092;8814;15906
9341;4977;14318
3712;2387;6099
8568;8274;16842
5450;7926;13376
7776;9600;17376
7698;5459;13157
2236;1934;4170
2371;6964;9335
682;1024;1706
9162;5227;14389
2408;1393;3801
2147;9970;12117
9197;6100;15297
9929;3853;13782
8329;7543;15872
6319;2830;9149
6666;8640;15306
588;8736;9324
8022;5112;13134
2103;7336;9439
5243;5531;10774
1676;9278;10954
3976;3754;7730
2340;543;2883
1702;2155;3857
3089;3421;6510
2324;8323;10647
3745;1533;5278
3155;3839;6994
8526;794;9320
2136;1343;3479
70;1178;1248
7443;8744;16187
2358;2897;5255
1399;9506;10905
1151;3958;5109
7014;3897;10911
8492;9936;18428
520;1769;2289
9007;8271;17278
6088;9788;15876
7691;7293;14984
3334;9364;12698
8718;3487;12205
3426;7134;10560
9775;6538;16313
7370;9819;17189
5138;5932;11070
9398;3056;12454
7631;3495;11126
6518;3855;10373
6118;5329;11447
1869;3347;5216
8122;4514;12636
8236;670;8906
8731;960;9691
3561;760;4321
1164;8322;9486
670;9855;10525
2060;4873;6933
7805;8796;16601
2976;9035;12011
6819;4599;11418
7991;572;8563
6712;4309;11021
4329;5351;9680
368;9758;10126
7051;8046;15097
9408;6282;15690
4024;4271;8295
2025;3327;5352
1746;1062;2808
4142;8632;12774
9160;6126;15286
1863;7270;9133
5216;4388;9604
4464;2257;6721
6736;4275;11011
7413;770;8183
4494;4143;8637
4578;6024;10602
8512;5010;13522
7019;5067;12086
4225;8164;12389
2270;2520;4790
6427;9693;16120
9113;1641;10754
8284;8037;16321
2406;7656;10062
4306;3170;7476
150;8244;8394
3156;8534;11690
2813;9830;12643
6877;4519;11396
7925;8110;16035
3795;8457;12252
7087;8632;15719
413;1498;1911
6931;6792;13723
4273;4562;8835
3409;9081;12490
1345;6598;7943
8360;5446;13806
5396;1528;6924
7872;3715;11587
7366;3749;11115
2505;8545;11050
820;1669;2489
8001;1202;9203
2078;5790;7868
7384;6902;14286
2817;3464;6281
9848;6350;16198
2007;5893;7900
4235;4999;9234
9673;408;10081
8748;1468;10216
695;2654;3349
5745;2821;8566
7996;8662;16658
6251;8586;14837
6576;8656;15232
5364;5849;11213
8936;888;9824
8490;6496;14986
7733;7581;15314
7274;3668;10942
6376;8067;14443
5661;7831;13492
5211;161;5372
5631;3195;8826
455;8885;9340
2299;1470;3769
5266;2403;7669
6827;7209;14036
2299;6362;8661
8028;337;8365
400;5041;5441
182;9736;9918
6097;367;6464
8331;8283;16614
9531;364;9895
1337;3936;5273
3267;5757;9024
2430;4478;6908
7138;8219;15357
3185;6258;9443
9432;8955;18387
1638;7152;8790
6904;8604;15508
4883;9052;13935
2865;7488;10353
1035;9112;10147
6183;1280;7463
9702;7996;17698
8105;8495;16600
4846;7118;11964
9043;5144;14187
5872;6332;12204
2467;7611;10078
2547;8520;11067
9475;3;9478
8157;9022;17179
6170;1306;7476
1231;2255;3486
2892;1593;4485
8453;6343;14796
1338;4343;5681
3729;5059;8788
6606;6783;13389
9395;2182;11577
2199;5138;7337
2485;8469;10954
3294;5348;8642
6751;9469;16220
2033;7147;9180
5806;8769;14575
7554;1144;8698
7766;3612;11378
7900;5922;13822
3331;1146;4477
8287;349;8636
342;6196;6538
9394;2739;12133
2891;3098;5989
1540;5726;7266
2562;4703;7265
5893;7145;13038
51;5023;5074
8288;8303;16591
4667;2666;7333
8055;9317;17372
6341;1787;8128
9705;2494;12199
7450;9634;17084
2954;5238;8192
2791;2093;4884
3489;4517;8006
8851;6743;15594
8609;33;8642
4426;3338;7764
4453;5604;10057
9871;9695;19566
2731;8559;11290
51;8988;9039
4929;2100;7029
1077;3834;4911
7866;5434;13300
309;1308;1617
6524;1668;8192
3093;6323;9416
5324;8622;13946
7923;2605;10528
767;1304;2071
8640;2669;11309
3900;6121;10021
5950;3716;9666
9179;869;10048
5375;1019;6394
4859;2213;7072
9065;1654;10719
2782;8288;11070
5794;4294;10088
2296;4438;6734
4812;2844;7656
4417;8148;12565
8188;6538;14726
1305;5268;6573
2461;9448;11909
9901;8039;17940
3868;33;3901
7341;5401;12742
4730;4461;9191
9399;7076;16475
447;4597;5044
4611;6413;11024
4836;7903;12739
7388;309;7697
6566;878;7444
190;6501;6691
3794;952;4746
9191;4233;13424
8640;7951;16591
7360;4375;11735
1889;8113;10002
2826;9743;12569
879;8519;9398
8564;6915;15479
7056;5777;12833
2822;6774;9596
9841;7236;17077
7910;4356;12266
5095;9957;15052
1196;6847;8043
6612;2897;9509
7919;9924;17843
5112;9224;14336
8635;3502;12137
2716;5502;8218
4811;7113;11924
5002;941;5943
2081;6389;8470
8786;8041;16827
6775;5485;12260
9919;601;10520
5425;9204;14629
899;6126;7025
2334;7779;10113
3744;9564;13308
2701;1559;4260
7378;4002;11380
8734;7595;16329
6708;1009;7717
6023;8904;14927
9533;9979;19512
636;7694;8330
1014;2681;3695
8680;5004;13684
482;535;1017
1989;9006;10995
5752;5765;11517
9231;5358;14589
1102;7861;8963
2480;7667;10147
2804;2664;5468
2262;2719;4981
9190;567;9757
229;9922;10151
741;8675;9416
6151;858;7009
3929;2606;6535
7466;7442;14908
5730;8479;14209
6001;2123;8124
1959;6037;7996
6386;5231;11617
7705;2037;9742
2745;9071;11816
955;2590;3545
4241;4105;8346
4927;3120;8047
705;4006;4711
9575;2716;12291
9375;9081;18456
2270;7339;9609
7963;4996;12959
9885;3444;13329
9067;4219;13286
2039;3162;5201
4685;2592;7277
5347;4569;9916
2460;3818;6278
6985;7455;14440
2004;1843;3847
2831;4591;7422
4802;965;5767
6660;7438;14098
7332;7012;14344
4834;6837;11671
5808;4249;10057
7644;6870;14514
2363;2518;4881
1283;33;1316
9942;4826;14768
8926;2554;11480
6948;8837;15785
3329;6742;10071
7622;7199;14821
6373;5718;12091
7923;7341;15264
169;730;899
4436;1413;5849
2851;1552;4403
7099;6909;14008
3226;5043;8269
7232;5725;12957
3816;4460;8276
4068;168;4236
3730;3477;7207
1389;8464;9853
4417;3407;7824
8738;621;9359
9310;4409;13719
4254;7095;11349
8709;4283;12992
1089;6429;7518
4768;8164;12932
7772;7377;15149
745;7482;8227
4995;6871;11866
9799;4519;14318
190;9658;9848
9663;7323;16986
2302;3516;5818
9452;401;9853
7588;7202;14790
15;8325;8340
632;972;1604
2575;8621;11196
2742;2728;5470
8869;4368;13237
9518;3836;13354
2542;7316;9858
9648;3135;12783
5009;8312;13321
4498;9554;14052
7141;7720;14861
523;6585;7108
6296;839;7135
4835;7182;12017
768;7858;8626
2897;7733;10630
978;841;1819
4637;5526;10163
2952;6634;9586
2705;2118;4823
5770;2299;8069
1282;3649;4931
5477;4283;9760
5347;5591;10938
7164;9378;16542
5870;1134;7004
4985;1554;6539
184;8792;8976
7959;6441;14400
3693;5671;9364
8829;2317;11146
3475;5893;9368
2662;5203;7865
260;3159;3419
3392;4099;7491
6213;9528;15741
7028;45;7073
9222;2408;11630
467;6202;6669
1056;3696;4752
1865;3834;5699
4488;6721;11209
5040;3877;8917
2044;176;2220
8473;8390;16863
4069;900;4969
8116;8929;17045
9462;7838;17300
8040;5726;13766
3553;2909;6462
1711;3620;5331
6694;8919;15613
5086;5735;10821
908;1966;2874
3554;2672;6226
1109;5848;6957
6309;7036;13345
9717;1603;11320
6437;8477;14914
9604;4134;13738
2677;7589;10266
6209;1136;7345
5735;4366;10101
6045;8191;14236
1168;2022;3190
5322;2404;7726
4020;3688;7708
4570;5939;10509
4767;4074;8841
5966;7833;13799
7951;298;8249
35;7298;7333
3585;8640;12225
965;761;1726
1037;8069;9106
2720;3189;5909
3916;3701;7617
816;9357;10173
9416;8207;17623
6973;1861;8834
4916;6740;11656
7776;6099;13875
7109;1000;8109
2877;4725;7602
3747;9187;12934
1545;4164;5709
1658;8453;10111
7504;8106;15610
4775;918;5693
3891;3598;7489
3040;337;3377
4416;5154;9570
1562;101;1663
6857;7087;13944
1052;9641;10693
8955;9103;18058
5995;219;6214
7479;151;7630
9270;2570;11840
8655;3706;12361
4506;3167;7673
1735;1800;3535
9089;2953;12042
1736;8290;10026
1545;6563;8108
305;1261;1566
2301;5833;8134
8285;1434;9719
7858;1760;9618
93;5770;5863
9837;597;10434
1582;338;1920
9038;5914;14952
1272;2675;3947
8031;7499;15530
8894;7170;16064
8756;5903;14659
1560;6194;7754
1573;1840;3413
1927;2568;4495
5348;6451;11799
3102;6259;9361
4581;8909;13490
3563;7650;11213
6634;9828;16462
695;4669;5364
8615;4139;12754
8532;3721;12253
8144;6610;14754
4940;9274;14214
3758;9966;13724
5788;1655;7443
200;7630;7830
7764;9568;17332
9459;9504;18963
2832;2235;5067
4090;9386;13476
5559;7194;12753
5437;9425;14862
3143;8022;11165
7883;5680;13563
6499;939;7438
9898;8500;18398
3348;364;3712
5397;997;6394
6195;1442;7637
4059;900;4959
9254;2079;11333
2128;5262;7390
6654;4973;11627
7158;9732;16890
8371;3091;11462
6333;3153;9486
4891;6849;11740
3540;5096;8636
5961;4775;10736
2526;1388;3914
8664;8909;17573
8577;2256;10833
2373;655;3028
6112;6733;12845
2453;646;3099
2794;8463;11257
772;5333;6105
878;1211;2089
9931;8626;18557
9843;8618;18461
5624;9267;14891
6121;7024;13145
6334;4425;10759
8833;6069;14902
5718;2690;8408
7702;2134;9836
2109;8576;10685
2297;419;2716
3975;4021;7996
5904;3418;9322
4307;5195;9502
4486;9501;13987
2005;981;2986
3061;1413;4474
7725;8170;15895
3318;962;4280
2757;6092;8849
5551;805;6356
4290;9338;13628
793;9449;10242
4287;1752;6039
6620;2542;9162
1769;9753;11522
247;5292;5539
9604;4225;13829
4663;4857;9520
3102;5789;8891
1018;5945;6963
9194;1378;10572
3273;9710;12983
6032;8651;14683
4139;7006;11145
5376;556;5932
4051;3209;7260
8535;8765;17300
9231;5992;15223
7938;8945;16883
3758;8100;11858
3749;3994;7743
6011;1980;7991
9075;584;9659
3522;17;3539
8854;3389;12243
1010;8981;9991
1658;4888;6546
8115;1974;10089
4190;7870;12060
7836;336;8172
4062;3204;7266
9559;6921;16480
1635;4089;5724
8304;8216;16520
640;6878;7518
9941;1725;11666
794;3916;4710
6757;1129;7886
5689;5839;11528
3631;1218;4849
6374;6356;12730
3612;5816;9428
2645;1920;4565
5363;7997;13360
7491;4639;12130
6541;2846;9387
5484;6687;12171
738;4878;5616
7855;6938;14793
9449;3888;13337
8849;8155;17004
4335;1470;5805
5209;7640;12849
3640;5649;9289
6888;8292;15180
3326;8824;12150
9744;1358;11102
2953;3130;6083
4770;3834;8604
6051;5682;11733
3434;8471;11905
8840;2708;11548
8130;7376;15506
3109;1730;4839
395;3705;4100
6048;2945;8993
4366;9927;14293
4081;3039;7120
4612;9758;14370
8162;3465;11627
7965;786;8751
9896;8102;17998
4557;2476;7033
2649;7511;10160
3650;7860;11510
7313;5604;12917
5061;7900;12961
7540;6489;14029
1563;9195;10758
2281;5368;7649
4453;5856;10309
3581;1728;5309
448;8149;8597
674;1941;2615
1750;3014;4764
2256;3046;5302
1950;2111;4061
5308;2271;7579
6423;33;6456
3069;9681;12750
808;939;1747
8024;413;8437
9711;9000;18711
7819;9425;17244
9795;624;10419
4516;7089;11605
2489;7673;10162
2690;4032;6722
4800;9358;14158
7370;575;7945
6972;6206;13178
6386;5414;11800
3954;6200;10154
4988;3025;8013
4984;1006;5990
2008;4569;6577
7760;6484;14244
8469;7007;15476
6663;734;7397
4322;1977;6299
333;7187;7520
5779;9599;15378
8816;5076;13892
1820;6707;8527
6729;1484;8213
2118;4579;6697
16;2837;2853
8702;1278;9980
2586;4607;7193
251;5821;6072
4963;8023;12986
8877;5355;14232
6133;713;6846
4854;8752;13606
6000;4672;10672
4290;7311;11601
7716;2334;10050
1934;3363;5297
1792;1972;3764
579;7893;8472
2287;8628;10915
5526;7149;12675
5054;1854;6908
4357;7631;11988
4535;12;4547
5881;7667;13548
3695;7666;11361
851;1695;2546
1042;8996;10038
7019;336;7355
7355;7550;14905
3834;7453;11287
6806;349;7155
1125;5144;6269
9433;7048;16481
3579;6372;9951
1289;7908;9197
9088;9525;18613
9375;1080;10455
5181;4064;9245
2626;2154;4780
788;8591;9379
7898;513;8411
1952;7437;9389
1929;8726;10655
8828;3829;12657
6813;8474;15287
8184;4130;12314
3221;8036;11257
1540;5967;7507
8925;6244;15169
534;4654;5188
2909;9314;12223
8175;8914;17089
7030;7296;14326
7218;4214;11432
1815;9720;11535
9060;650;9710
2989;7867;10856
1442;6172;7614
7556;3265;10821
7671;8085;15756
451;2368;2819
8769;2894;11663
6293;7630;13923
5864;9006;14870
6400;5030;11430
8464;8505;16969
8174;1253;9427
8659;3804;12463
1338;7524;8862
9668;7529;17197
3254;1197;4451
6890;2308;9198
5762;5856;11618
1919;733;2652
1780;8955;10735
4147;1293;5440
3545;6082;9627
825;1402;2227
618;3878;4496
9946;6681;16627
3680;4424;8104
7530;2517;10047
1870;1136;3006
5191;351;5542
1676;7249;8925
1503;4480;5983
6729;7319;14048
1184;9910;11094
9067;2598;11665
1799;3906;5705
4663;4997;9660
103;1734;1837
9862;8227;18089
9512;5628;15140
7173;52;7225
3904;9629;13533
1138;6622;7760
8043;2866;10909
2215;3637;5852
2318;865;3183
5905;1382;7287
6871;8824;15695
1249;4621;5870
2257;6674;8931
2844;3059;5903
8435;7704;16139
7914;3373;11287
9227;6084;15311
8058;4728;12786
6817;5212;12029
9009;4302;13311
9843;1954;11797
6048;2859;8907
1412;1813;3225
4532;284;4816
5133;6236;11369
3158;9368;12526
5999;1525;7524
5366;9798;15164
3888;3824;7712
3530;841;4371
3032;1997;5029
9899;8868;18767
4617;5029;9646
2443;8069;10512
5362;4688;10050
8713;5949;14662
1476;2653;4129
5936;7918;13854
4964;7210;12174
5989;7783;13772
9936;3535;13471
9407;981;10388
3683;7735;11418
2256;5915;8171
3578;2390;5968
8412;7084;15496
6227;1292;7519
1919;6061;7980
2916;8753;11669
7621;8752;16373
3215;5916;9131
9653;491;10144
3220;2995;6215
5615;4392;10007
2988;2484;5472
5087;5641;10728
9999;3826;13825
3498;2450;5948
2133;5039;7172
956;7996;8952
5207;1905;7112
2556;5181;7737
6278;8706;14984
8143;5918;14061
3484;8978;12462
6009;8739;14748
1431;8595;10026
8541;961;9502
6234;8232;14466
9954;9980;19934
323;3504;3827
3876;8519;12395
9002;3771;12773
3490;9003;12493
420;717;1137
7363;4878;12241
6791;3170;9961
184;3086;3270
5113;3985;9098
6470;9374;15844
176;1386;1562
4102;9962;14064
3163;7359;10522
5882;7554;13436
4904;3946;8850
2573;1426;3999
4576;8667;13243
1491;6322;7813
3491;5661;9152
3524;9192;12716
3656;3853;7509
8910;2459;11369
3842;3494;7336
5779;3341;9120
9514;5953;15467
5006;4985;9991
7734;1146;8880
5903;303;6206
2070;2088;4158
4734;9512;14246
7370;618;7988
5763;3710;9473
5055;2457;7512
9780;5343;15123
1624;6409;8033
5344;8548;13892
4134;1813;5947
5695;9235;14930
4964;8248;13212
6832;2397;9229
5330;7332;12662
867;1226;2093
3714;2406;6120
3860;8846;12706
1736;9205;10941
8237;9621;17858
8704;9214;17918
5327;326;5653
427;8148;8575
2858;1218;4076
7392;6227;13619
5361;5968;11329
8383;9970;18353
7610;9900;17510
4964;6300;11264
6424;9081;15505
6270;5979;12249
1511;9838;11349
288;3977;4265
6702;6406;13108
1108;5477;6585
3990;2426;6416
5193;3645;8838
9906;6277;16183
5608;3546;9154
8897;9814;18711
4619;4975;9594
6011;1090;7101
221;5640;5861
6886;2684;9570
9756;9028;18784
1877;1633;3510
809;3414;4223
6495;3727;10222
3088;6309;9397
6007;4769;10776
4591;6623;11214
328;8360;8688
4583;3119;7702
8077;6566;14643
5112;7588;12700
1114;3967;5081
5984;4311;10295
6087;6888;12975
4621;8171;12792
6662;8044;14706
77;8989;9066
5763;5989;11752
7178;7309;14487
1518;8945;10463
5207;3415;8622
5009;4515;9524
2784;7746;10530
8391;2642;11033
8676;2909;11585
5918;9883;15801
942;3722;4664
382;8167;8549
3633;3106;6739
2452;2365;4817
2689;5830;8519
4971;9831;14802
172;7273;7445
3412;2698;6110
9044;2369;11413
9640;8851;18491
9413;6362;15775
8129;4750;12879
170;8206;8376
7284;566;7850
7321;981;8302
1072;4017;5089
2612;2685;5297
7953;9404;17357
285;7464;7749
1809;2893;4702
939;3540;4479
4734;6921;11655
8927;3697;12624
2124;9355;11479
9368;4540;13908
2352;8220;10572
7352;69;7421
8116;3129;11245
1664;2276;3940
6580;2681;9261
2837;9508;12345
8836;2062;10898
1993;9443;11436
6826;1191;8017
4618;3412;8030
8559;8307;16866
1155;9275;10430
2380;2592;4972
2041;2379;4420
3679;2925;6604
5983;745;6728
1718;7456;9174
7390;1998;9388
5865;3029;8894
4074;8975;13049
1628;8535;10163
1100;8072;9172
6151;8014;14165
3493;7088;10581
5514;6809;12323
5057;2179;7236
4531;5162;9693
7190;3322;10512
9808;3015;12823
7426;7831;15257
9294;408;9702
7810;139;7949
7447;5084;12531
7012;130;7142
3811;8686;12497
9284;4651;13935
9970;4426;14396
9043;2763;11806
987;4193;5180
5213;862;6075
3123;5536;8659
9975;3167;13142
5812;8653;14465
2347;5477;7824
3492;8201;11693
6717;3238;9955
4522;4598;9120
4527;677;5204
5827;5231;11058
3617;8997;12614
855;1153;2008
7633;4120;11753
3693;6914;10607
3532;7044;10576
7759;899;8658
600;5120;5720
7478;7239;14717
9053;7420;16473
7123;6239;13362
2621;784;3405
1638;8479;10117
4564;3467;8031
1727;814;2541
7183;6842;14025
6775;672;7447
9339;5392;14731
5090;3312;8402
7171;234;7405
4037;3738;7775
3061;528;3589
7960;5540;13500
5327;979;6306
5766;7560;13326
8154;9777;17931
9589;8763;18352
8911;6573;15484
7984;5638;13622
1768;249;2017
6383;7275;13658
9295;1755;11050
7310;7322;14632
4580;5728;10308
9128;4625;13753
9710;4832;14542
3390;1185;4575
8963;3705;12668
3513;7385;10898
9830;7340;17170
5260;7001;12261
3249;1898;5147
5175;9698;14873
906;8718;9624
9758;7878;17636
1951;9637;11588
9105;4501;13606
285;6142;6427
2423;2955;5378
4332;1132;5464
3426;7037;10463
7857;6004;13861
9247;1553;10800
7629;3559;11188
6244;810;7054
9560;6329;15889
7967;7116;15083
1508;923;2431
6784;742;7526
3663;2959;6622
7110;1732;8842
7172;3445;10617
9749;4111;13860
2123;6083;8206
4348;4938;9286
4908;8048;12956
8910;6724;15634
1793;881;2674
3947;9684;13631
5291;2108;7399
8447;7736;16183
823;4101;4924
97;5250;5347
8227;5574;13801
7822;2167;9989
6018;3364;9382
3074;4179;7253
9825;9505;19330
1995;4805;6800
7548;6632;14180
8810;1366;10176
1514;7412;8926
2616;7997;10613
6102;9053;15155
4472;3177;7649
1712;8001;9713
9894;2169;12063
1724;3045;4769
9479;3955;13434
3175;9946;13121
5003;9563;14566
5091;7393;12484
8905;7849;16754
7665;4029;11694
1627;6483;8110
5920;808;6728
3307;8888;12195
3561;2967;6528
2990;2126;5116
6300;5514;11814
5529;7935;13464
6732;2897;9629
1307;5089;6396
2646;9041;11687
8024;4101;12125
3802;3785;7587
259;2304;2563
8402;2812;11214
5721;2187;7908
9260;7128;16388
9224;7085;16309
6702;6229;12931
3434;622;4056
4886;541;5427
3547;6009;9556
5230;6552;11782
3705;8210;11915
7731;7346;15077
4025;9887;13912
8195;3384;11579
810;7402;8212
458;2193;2651
9882;8297;18179
4181;4242;8423
4308;8334;12642
5449;5171;10620
9963;9177;19140
7922;9297;17219
6642;2752;9394
9212;9213;18425
7614;3369;10983
1458;3168;4626
1740;3664;5404
7038;360;7398
4129;2366;6495
4207;4348;8555
6411;208;6619
2197;1218;3415
5047;5843;10890
4135;3959;8094
6330;5554;11884
9252;8601;17853
108;6764;6872
5429;7794;13223
2830;9649;12479
8510;8217;16727
4129;9177;13306
5982;4723;10705
958;3745;4703
4276;4187;8463
8492;6048;14540
615;1152;1767
9988;6361;16349
331;1478;1809
873;3435;4308
2379;9955;12334
1315;7201;8516
8923;1911;10834
2093;6422;8515
3699;5784;9483
2935;2679;5614
8997;8318;17315
8086;3364;11450
918;2485;3403
6453;5556;12009
5849;797;6646
4840;6021;10861
6668;4701;11369
2532;752;3284
4050;4414;8464
655;5879;6534
7630;3451;11081
7642;9489;17131
4978;3777;8755
6080;5648;11728
2035;7990;10025
3889;4421;8310
5551;33;5584
6486;6259;12745
6299;1773;8072
3707;7408;11115
3203;4107;7310
535;2886;3421
4636;6530;11166
8548;8947;17495
452;6813;7265
5899;5660;11559
2209;9591;11800
9442;6839;16281
6594;2490;9084
5087;2618;7705
4703;5774;10477
8669;5331;14000
2214;4665;6879
9730;2956;12686
8641;898;9539
4311;8672;12983
1890;4059;5949
2721;4285;7006
4175;3301;7476
9889;203;10092
4648;3465;8113
5076;104;5180
9960;281;10241
321;4728;5049
4245;7946;12191
3201;7832;11033
1994;3483;5477
4279;8091;12370
8075;8811;16886
5090;1798;6888
2434;4282;6716
5040;2902;7942
3252;3773;7025
97;918;1015
1670;4885;6555
1100;8652;9752
6624;1312;7936
2367;7729;10096
2901;2746;5647
1047;2746;3793
6834;9871;16705
8762;1339;10101
7577;8434;16011
601;7081;7682
2342;7902;10244
3478;8202;11680
6651;4465;11116
2836;752;3588
8197;8613;16810
6276;4306;10582
7960;3575;11535
8386;7847;16233
6999;1525;8524
2570;2123;4693
1895;7047;8942
1440;2884;4324
409;6138;6547
522;6768;7290
9709;6362;16071
9560;5020;14580
8327;3970;12297
3021;6640;9661
9807;658;10465
6450;6619;13069
5206;2912;8118
6869;6027;12896
7968;1590;9558
3198;1316;4514
2438;2028;4466
7260;8384;15644
5479;1086;6565
1451;3326;4777
8992;7636;16628
1189;5554;6743
2194;2493;4687
6543;6617;13160
2666;2361;5027
8536;2183;10719
8361;4870;13231
389;5646;6035
8448;9188;17636
2438;3099;5537
7569;8066;15635
9457;3929;13386
6251;6248;12499
3053;4494;7547
4434;2866;7300
3134;9202;12336
2192;1862;4054
9790;9199;18989
991;1219;2210
2203;9096;11299
2330;5049;7379
8177;3601;11778
9721;2066;11787
6432;8601;15033
968;6703;7671
5126;6767;11893
4333;2394;6727
3402;8135;11537
1350;9251;10601
9943;4794;14737
9755;1547;11302
5914;2083;7997
6203;4090;10293
4259;3167;7426
8343;1935;10278
3741;5583;9324
5474;4151;9625
203;896;1099
9300;777;10077
9279;9919;19198
8317;2063;10380
3991;6045;10036
2372;3283;5655
4997;7525;12522
9204;5890;15094
4277;8459;12736
1237;1365;2602
8295;7000;15295
3578;7859;11437
6855;5285;12140
2668;3735;6403
7199;7049;14248
3318;2502;5820
2945;2999;5944
3646;4041;7687
7411;5404;12815
3703;1177;4880
2079;6708;8787
692;8;700
116;2645;2761
5346;1186;6532
464;3644;4108
3714;3318;7032
4488;1902;6390
705;1575;2280
1009;3562;4571
4914;7077;11991
4602;5190;9792
3605;4283;7888
5772;384;6156
4205;9883;14088
8958;3641;12599
9486;86;9572
3854;6702;10556
3171;8752;11923
3808;9288;13096
8407;7371;15778
8857;8166;17023
1554;3192;4746
4669;5633;10302
8887;4020;12907
3754;8472;12226
9749;7624;17373
1985;4456;6441
7828;9709;17537
3018;4462;7480
7428;7721;15149
1648;4038;5686
5008;5670;10678
4167;2440;6607
5497;1633;7130
6636;6925;13561
893;8066;8959
6606;8097;14703
5396;5439;10835
3806;5531;9337
1885;6304;8189
8498;7763;16261
2217;6968;9185
5016;3808;8824
4937;8654;13591
9252;8898;18150
3245;3112;6357
8644;6653;15297
8835;7848;16683
9425;3861;13286
2344;3019;5363
8127;1005;9132
6170;3794;9964
9357;6705;16062
6720;4249;10969
5612;3858;9470
7203;8530;15733
8920;2892;11812
923;5140;6063
4846;5212;10058
3611;6804;10415
9258;1901;11159
2859;1063;3922
1524;8228;9752
1569;2546;4115
4128;2379;6507
9487;2743;12230
1949;7411;9360
7514;155;7669
3160;5375;8535
3647;72;3719
916;4572;5488
9444;8176;17620
1034;4808;5842
212;5096;5308
903;9138;10041
8077;4176;12253
4261;3716;7977
3468;549;4017
3958;2428;6386
6775;1566;8341
34;9375;9409
4620;2964;7584
2956;2953;5909
1701;6909;8610
5148;6408;11556
8495;712;9207
5450;1634;7084
9077;7037;16114
5442;8224;13666
4639;6090;10729
8810;466;9276
3100;479;3579
4001;9066;13067
5924;5083;11007
268;4145;4413
9251;2064;11315
1767;5085;6852
2285;4014;6299
5656;276;5932
1645;3663;5308
9186;1552;10738
6726;9894;16620
4104;5557;9661
555;8385;8940
6097;9370;15467
9574;9808;19382
6919;7513;14432
1593;3959;5552
8777;5355;14132
5761;6851;12612
2204;6617;8821
9975;6519;16494
2826;1756;4582
357;8345;8702
1103;8403;9506
9798;4821;14619
5130;6288;11418
6150;1540;7690
847;2881;3728
8249;2305;10554
6492;2974;9466
5792;7191;12983
6520;8903;15423
5646;5596;11242
8052;791;8843
1088;3166;4254
8484;6490;14974
5386;5349;10735
6634;5921;12555
2525;8183;10708
7982;8151;16133
1307;4195;5502
838;4475;5313
2750;9485;12235
2882;6624;9506
5035;9141;14176
4688;6586;11274
360;6685;7045
47;4327;4374
4885;8026;12911
9157;8724;17881
6497;9074;15571
9331;5908;15239
4996;5207;10203
7552;9730;17282
3729;5023;8752
4393;2300;6693
1934;1949;3883
1570;454;2024
9411;6267;15678
6909;3209;10118
6630;2944;9574
3259;4621;7880
9540;7096;16636
625;9354;9979
1321;2545;3866
5153;4470;9623
9471;3592;13063
3058;7341;10399
9609;4666;14275
6836;5723;12559
9234;4941;14175
6536;9192;15728
9235;9710;18945
7113;8776;15889
6591;5791;12382
1424;3750;5174
526;7437;7963
4927;7837;12764
5668;3895;9563
2371;7862;10233
7015;3707;10722
3997;3415;7412
7597;8737;16334
8842;9430;18272
4316;6764;11080
9745;1714;11459
9219;3458;12677
8370;9415;17785
9179;1118;10297
5074;263;5337
3011;4840;7851
6666;5251;11917
1826;5058;6884
7904;7417;15321
841;4910;5751
72;6273;6345
5951;9855;15806
1953;6701;8654
4649;7270;11919
1510;4415;5925
5604;5447;11051
4717;8317;13034
9550;9897;19447
4700;3964;8664
7025;518;7543
2850;4215;7065
3773;1389;5162
6359;7369;13728
3394;6695;10089
2378;2715;5093
7809;4946;12755
1942;5747;7689
9952;3464;13416
7717;1142;8859
7244;777;8021
92;4899;4991
2813;5911;8724
9155;3285;12440
7202;3628;10830
3187;6623;9810
5290;2875;8165
4248;6468;10716
4353;491;4844
9828;7992;17820
1017;6784;7801
3780;9173;12953
5015;1898;6913
8775;5037;13812
4828;8643;13471
1961;3183;5144
298;793;1091
4817;9232;14049
7135;8416;15551
2409;2894;5303
4882;3539;8421
8438;9709;18147
3007;7946;10953
1625;2746;4371
3765;3708;7473
765;8534;9299
4663;6869;11532
6396;1863;8259
1054;7874;8928
5265;8983;14248
2126;9461;11587
5108;482;5590
9190;8900;18090
1220;9614;10834
4230;8830;13060
7075;2068;9143
6538;9454;15992
7230;1913;9143
1420;8432;9852
3659;7595;11254
2114;5128;7242
7311;9101;16412
5153;8830;13983
9474;3660;13134
5680;7260;12940
4617;479;5096
7453;7650;15103
8975;8081;17056
8339;5;8344
6534;6350;12884
3093;8728;11821
4394;9251;13645
5248;632;5880
3596;7366;10962
8413;9738;18151
4013;817;4830
4220;168;4388
4236;2656;6892
873;7700;8573
3605;1763;5368
5069;5568;10637
6250;5128;11378
9429;5654;15083
8241;5639;13880
3914;6534;10448
1545;4345;5890
5454;4375;9829
9938;1914;11852
6118;3838;9956
4800;2616;7416
2045;1467;3512
9979;9108;19087
2478;1533;4011
7064;5517;12581
9206;5321;14527
7263;1092;8355
1890;9047;10937
9836;1489;11325
3517;8787;12304
2039;8888;10927
9168;5930;15098
156;3044;3200
7075;3713;10788
7573;8615;16188
8748;4140;12888
194;1408;1602
7166;6839;14005
9921;4959;14880
7377;4193;11570
1825;1410;3235
2808;2543;5351
8637;5376;14013
6653;6370;13023
7744;9531;17275
9876;4493;14369
2435;150;2585
2748;3463;6211
1011;9899;10910
6428;3319;9747
7207;5698;12905
3553;9501;13054
4830;8002;12832
3955;3229;7184
2578;5286;7864
8137;3085;11222
2008;9608;11616
4939;1385;6324
6568;1990;8558
1144;8809;9953
2098;3970;6068
2876;3393;6269
3080;1083;4163
4214;5924;10138
9131;374;9505
2260;2174;4434
8940;3990;12930
7934;9807;17741
7000;388;7388
9372;4987;14359
214;2219;2433
5472;788;6260
1531;7259;8790
4335;3823;8158
284;7940;8224
6956;3533;10489
8635;9606;18241
9302;2344;11646
7065;3094;10159
5481;5138;10619
2491;9161;11652
3953;4526;8479
8614;8511;17125
177;818;995
313;4980;5293
2765;654;3419
9209;9217;18426
4334;7297;11631
6861;9868;16729
3091;9706;12797
3171;5334;8505
6277;1342;7619
3093;7167;10260
4984;165;5149
3887;8356;12243
8662;8099;16761
4016;2953;6969
3493;6616;10109
9844;4066;13910
6665;8510;15175
4441;9968;14409
8280;2700;10980
8723;775;9498
4989;2876;7865
5353;5514;10867
2355;9152;11507
785;1334;2119
6275;5356;11631
1197;3099;4296
9693;8225;17918
642;609;1251
2434;4537;6971
5722;847;6569
5875;6600;12475
4376;6263;10639
4293;8104;12397
2708;48;2756
7535;6809;14344
4095;7635;11730
7034;2712;9746
2074;2502;4576
5663;8602;14265
695;8339;9034
5570;5525;11095
6753;3535;10288
7848;7991;15839
5784;9867;15651
2511;2170;4681
1654;2322;3976
5216;7734;12950
5782;2468;8250
2561;8895;11456
7471;2786;10257
1603;1360;2963
8513;902;9415
4851;7639;12490
5274;3885;9159
9923;6541;16464
422;1560;1982
9794;3683;13477
8176;707;8883
3320;762;4082
8057;9722;17779
2066;3849;5915
2082;357;2439
4035;3139;7174
4969;4824;9793
5455;9629;15084
1850;4729;6579
1692;8128;9820
4929;9567;14496
8990;5524;14514
351;6387;6738
9376;914;10290
3861;6880;10741
9269;7216;16485
3709;799;4508
19;4350;4369
1588;2097;3685
8073;343;8416
7941;8452;16393
8228;2847;11075
4852;4089;8941
1188;1159;2347
968;8576;9544
7759;3905;11664
5842;3474;9316
4120;6807;10927
1834;6374;8208
4127;6492;10619
5835;2823;8658
1339;8673;10012
9099;2170;11269
5458;4094;9552
3347;8;3355
3625;9364;12989
7773;3629;11402
8971;3218;12189
6547;572;7119
428;9033;9461
9324;9063;18387
3170;1981;5151
6632;2126;8758
4124;3222;7346
8385;2909;11294
4298;7642;11940
6572;6655;13227
8682;9657;18339
3940;447;4387
6870;4145;11015
4045;7604;11649
7535;1404;8939
4744;5949;10693
6643;6450;13093
7412;3487;10899
4666;2927;7593
8252;1476;9728
6225;8168;14393
7731;7161;14892
9627;7240;16867
4197;1451;5648
6032;912;6944
3858;5421;9279
4709;7648;12357
4722;7185;11907
7595;2885;10480
3032;9397;12429
6949;3810;10759
9602;2602;12204
6377;3376;9753
2557;6698;9255
5506;123;5629
6905;9820;16725
3137;2777;5914
2203;5479;7682
5552;9929;15481
1151;46;1197
9220;3851;13071
1224;7930;9154
4564;1487;6051
2029;9888;11917
8243;909;9152
4086;6236;10322
2165;8623;10788
4793;8443;13236
4265;2053;6318
8931;3762;12693
9136;739;9875
8212;9827;18039
5933;178;6111
4522;577;5099
1207;5999;7206
8473;4089;12562
5932;9190;15122
5132;9296;14428
5655;6718;12373
3091;13;3104
1559;6830;8389
4280;8257;12537
5675;4996;10671
5602;2175;7777
5094;8463;13557
9042;7466;16508
6537;6056;12593
9277;5549;14826
7210;8875;16085
7878;2061;9939
7765;2491;10256
5716;9728;15444
9529;9218;18747
2203;9509;11712
6160;2787;8947
9423;709;10132
389;4142;4531
1550;4862;6412
9586;2829;12415
3197;1753;4950
9461;6978;16439
3520;9872;13392
2588;9046;11634
359;7609;7968
6521;6688;13209
7416;6063;13479
4000;2447;6447
5967;9266;15233
2069;3473;5542
7384;6284;13668
8916;9985;18901
8332;6583;14915
6290;4045;10335
6181;9102;15283
752;4102;4854
7337;2952;10289
1293;2798;4091
9683;8190;17873
229;1244;1473
2522;3727;6249
1395;6258;7653
2366;9230;11596
1712;3150;4862
3549;8991;12540
9317;8581;17898
6384;1654;8038
5466;991;6457
6688;6737;13425
9196;9724;18920
2050;5536;7586
687;6167;6854
7408;6702;14110
1565;5558;7123
127;6880;7007
3633;5286;8919
23;1855;1878
5368;4086;9454
534;6731;7265
560;927;1487
5830;6411;12241
6728;7099;13827
2651;683;3334
6892;1322;8214
3254;1577;4831
4520;7960;12480
6150;8124;14274
578;6004;6582
1578;9898;11476
5426;8574;14000
176;5323;5499
6815;4980;11795
4463;30;4493
78;163;241
8117;989;9106
9760;2032;11792
3432;4228;7660
5057;4378;9435
2337;9388;11725
2806;7301;10107
4960;8880;13840
3113;5846;8959
3055;8992;12047
5011;9008;14019
3240;5336;8576
7663;6085;13748
4582;2280;6862
3633;1361;4994
9396;672;10068
164;4860;5024
1648;7616;9264
6397;2873;9270
2720;9759;12479
3754;1522;5276
4912;5201;10113
7512;3908;11420
3217;4277;7494
7591;1558;9149
6698;478;7176
3172;8379;11551
1575;3781;5356
841;4946;5787
571;3983;4554
5144;6144;11288
2060;4127;6187
2683;2075;4758
8118;1566;9684
405;980;1385
9789;4558;14347
7332;1262;8594
8462;5852;14314
1911;310;2221
3109;4442;7551
9290;9429;18719
1382;5892;7274
372;1379;1751
5973;9021;14994
3497;1521;5018
4167;8977;13144
3801;3252;7053
5759;8607;14366
2430;9313;11743
8635;4663;13298
4699;6795;11494
628;9964;10592
6175;7788;13963
6962;3905;10867
7397;6989;14386
4362;6460;10822
1766;9715;11481
240;5877;6117
6565;6141;12706
4013;5117;9130
6964;8832;15796
2724;2010;4734
9855;5436;15291
279;4756;5035
8290;5394;13684
9332;6426;15758
6906;5709;12615
6762;5858;12620
2716;14;2730
584;7808;8392
4374;8573;12947
1610;2695;4305
4655;9697;14352
2090;9575;11665
3486;7933;11419
4690;338;5028
2428;3552;5980
2384;310;2694
4839;3734;8573
4850;3804;8654
2985;8133;11118
464;6802;7266
364;4992;5356
5895;5626;11521
2436;5745;8181
2880;7999;10879
5894;9700;15594
7421;5590;13011
9315;6434;15749
9032;5574;14606
4021;198;4219
9183;6726;15909
9978;8772;18750
1640;5673;7313
4740;9991;14731
808;6130;6938
1151;1886;3037
9593;6338;15931
9827;6648;16475
8568;1483;10051
5179;951;6130
7274;5886;13160
6092;3291;9383
4237;5069;9306
5280;3804;9084
1594;7291;8885
3352;4402;7754
643;7860;8503
5525;529;6054
2907;1959;4866
9982;9731;19713
7918;1064;8982
8503;1746;10249
5263;5755;11018
3616;1212;4828
602;8782;9384
1362;1807;3169
3881;5410;9291
882;9913;10795
3863;4002;7865
356;9765;10121
7090;2302;9392
9974;4287;14261
4418;2947;7365
7091;4181;11272
4198;6223;10421
8599;3200;11799
5027;8814;13841
9754;8744;18498
4106;1455;5561
1403;7750;9153
6686;3902;10588
6612;2898;9510
6814;6114;12928
4162;3869;8031
6413;7294;13707
7190;4829;12019
383;2787;3170
2672;1124;3796
3263;3712;6975
2563;6757;9320
4440;1307;5747
4222;5270;9492
3765;7168;10933
2953;2443;5396
7997;727;8724
8003;1217;9220
5842;2337;8179
5398;3504;8902
1543;5684;7227
6014;3703;9717
3496;6665;10161
5740;4398;10138
113;9758;9871
4612;5913;10525
8977;3705;12682
6667;5422;12089
7545;9967;17512
4930;4268;9198
8841;1981;10822
6010;2440;8450
4521;124;4645
6892;1259;8151
2760;8908;11668
6759;8977;15736
8380;6407;14787
619;3451;4070
9437;4335;13772
1962;9164;11126
3276;5817;9093
8406;176;8582
3382;3325;6707
2971;6090;9061
1984;5495;7479
5759;7691;13450
2856;4523;7379
586;6757;7343
7091;8546;15637
4197;4483;8680
5312;5312;10624
4261;4073;8334
3290;8755;12045
3403;9793;13196
6030;1417;7447
5533;7957;13490
1625;7407;9032
1348;538;1886
1777;171;1948
7605;1403;9008
2215;8679;10894
1041;1002;2043
2720;2643;5363
2231;2464;4695
428;1060;1488
4698;9560;14258
5375;1779;7154
7811;9435;17246
1542;9085;10627
9092;273;9365
5892;3948;9840
6020;4614;10634
9094;9615;18709
9779;306;10085
753;25;778
7688;3388;11076
3977;3406;7383
6345;1403;7748
8948;8025;16973
5058;5583;10641
6398;1595;7993
4046;9665;13711
3353;3054;6407
6212;1327;7539
9096;966;10062
5123;7559;12682
3073;5294;8367
1655;6839;8494
8082;5205;13287
8070;4156;12226
170;2110;2280
4732;6928;11660
5494;8018;13512
9107;7570;16677
914;9482;10396
9618;9407;19025
8253;3083;11336
8557;7465;16022
7383;8448;15831
1521;9126;10647
987;4497;5484
311;9641;9952
8911;9344;18255
4802;2780;7582
8753;4962;13715
5941;4553;10494
9679;7817;17496
7735;7050;14785
9542;4550;14092
6971;9696;16667
5062;2675;7737
1208;8562;9770
5925;307;6232
5037;9136;14173
7257;5936;13193
4061;7802;11863
9436;4308;13744
7044;6591;13635
4335;1321;5656
6001;5553;11554
1044;775;1819
6000;6952;12952
1264;5375;6639
415;9365;9780
5237;4427;9664
3512;5924;9436
7764;88;7852
1879;7534;9413
5910;8160;14070
8422;6592;15014
1544;8348;9892
711;1355;2066
7842;7703;15545
7521;4756;12277
9544;5699;15243
4029;3851;7880
1157;8269;9426
7799;1220;9019
5926;3258;9184
3434;7785;11219
662;2372;3034
4411;253;4664
9582;918;10500
6045;31;6076
4962;8964;13926
1763;5345;7108
3236;6657;9893
938;7705;8643
8145;1229;9374
2686;7939;10625
4273;3285;7558
7926;4663;12589
8527;1952;10479
5300;2027;7327
3418;4167;7585
1411;2922;4333
4931;4144;9075
6569;4862;11431
7866;3932;11798
6631;7834;14465
1319;8713;10032
8288;8793;17081
5676;8927;14603
9664;2264;11928
658;5790;6448
8909;6218;15127
3425;4991;8416
6339;8219;14558
7563;4010;11573
3295;9636;12931
3487;1747;5234
5554;4029;9583
3811;8556;12367
540;7696;8236
993;4299;5292
5397;633;6030
1554;7727;9281
1895;8470;10365
9267;7863;17130
2804;1575;4379
5276;6607;11883
4961;9869;14830
6816;1974;8790
8446;9286;17732
6999;2540;9539
5961;5098;11059
8051;5895;13946
9937;6571;16508
3569;9706;13275
2781;6535;9316
9211;2478;11689
6360;6193;12553
4846;3578;8424
5864;2749;8613
6122;6613;12735
9007;6733;15740
9985;6515;16500
7621;7677;15298
1664;9888;11552
5490;6337;11827
6419;3155;9574
7166;7662;14828
6579;4471;11050
3782;3128;6910
4954;801;5755
5395;4836;10231
2514;6384;8898
9608;108;9716
2331;2002;4333
9283;1545;10828
5302;9367;14669
926;1084;2010
1915;4745;6660
8870;7195;16065
886;6846;7732
7364;5299;12663
9835;3978;13813
8542;8867;17409
4076;2972;7048
634;3333;3967
826;3404;4230
2781;801;3582
4619;6241;10860
4407;6299;10706
2419;980;3399
9608;2950;12558
4196;2254;6450
5586;6555;12141
5754;1691;7445
423;1625;2048
8004;2777;10781
7005;6385;13390
5244;1640;6884
5763;5161;10924
2051;6403;8454
7142;8825;15967
111;3857;3968
869;9545;10414
5922;825;6747
1030;6301;7331
225;8363;8588
6521;7909;14430
6991;2509;9500
8126;2397;10523
5539;1340;6879
5930;3168;9098
7445;782;8227
7969;2341;10310
6921;7864;14785
4398;9386;13784
1826;7352;9178
6804;4563;11367
2203;5468;7671
7079;4956;12035
3837;1328;5165
6314;2394;8708
8756;1972;10728
4410;5267;9677
9957;666;10623
9376;7941;17317
45;1856;1901
4300;8053;12353
4943;2712;7655
4252;4464;8716
2216;6402;8618
5787;9576;15363
6700;2683;9383
6839;2396;9235
2452;9679;12131
1840;7315;9155
5738;954;6692
2852;7012;9864
5964;5738;11702
7040;9989;17029
7047;5317;12364
9741;9512;19253
2424;3456;5880
1224;2437;3661
7125;1485;8610
6601;8839;15440
8923;4307;13230
2958;6899;9857
6594;8507;15101
6720;3688;10408
2524;6860;9384
7214;6287;13501
801;1389;2190
1002;7077;8079
3731;5588;9319
3711;2752;6463
4638;2970;7608
7428;3573;11001
157;3892;4049
4693;4853;9546
7603;4714;12317
7573;7937;15510
6290;517;6807
3679;9319;12998
9837;659;10496
4768;9271;14039
1498;4890;6388
4729;3172;7901
4509;3154;7663
5547;2094;7641
1183;7479;8662
9104;9693;18797
9151;1069;10220
2134;3946;6080
4342;9053;13395
3669;2140;5809
3135;7780;10915
8287;9638;17925
1831;710;2541
7904;110;8014
5641;4984;10625
178;2370;2548
910;5899;6809
2138;2457;4595
3321;5303;8624
8296;4778;13074
4557;7919;12476
4883;450;5333
98;6480;6578
2118;8347;10465
6174;2239;8413
4311;4576;8887
2700;9308;12008
4071;7782;11853
9490;8834;18324
96;4130;4226
1651;6938;8589
4747;9522;14269
8682;7432;16114
7522;6959;14481
3839;7884;11723
4098;9868;13966
382;6448;6830
7471;3129;10600
1965;7112;9077
887;7018;7905
6303;9270;15573
6939;423;7362
9206;3078;12284
9924;5642;15566
4518;3417;7935
9295;3936;13231
263;8210;8473
3466;8900;12366
8204;2688;10892
2458;1766;4224
9868;1900;11768
9775;7505;17280
3898;4853;8751
8742;5945;14687
2161;3016;5177
2227;2194;4421
4593;2943;7536
1178;1851;3029
4914;6317;11231
5634;7204;12838
8393;1063;9456
8278;1394;9672
6896;1094;7990
5630;8333;13963
6423;7368;13791
401;7990;8391
7033;1934;8967
2877;1267;4144
7595;4903;12498
1753;6166;7919
8540;2822;11362
1271;5675;6946
4454;8382;12836
739;5234;5973
7591;603;8194
6893;5339;12232
1978;9901;11879
9974;8268;18242
6377;8282;14659
2528;5212;7740
7529;3213;10742
2322;1688;4010
7424;9082;16506
4946;5046;9992
9063;3254;12317
3091;7499;10590
427;1445;1872
4200;7005;11205
649;904;1553
7219;1172;8391
2879;633;3512
9540;4373;13913
3475;8592;12067
8772;2943;11715
7663;4482;12145
9430;3888;13318
9452;7202;16654
7925;5788;13713
1246;7565;8811
8502;8853;17355
5872;889;6761
6913;9210;16123
7453;6872;14325
5313;5869;11182
9093;6103;15196
6384;7819;14203
7290;7303;14593
9602;4787;14389
6777;7086;13863
6303;421;6724
3733;9532;13265
3847;6917;10764
9332;5143;14475
9061;4766;13827
7459;5969;13428
6017;5241;11258
8494;3641;12135
2985;1756;4741
6674;83;6757
1236;242;1478
7259;7783;15042
9788;8894;18682
9208;5011;14219
2630;8848;11478
7991;1288;9279
3404;6026;9430
6101;5266;11367
6946;3504;10450
83;8980;9063
3729;2352;6081
4645;1861;6506
1270;9414;10684
2753;2072;4825
8257;3459;11716
8084;7712;15796
1297;4282;5579
9642;8692;18334
5590;6122;11712
2763;5420;8183
5344;5922;11266
3887;4607;8494
8217;7964;16181
2799;8532;11331
6332;7808;14140
50;9098;9148
7584;951;8535
5562;7379;12941
717;271;988
7673;9232;16905
5035;1339;6374
2141;9203;11344
3439;4799;8238
4877;9615;14492
4085;7432;11517
8810;778;9588
1784;1817;3601
5658;7624;13282
5840;151;5991
800;2179;2979
49;8199;8248
6530;3186;9716
2950;7060;10010
4928;8944;13872
3267;5719;8986
9077;1636;10713
129;4447;4576
7917;6351;14268
5947;973;6920
8885;1823;10708
4439;4842;9281
9462;5173;14635
1520;2027;3547
957;6989;7946
3328;6281;9609
1400;1829;3229
4087;7266;11353
4072;7221;11293
6235;1292;7527
4998;9709;14707
2068;9150;11218
5541;3330;8871
3383;6495;9878
8961;765;9726
65;6257;6322
5062;1373;6435
6838;6401;13239
8955;9182;18137
3956;3288;7244
4695;5456;10151
9794;2848;12642
9306;4329;13635
9385;3815;13200
5653;8256;13909
6791;9601;16392
7284;7518;14802
965;8931;9896
5355;7718;13073
8403;9170;17573
194;3546;3740
3535;2335;5870
9656;3171;12827
1451;8426;9877
1481;930;2411
2009;2766;4775
6764;4634;11398
3914;8137;12051
5640;4538;10178
1917;6490;8407
6643;8009;14652
506;9750;10256
8231;5771;14002
9583;22;9605
9675;4332;14007
9522;5298;14820
3045;6829;9874
7905;8451;16356
7442;996;8438
6358;6644;13002
5703;2631;8334
637;5771;6408
9497;6201;15698
1440;9486;10926
4953;3833;8786
7479;3587;11066
3423;7032;10455
6629;2896;9525
4988;2469;7457
5553;1730;7283
1063;4391;5454
7410;5390;12800
2369;9832;12201
5110;6599;11709
3171;1669;4840
8180;9955;18135
1504;1105;2609
6053;7905;13958
212;2777;2989
9583;8072;17655
2598;8826;11424
1139;1811;2950
3097;1550;4647
6761;5173;11934
6558;3596;10154
4291;1801;6092
4921;875;5796
1325;3682;5007
2989;6705;9694
8283;917;9200
2807;9017;11824
9021;8338;17359
3943;1657;5600
7720;2605;10325
5277;6270;11547
4128;9704;13832
5308;1659;6967
5297;2294;7591
1741;2253;3994
2217;4522;6739
6329;105;6434
1805;2221;4026
8122;178;8300
9235;7763;16998
3762;3647;7409
9844;5185;15029
422;8053;8475
2247;5309;7556
3356;3718;7074
494;8843;9337
2060;3512;5572
296;5757;6053
2439;8696;11135
4393;3169;7562
4773;8606;13379
6806;3961;10767
4515;992;5507
3219;510;3729
8137;5153;13290
6524;7367;13891
6502;6507;13009
7075;7045;14120
2163;1450;3613
8300;2151;10451
8719;3369;12088
2848;8183;11031
5077;4872;9949
145;8149;8294
140;1867;2007
8721;7741;16462
2642;1174;3816
7038;9684;16722
4607;3264;7871
8019;6962;14981
30;96;126
9636;8512;18148
5731;1259;6990
5914;5724;11638
9450;5718;15168
5328;1287;6615
3915;6461;10376
6351;9191;15542
9822;5232;15054
1913;5467;7380
5408;4726;10134
4857;9143;14000
6731;2031;8762
3637;173;3810
6229;5138;11367
6234;9045;15279
3776;4010;7786
1150;2462;3612
5209;6656;11865
9812;7285;17097
2153;5109;7262
3541;2277;5818
7934;3564;11498
688;6990;7678
8292;3471;11763
2483;9590;12073
9;7303;7312
7405;7142;14547
5624;9358;14982
5096;7425;12521
2669;291;2960
6952;4800;11752
7635;5392;13027
1278;184;1462
2241;5247;7488
3303;1736;5039
8771;765;9536
1187;1245;2432
2732;1961;4693
6304;6600;12904
9528;3539;13067
276;1130;1406
9593;638;10231
6457;5373;11830
3143;4009;7152
7323;2139;9462
2191;8859;11050
1063;5664;6727
89;4168;4257
2897;967;3864
1703;2049;3752
8848;1791;10639
8357;1741;10098
3498;1490;4988
4307;8431;12738
8210;5414;13624
6240;6358;12598
2075;4982;7057
4996;330;5326
3906;3629;7535
5243;7998;13241
9249;11;9260
155;3098;3253
631;4247;4878
4539;6194;10733
2669;5159;7828
1166;1119;2285
3531;654;4185
3738;2942;6680
4644;2020;6664
1851;6475;8326
3193;8835;12028
98;5129;5227
4478;4657;9135
5116;1185;6301
4422;1998;6420
1412;7676;9088
362;7506;7868
1149;3888;5037
11;8489;8500
1189;7307;8496
7320;1855;9175
972;9529;10501
3553;8927;12480
8601;971;9572
1890;784;2674
3892;7377;11269
5910;7222;13132
3544;465;4009
7628;4258;11886
7419;861;8280
5080;6630;11710
9894;7769;17663
9662;9949;19611
5123;3376;8499
1511;6884;8395
5027;8742;13769
3852;6211;10063
3134;5887;9021
4189;7798;11987
3004;242;3246
47;2222;2269
6296;4023;10319
1121;8058;9179
3615;146;3761
8208;7458;15666
1984;3446;5430
6933;7452;14385
6448;7094;13542
3668;6601;10269
9036;4206;13242
3200;5559;8759
2077;7992;10069
9473;2811;12284
989;9879;10868
7666;8995;16661
320;3134;3454
9392;6586;15978
5353;9189;14542
2363;595;2958
5477;2067;7544
791;8770;9561
5556;5379;10935
7039;2536;9575
5792;461;6253
6332;7765;14097
2782;1473;4255
1366;4814;6180
4056;9101;13157
7833;3022;10855
8858;4038;12896
5379;4716;10095
2845;7704;10549
4125;1195;5320
3543;237;3780
5843;7215;13058
2162;8240;10402
1262;7997;9259
6335;1790;8125
1632;361;1993
2416;1870;4286
9928;6907;16835
9677;4790;14467
6100;441;6541
5317;2095;7412
7748;3100;10848
6209;8960;15169
3364;232;3596
9053;6012;15065
5521;2017;7538
694;2910;3604
8557;7937;16494
315;2760;3075
4600;4792;9392
1155;7344;8499
4266;3661;7927
6862;5332;12194
8499;227;8726
1273;6454;7727
4939;6648;11587
9291;1403;10694
9719;4780;14499
4357;2655;7012
450;4013;4463
5401;7312;12713
5264;9438;14702
5677;5137;10814
4033;7824;11857
6093;1412;7505
2942;5397;8339
5417;496;5913
512;6140;6652
8327;772;9099
4897;7701;12598
3336;7118;10454
1815;4953;6768
6698;1018;7716
8657;6389;15046
3498;8990;12488
1542;2350;3892
1716;5770;7486
5871;3073;8944
8640;2374;11014
2592;8787;11379
8679;843;9522
5473;9754;15227
1064;2162;3226
9013;3570;12583
5924;4141;10065
8209;44;8253
825;6442;7267
534;3334;3868
8864;7726;16590
7298;8061;15359
7803;5685;13488
6012;2889;8901
7495;8265;15760
5194;3694;8888
1320;4239;5559
4845;7341;12186
2292;6185;8477
1964;2865;4829
8683;1192;9875
6723;9107;15830
546;8033;8579
7461;7539;15000
7316;1196;8512
4025;4075;8100
8612;8025;16637
1625;9250;10875
9738;1870;11608
5604;6927;12531
8162;802;8964
8919;4938;13857
3926;2158;6084
4056;7218;11274
444;4540;4984
334;6805;7139
5361;6654;12015
8643;8082;16725
4365;8850;13215
9153;3041;12194
9868;8854;18722
6794;6827;13621
9769;1838;11607
6370;1890;8260
1691;1806;3497
7252;3033;10285
280;9846;10126
6055;4530;10585
7688;6087;13775
1700;2333;4033
6159;2757;8916
6645;2904;9549
1808;8250;10058
7761;3079;10840
8030;9065;17095
152;1617;1769
4616;2981;7597
9108;8317;17425
6901;1925;8826
6478;6763;13241
4426;7371;11797
2625;9790;12415
4430;4321;8751
8004;4888;12892
5563;467;6030
9887;3468;13355
8393;17;8410
56;6448;6504
6746;1998;8744
2307;4589;6896
7278;6354;13632
2948;314;3262
3605;792;4397
8561;5251;13812
7451;2536;9987
6512;7511;14023
8668;7829;16497
9935;8859;18794
2418;7338;9756
489;1651;2140
9961;8824;18785
7204;3960;11164
3732;2738;6470
5284;6231;11515
644;497;1141
9656;1197;10853
7780;486;8266
5931;3390;9321
9292;4288;13580
4720;850;5570
1042;6955;7997
5588;8224;13812
9732;8200;17932
3197;264;3461
3352;7469;10821
5826;6829;12655
1754;8360;10114
6635;8293;14928
5003;1551;6554
9530;9353;18883
3573;8774;12347
6449;1349;7798
8417;5204;13621
2802;7939;10741
3320;8755;12075
9178;4126;13304
294;572;866
8300;5000;13300
8099;5662;13761
1929;9560;11489
6712;568;7280
2984;6013;8997
4740;1750;6490
3703;7846;11549
1588;4033;5621
4801;3577;8378
5744;3083;8827
7853;3534;11387
7769;8956;16725
8490;1918;10408
2591;736;3327
2662;3359;6021
7359;3899;11258
9367;5537;14904
4383;8923;13306
2112;9583;11695
6932;4758;11690
4756;1213;5969
7715;9879;17594
6999;1836;8835
3924;3970;7894
4362;9194;13556
1133;1938;3071
9396;7050;16446
8138;5199;13337
7906;1921;9827
9056;7384;16440
6915;2803;9718
8100;7029;15129
9873;2398;12271
4802;3739;8541
3745;11;3756
3724;1127;4851
3276;7929;11205
354;9232;9586
6640;3669;10309
3582;8784;12366
9696;9888;19584
1092;4509;5601
2985;6790;9775
4817;7527;12344
2566;2799;5365
3110;7664;10774
3774;9204;12978
7210;3231;10441
4915;3250;8165
6829;9018;15847
4462;716;5178
710;7774;8484
9366;2502;11868
7524;4046;11570
8972;4665;13637
8867;1034;9901
9101;8927;18028
6696;8713;15409
7493;3371;10864
5042;2804;7846
6876;9671;16547
8551;1529;10080
4726;223;4949
5588;1013;6601
9779;7855;17634
6358;4876;11234
1062;5212;6274
881;302;1183
6769;466;7235
748;4522;5270
3600;7159;10759
2831;3185;6016
1951;3294;5245
2821;4090;6911
163;5019;5182
5870;3942;9812
9339;7019;16358
8886;5575;14461
1530;6854;8384
212;2052;2264
1288;7701;8989
3507;6871;10378
233;7598;7831
6828;9520;16348
3914;9632;13546
541;3839;4380
4196;3993;8189
857;7661;8518
9515;1349;10864
776;3583;4359
6734;5879;12613
4375;8448;12823
9771;2750;12521
2596;101;2697
5157;8714;13871
1119;7479;8598
7432;6101;13533
3187;2302;5489
2402;1544;3946
816;2990;3806
6787;8587;15374
6319;9687;16006
8122;4554;12676
6927;8438;15365
7554;4707;12261
5431;9011;14442
8901;8285;17186
8131;4832;12963
4807;9565;14372
1814;3984;5798
32;4907;4939
6258;7191;13449
341;172;513
6605;9250;15855
7599;9777;17376
9358;623;9981
4187;5531;9718
6316;2652;8968
3587;7882;11469
1643;2758;4401
1603;6931;8534
5632;4879;10511
7717;2887;10604
2436;8315;10751
6490;797;7287
8207;4344;12551
7542;5840;13382
651;7436;8087
2558;7777;10335
1302;3417;4719
3997;5394;9391
4033;1408;5441
1853;6289;8142
67;4363;4430
5770;5744;11514
4255;9319;13574
9520;3028;12548
953;4708;5661
919;582;1501
9498;863;10361
8390;9639;18029
7445;2813;10258
7877;6986;14863
7317;7763;15080
8962;2804;11766
8278;6857;15135
4688;2776;7464
1887;7982;9869
5140;3944;9084
5666;8911;14577
5152;3031;8183
652;559;1211
6989;9538;16527
6189;443;6632
304;462;766
3132;8197;11329
9418;6365;15783
2094;8545;10639
6125;5465;11590
4435;7703;12138
3416;2234;5650
2026;5180;7206
3553;1711;5264
928;9134;10062
332;4168;4500
8229;5577;13806
1826;2889;4715
3011;9214;12225
7002;735;7737
1459;3141;4600
2948;5222;8170
1944;2715;4659
9892;6298;16190
1443;3736;5179
5933;7094;13027
6989;6289;13278
2496;6059;8555
523;6469;6992
7457;8312;15769
8582;473;9055
9904;5853;15757
3498;343;3841
5313;4110;9423
6321;4663;10984
1245;7738;8983
8507;3204;11711
2208;924;3132
6433;1175;7608
2192;8042;10234
2567;759;3326
5823;8994;14817
6068;5726;11794
1836;9482;11318
6516;3828;10344
6177;1213;7390
5348;9715;15063
5052;573;5625
5574;9413;14987
3521;4122;7643
3451;9799;13250
3410;5840;9250
4499;3093;7592
1002;2446;3448
864;1695;2559
4091;7416;11507
9151;9666;18817
1469;9433;10902
431;1996;2427
1638;4558;6196
7826;8881;16707
6438;2573;9011
3978;4131;8109
5050;4269;9319
6062;7831;13893
4070;3888;7958
6889;8275;15164
8791;8133;16924
8006;3734;11740
5538;2698;8236
5146;2129;7275
9286;2847;12133
8825;295;9120
2701;8826;11527
9530;4083;13613
4026;9212;13238
1839;44;1883
1587;3451;5038
4807;689;5496
2686;2782;5468
4515;2871;7386
7719;3031;10750
438;3563;4001
2930;4850;7780
2143;5586;7729
3380;7332;10712
278;2962;3240
7112;4758;11870
2852;2509;5361
6017;2631;8648
8201;207;8408
6572;8694;15266
5021;6504;11525
9976;2591;12567
5926;9312;15238
2275;9530;11805
3913;4846;8759
8723;5061;13784
5418;2336;7754
6826;4372;11198
8124;3567;11691
5421;9053;14474
1978;3014;4992
7655;8198;15853
1003;1675;2678
1399;4897;6296
1688;2385;4073
1193;6160;7353
2052;2361;4413
577;6278;6855
3441;7961;11402
9503;8538;18041
849;5273;6122
9702;1202;10904
7693;7495;15188
7591;8721;16312
7286;2559;9845
7188;9221;16409
8312;359;8671
4193;2488;6681
7943;2985;10928
5617;8598;14215
3423;3278;6701
7398;5052;12450
6621;4052;10673
7755;8873;16628
5996;3221;9217
8566;8936;17502
6941;6095;13036
8340;4568;12908
5577;1053;6630
1860;7986;9846
4456;8284;12740
5972;7279;13251
663;2931;3594
7288;2250;9538
5242;9193;14435
4483;3349;7832
6765;2266;9031
246;9558;9804
4149;2063;6212
1534;725;2259
2595;5270;7865
6615;2124;8739
3871;5559;9430
9782;6579;16361
5805;2655;8460
2928;4694;7622
4921;3949;8870
2296;4714;7010
6437;3224;9661
5685;922;6607
8095;9852;17947
7545;8869;16414
6133;3060;9193
4995;2443;7438
7989;8642;16631
7691;6245;13936
2180;4242;6422
6708;2328;9036
1519;5574;7093
277;4664;4941
2838;3887;6725
2536;3320;5856
291;6708;6999
7084;3330;10414
8756;6148;14904
6812;5326;12138
5223;9501;14724
8665;4140;12805
8341;8437;16778
3395;8813;12208
8667;1878;10545
4393;3239;7632
1114;2793;3907
3331;3922;7253
4135;100;4235
4808;1071;5879
2925;5333;8258
2286;9232;11518
6284;1552;7836
2892;3303;6195
48;9015;9063
2435;4465;6900
2997;7526;10523
3079;7583;10662
8228;1283;9511
5295;3374;8669
4924;6817;11741
6246;5709;11955
8622;1341;9963
8769;2122;10891
3535;6099;9634
8507;8313;16820
5636;3727;9363
1395;7298;8693
6820;9228;16048
3467;9012;12479
6694;8227;14921
9697;5501;15198
2560;8706;11266
161;5987;6148
7076;1894;8970
3017;110;3127
3462;420;3882
1435;7198;8633
1593;5722;7315
7824;9348;17172
1262;2968;4230
4544;1387;5931
2799;2176;4975
762;1131;1893
3814;177;3991
9462;6677;16139
5306;960;6266
4626;5019;9645
6721;8524;15245
2198;5838;8036
7093;8402;15495
3951;3925;7876
4905;1840;6745
4511;4662;9173
9346;2906;12252
7417;2469;9886
1086;1951;3037
6685;7229;13914
8833;9977;18810
6517;1154;7671
6056;9125;15181
9152;7906;17058
9097;4403;13500
3737;4995;8732
631;4409;5040
4430;5690;10120
9937;6181;16118
1973;6702;8675
6253;8467;14720
9061;8804;17865
5302;7891;13193
4570;4421;8991
380;6985;7365
7180;9616;16796
4553;9327;13880
7087;190;7277
6976;9256;16232
798;135;933
3990;8747;12737
8225;8030;16255
8100;9421;17521
272;6380;6652
3849;3075;6924
6316;1070;7386
2456;7209;9665
7878;136;8014
9623;9159;18782
2959;6956;9915
7175;9568;16743
9526;6660;16186
375;7424;7799
3440;4779;8219
4886;1005;5891
9487;4519;14006
4156;8209;12365
1294;7562;8856
9979;1702;11681
8370;2431;10801
751;4755;5506
183;8455;8638
1034;3347;4381
5233;7846;13079
1330;9504;10834
178;1371;1549
1283;3345;4628
3818;1905;5723
8254;3054;11308
7261;5858;13119
5336;9619;14955
5948;9700;15648
3355;1291;4646
6130;3458;9588
1710;8993;10703
3426;6368;9794
6078;6369;12447
5592;3276;8868
5195;3786;8981
8332;3026;11358
2732;7476;10208
5355;5996;11351
364;1379;1743
3214;6142;9356
6120;4668;10788
8081;308;8389
9243;4009;13252
7822;3098;10920
9118;5777;14895
7506;8674;16180
9625;304;9929
535;3063;3598
4561;5952;10513
9668;2676;12344
2229;5515;7744
965;1846;2811
6424;154;6578
9494;1153;10647
9669;8343;18012
6654;4259;10913
4621;4654;9275
1294;2672;3966
3859;6334;10193
4519;2064;6583
1464;8459;9923
1667;7831;9498
2280;9941;12221
7958;746;8704
7457;3647;11104
4342;7553;11895
8488;1298;9786
5252;7186;12438
5442;2040;7482
111;6605;6716
2894;4798;7692
357;4530;4887
1408;3132;4540
950;5310;6260
8290;6797;15087
2775;8642;11417
6790;5828;12618
1463;7788;9251
4381;5189;9570
7843;3332;11175
7142;7273;14415
3141;1891;5032
3251;8589;11840
2472;1909;4381
4142;1829;5971
1970;9758;11728
4320;1424;5744
7692;3953;11645
7067;3217;10284
6841;3069;9910
2148;5854;8002
4154;1017;5171
3561;5674;9235
9617;8292;17909
1332;1297;2629
4472;7998;12470
7247;4604;11851
1789;4509;6298
9113;3534;12647
2454;2557;5011
991;3055;4046
7610;763;8373
597;2522;3119
9560;7739;17299
9989;9875;19864
6527;444;6971
2944;4094;7038
1824;5600;7424
2071;6297;8368
2226;5837;8063
8061;3832;11893
6376;7763;14139
4507;8276;12783
4820;7143;11963
4084;5259;9343
2783;9968;12751
2583;4182;6765
9009;2721;11730
8522;9917;18439
1012;16;1028
5423;9800;15223
6145;6705;12850
5399;1968;7367
8899;867;9766
8107;51;8158
9745;5684;15429
4867;8217;13084
2955;7474;10429
4980;9178;14158
4850;3809;8659
2339;2763;5102
7577;4540;12117
5521;6203;11724
8419;4982;13401
1902;3215;5117
1960;1500;3460
2182;2784;4966
8705;9578;18283
1984;9948;11932
5131;8295;13426
3458;4238;7696
2930;2434;5364
4697;9296;13993
4821;1089;5910
2150;7053;9203
690;3052;3742
2812;240;3052
9779;7203;16982
5878;9966;15844
4712;2296;7008
2596;423;3019
935;2168;3103
1488;1537;3025
9170;6061;15231
340;9054;9394
1158;5916;7074
2965;156;3121
9117;5888;15005
616;2329;2945
2313;6897;9210
7658;8453;16111
316;6772;7088
4480;8571;13051
754;4137;4891
351;4352;4703
2930;923;3853
3713;838;4551
4461;974;5435
4753;5061;9814
6488;9965;16453
9927;2665;12592
5526;7813;13339
5955;7114;13069
9219;6534;15753
9763;7755;17518
4190;3565;7755
5980;2319;8299
1922;8171;10093
5453;3434;8887
5548;5768;11316
7933;9382;17315
5143;1471;6614
4967;117;5084
8809;9664;18473
3479;7503;10982
5661;7427;13088
3237;971;4208
278;9510;9788
2379;2980;5359
726;682;1408
8054;2748;10802
7311;5031;12342
385;6672;7057
6045;9899;15944
4479;1688;6167
3781;8475;12256
8645;4846;13491
8619;9702;18321
6312;6027;12339
628;2985;3613
9161;9752;18913
2432;4887;7319
7068;4706;11774
7119;3969;11088
8574;2836;11410
8289;7170;15459
1645;9278;10923
9556;3960;13516
756;6816;7572
4502;7587;12089
1087;7724;8811
8292;1347;9639
4957;1698;6655
7049;5532;12581
5216;520;5736
7382;199;7581
1646;7804;9450
3306;242;3548
1990;9959;11949
8422;9780;18202
5827;1205;7032
6912;98;7010
3299;6351;9650
2153;9127;11280
6768;5154;11922
8374;9506;17880
3512;2282;5794
5902;5936;11838
4256;5729;9985
152;9157;9309
5304;5213;10517
5593;1047;6640
4271;3567;7838
5154;6954;12108
2435;9830;12265
6367;1289;7656
5836;2454;8290
1482;3656;5138
7492;2641;10133
8922;5715;14637
5558;46;5604
4127;8114;12241
6855;4812;11667
6509;4238;10747
9189;2741;11930
5355;8863;14218
8794;5894;14688
361;1295;1656
4830;2662;7492
2135;3995;6130
960;226;1186
7929;7921;15850
8305;3580;11885
9804;653;10457
6611;4832;11443
9231;4646;13877
1631;2253;3884
1659;3611;5270
5207;1498;6705
9304;3294;12598
9581;2360;11941
9329;4978;14307
3627;7084;10711
6973;105;7078
5100;4447;9547
5803;3896;9699
7904;7227;15131
8486;4233;12719
9629;683;10312
2917;8924;11841
4702;9543;14245
2529;6903;9432
7402;6846;14248
4638;8075;12713
4001;4871;8872
2368;4266;6634
3392;3211;6603
5131;3534;8665
341;1602;1943
3054;1384;4438
5150;1659;6809
1311;2802;4113
8383;4855;13238
2295;7677;9972
1990;3593;5583
5833;7493;13326
1341;684;2025
4093;15;4108
6763;8841;15604
9863;7041;16904
8197;4967;13164
2125;9044;11169
4674;5156;9830
2089;2033;4122
2842;6611;9453
6105;9214;15319
9580;4871;14451
671;1927;2598
2194;6269;8463
5158;6921;12079
1070;3725;4795
8019;5992;14011
3553;9203;12756
4632;5701;10333
1376;5116;6492
6256;2941;9197
4728;6680;11408
3615;1943;5558
5468;7807;13275
8928;5244;14172
7535;4838;12373
1442;8349;9791
3230;7150;10380
9210;7336;16546
5305;4245;9550
2535;6551;9086
4464;6954;11418
5896;5031;10927
587;6584;7171
4339;4782;9121
4312;1836;6148
390;4271;4661
9210;229;9439
3156;7806;10962
439;2154;2593
5472;7986;13458
9289;5711;15000
7831;4921;12752
2364;9419;11783
9867;2271;12138
5343;4075;9418
1287;6284;7571
213;6391;6604
2800;7860;10660
8589;5468;14057
3931;452;4383
8502;6225;14727
3238;7823;11061
7671;6022;13693
6641;7625;14266
8666;2530;11196
1279;6973;8252
3342;1681;5023
8152;9338;17490
7651;6072;13723
6605;6976;13581
730;5390;6120
1807;6630;8437
8944;7147;16091
2314;5740;8054
3599;9227;12826
9777;2719;12496
1597;8640;10237
7703;8164;15867
2655;9436;12091
7517;2631;10148
8416;6757;15173
1349;5776;7125
5924;4784;10708
679;9384;10063
8812;8650;17462
5922;3326;9248
8684;6336;15020
9797;7834;17631
9408;7019;16427
4252;4402;8654
4562;8174;12736
8482;8119;16601
7348;6912;14260
8796;2323;11119
3751;7364;11115
5937;3451;9388
8056;3659;11715
3104;7264;10368
8568;2297;10865
8213;1488;9701
8792;787;9579
4056;9764;13820
4728;9173;13901
4300;796;5096
7257;7945;15202
7893;847;8740
8739;2896;11635
2758;9375;12133
1382;8866;10248
5679;1825;7504
289;2426;2715
810;726;1536
2420;4519;6939
7631;3110;10741
741;6837;7578
1499;457;1956
9153;4923;14076
621;6164;6785
8668;1671;10339
6622;2583;9205
3524;5039;8563
3234;6225;9459
3507;7055;10562
7498;6903;14401
6058;8318;14376
6019;7593;13612
72;5921;5993
1139;890;2029
4669;5222;9891
2943;5363;8306
2836;3910;6746
5581;7291;12872
2155;5095;7250
40;6789;6829
5558;2085;7643
3616;602;4218
6832;1965;8797
7420;1721;9141
391;1114;1505
6309;9791;16100
6062;9824;15886
1495;5942;7437
1696;4113;5809
2510;7278;9788
3702;8407;12109
6599;305;6904
3713;3842;7555
8900;5532;14432
7489;7772;15261
1094;6246;7340
9607;4286;13893
9290;8892;18182
2710;5490;8200
3660;7914;11574
3255;263;3518
2242;4748;6990
7217;4324;11541
6946;9158;16104
1105;606;1711
8039;2565;10604
9037;1975;11012
2385;2164;4549
5708;2906;8614
178;4567;4745
1844;424;2268
335;6554;6889
4562;7341;11903
8730;5573;14303
3434;3691;7125
4584;6799;11383
7515;2438;9953
2030;6211;8241
4928;4357;9285
5080;7454;12534
3008;2245;5253
1957;3;1960
2686;2133;4819
960;2324;3284
4127;6042;10169
9719;7973;17692
504;8310;8814
6572;2270;8842
440;6671;7111
7447;9054;16501
4656;2970;7626
4017;3828;7845
2448;3402;5850
4546;8689;13235
8830;6503;15333
4593;7496;12089
9355;5714;15069
4685;4869;9554
5321;2175;7496
6814;2096;8910
5009;91;5100
1943;413;2356
8825;7355;16180
2055;4976;7031
1140;7879;9019
6081;2898;8979
5986;1013;6999
3846;4134;7980
659;7385;8044
6735;9864;16599
3445;9437;12882
2819;6769;9588
1968;6922;8890
1403;2518;3921
3950;7053;11003
5766;8080;13846
1869;7527;9396
3929;1224;5153
5028;9960;14988
4526;8160;12686
3293;8952;12245
6042;3831;9873
8343;4224;12567
8517;543;9060
5756;4850;10606
5314;2607;7921
7770;9251;17021
4428;9414;13842
4255;6488;10743
6206;1361;7567
6246;4754;11000
3168;971;4139
6302;5524;11826
208;5322;5530
8795;1454;10249
9141;4333;13474
2535;6894;9429
9952;2804;12756
2126;9634;11760
2534;6585;9119
5208;7667;12875
3908;9639;13547
3783;7071;10854
2734;300;3034
4293;438;4731
6680;5442;12122
8254;8029;16283
3784;2210;5994
8089;1849;9938
4560;794;5354
5926;8640;14566
5233;7051;12284
4895;6596;11491
8733;8203;16936
6302;5686;11988
8906;9955;18861
9194;7566;16760
3459;1050;4509
939;8794;9733
3023;4778;7801
2645;393;3038
471;8288;8759
6319;1979;8298
2949;9878;12827
2367;2569;4936
3750;4949;8699
3843;2467;6310
8567;1589;10156
5380;1838;7218
226;884;1110
5138;9928;15066
4334;6612;10946
960;2964;3924
1186;7185;8371
3527;3405;6932
7645;9723;17368
